       Value   Percentile   TotalCount 1/(1-Percentile)

      74.000     0.000000            1         1.00
     123.000     0.100000        69526         1.11
     136.000     0.200000       139212         1.25
     144.000     0.300000       206077         1.43
     158.000     0.400000       273451         1.67
     176.000     0.500000       338302         2.00
     209.000     0.550000       371983         2.22
     420.000     0.600000       405996         2.50
     443.000     0.650000       440534         2.86
     458.000     0.700000       474439         3.33
     468.000     0.750000       507911         4.00
     472.000     0.775000       526093         4.44
     475.000     0.800000       542549         5.00
     478.000     0.825000       560926         5.71
     481.000     0.850000       579648         6.67
     483.000     0.875000       591607         8.00
     485.000     0.887500       602725         8.89
     487.000     0.900000       612735        10.00
     488.000     0.912500       617159        11.43
     491.000     0.925000       628662        13.33
     493.000     0.937500       634803        16.00
     495.000     0.943750       639924        17.78
     497.000     0.950000       643857        20.00
     499.000     0.956250       647188        22.86
     502.000     0.962500       651123        26.67
     507.000     0.968750       655820        32.00
     509.000     0.971875       657311        35.56
     512.000     0.975000       659441        40.00
     516.000     0.978125       661766        45.71
     520.000     0.981250       663803        53.33
     524.000     0.984375       665599        64.00
     527.000     0.985938       666700        71.11
     531.000     0.987500       667910        80.00
     535.000     0.989062       668826        91.43
     541.000     0.990625       669924       106.67
     547.000     0.992188       670872       128.00
     551.000     0.992969       671454       142.22
     555.000     0.993750       671970       160.00
     560.000     0.994531       672513       182.86
     566.000     0.995313       673020       213.33
     574.000     0.996094       673484       256.00
     580.000     0.996484       673778       284.44
     586.000     0.996875       674028       320.00
     593.000     0.997266       674276       365.71
     601.000     0.997656       674547       426.67
     610.000     0.998047       674804       512.00
     615.000     0.998242       674937       568.89
     622.000     0.998437       675081       640.00
     630.000     0.998633       675199       731.43
     641.000     0.998828       675334       853.33
     670.000     0.999023       675465      1024.00
     697.000     0.999121       675528      1137.78
     758.000     0.999219       675595      1280.00
     788.000     0.999316       675664      1462.86
     825.000     0.999414       675727      1706.67
     911.000     0.999512       675793      2048.00
     930.000     0.999561       675827      2275.56
     939.000     0.999609       675861      2560.00
     948.000     0.999658       675895      2925.71
     958.000     0.999707       675929      3413.33
     967.000     0.999756       675957      4096.00
     975.000     0.999780       675975      4551.11
     986.000     0.999805       675992      5120.00
     999.000     0.999829       676007      5851.43
    1019.000     0.999854       676023      6826.67
    1036.000     0.999878       676040      8192.00
    1041.000     0.999890       676048      9102.22
    1047.000     0.999902       676056     10240.00
    1059.000     0.999915       676065     11702.86
    1078.000     0.999927       676073     13653.33
    1117.000     0.999939       676081     16384.00
    1123.000     0.999945       676085     18204.44
    1132.000     0.999951       676089     20480.00
    1176.000     0.999957       676094     23405.71
    1236.000     0.999963       676098     27306.67
    1267.000     0.999969       676102     32768.00
    1295.000     0.999973       676104     36408.89
    1348.000     0.999976       676106     40960.00
    1416.000     0.999979       676108     46811.43
    1445.000     0.999982       676110     54613.33
    1480.000     0.999985       676112     65536.00
    1494.000     0.999986       676113     72817.78
    1497.000     0.999988       676114     81920.00
    1552.000     0.999989       676115     93622.86
    1553.000     0.999991       676116    109226.67
    1565.000     0.999992       676117    131072.00
    1613.000     0.999993       676118    145635.56
    1613.000     0.999994       676118    163840.00
    1617.000     0.999995       676119    187245.71
    1617.000     0.999995       676119    218453.33
    1621.000     0.999996       676120    262144.00
    1621.000     0.999997       676120    291271.11
    1621.000     0.999997       676120    327680.00
    1626.000     0.999997       676121    374491.43
    1626.000     0.999998       676121    436906.67
    1626.000     0.999998       676121    524288.00
    1626.000     0.999998       676121    582542.22
    1626.000     0.999998       676121    655360.00
    1676.000     0.999999       676122    748982.86
    1676.000     1.000000       676122          inf
#[Mean    =      286.706, StdDeviation   =      163.155]
#[Max     =     1676.000, Total count    =       676122]
#[Buckets =            1, SubBuckets     =         2048]
