       Value   Percentile   TotalCount 1/(1-Percentile)

     103.000     0.000000            1         1.00
     892.000     0.100000       144981         1.11
    4407.000     0.200000       289952         1.25
    7991.000     0.300000       434726         1.43
   13303.000     0.400000       579731         1.67
   23679.000     0.500000       724534         2.00
   29231.000     0.550000       797024         2.22
   36703.000     0.600000       869480         2.50
   47327.000     0.650000       941990         2.86
   59295.000     0.700000      1014460         3.33
   76159.000     0.750000      1086785         4.00
   87551.000     0.775000      1123052         4.44
   99711.000     0.800000      1159424         5.00
  113727.000     0.825000      1195513         5.71
  127423.000     0.850000      1231779         6.67
  141055.000     0.875000      1268128         8.00
  147711.000     0.887500      1286313         8.89
  154367.000     0.900000      1304205        10.00
  161407.000     0.912500      1322392        11.43
  168703.000     0.925000      1340487        13.33
  177151.000     0.937500      1358677        16.00
  182143.000     0.943750      1367678        17.78
  187519.000     0.950000      1376577        20.00
  193535.000     0.956250      1385682        22.86
  200063.000     0.962500      1394706        26.67
  206591.000     0.968750      1403836        32.00
  210047.000     0.971875      1408269        35.56
  213631.000     0.975000      1412908        40.00
  217599.000     0.978125      1417446        45.71
  221951.000     0.981250      1421891        53.33
  227199.000     0.984375      1426406        64.00
  230399.000     0.985938      1428639        71.11
  234111.000     0.987500      1430920        80.00
  238591.000     0.989062      1433207        91.43
  243967.000     0.990625      1435446       106.67
  250623.000     0.992188      1437697       128.00
  254463.000     0.992969      1438836       142.22
  258431.000     0.993750      1439984       160.00
  262655.000     0.994531      1441097       182.86
  267263.000     0.995313      1442263       213.33
  272383.000     0.996094      1443382       256.00
  274687.000     0.996484      1443920       284.44
  277759.000     0.996875      1444502       320.00
  281087.000     0.997266      1445054       365.71
  284415.000     0.997656      1445650       426.67
  287487.000     0.998047      1446206       512.00
  289279.000     0.998242      1446486       568.89
  291071.000     0.998437      1446754       640.00
  293375.000     0.998633      1447061       731.43
  295679.000     0.998828      1447313       853.33
  299519.000     0.999023      1447594      1024.00
  302591.000     0.999121      1447743      1137.78
  304383.000     0.999219      1447875      1280.00
  307455.000     0.999316      1448025      1462.86
  310271.000     0.999414      1448161      1706.67
  313855.000     0.999512      1448311      2048.00
  316159.000     0.999561      1448378      2275.56
  318975.000     0.999609      1448445      2560.00
  322303.000     0.999658      1448514      2925.71
  324863.000     0.999707      1448588      3413.33
  328191.000     0.999756      1448658      4096.00
  329983.000     0.999780      1448688      4551.11
  332031.000     0.999805      1448724      5120.00
  334335.000     0.999829      1448763      5851.43
  336895.000     0.999854      1448797      6826.67
  339199.000     0.999878      1448830      8192.00
  340991.000     0.999890      1448850      9102.22
  343039.000     0.999902      1448865     10240.00
  344319.000     0.999915      1448883     11702.86
  346111.000     0.999927      1448900     13653.33
  348159.000     0.999939      1448918     16384.00
  349439.000     0.999945      1448930     18204.44
  350719.000     0.999951      1448936     20480.00
  352255.000     0.999957      1448945     23405.71
  353791.000     0.999963      1448953     27306.67
  356607.000     0.999969      1448962     32768.00
  358399.000     0.999973      1448968     36408.89
  358911.000     0.999976      1448972     40960.00
  360191.000     0.999979      1448978     46811.43
  360959.000     0.999982      1448983     54613.33
  361983.000     0.999985      1448984     65536.00
  364031.000     0.999986      1448988     72817.78
  364287.000     0.999988      1448989     81920.00
  365823.000     0.999989      1448992     93622.86
  366079.000     0.999991      1448993    109226.67
  367615.000     0.999992      1448995    131072.00
  370943.000     0.999993      1448997    145635.56
  371199.000     0.999994      1448998    163840.00
  371455.000     0.999995      1449000    187245.71
  371455.000     0.999995      1449000    218453.33
  375039.000     0.999996      1449001    262144.00
  378367.000     0.999997      1449002    291271.11
  378367.000     0.999997      1449002    327680.00
  379903.000     0.999997      1449003    374491.43
  379903.000     0.999998      1449003    436906.67
  381439.000     0.999998      1449005    524288.00
  381439.000     0.999998      1449005    582542.22
  381439.000     0.999998      1449005    655360.00
  381439.000     0.999999      1449005    748982.86
  381439.000     0.999999      1449005    873813.33
  381439.000     0.999999      1449005   1048576.00
  381439.000     0.999999      1449005   1165084.44
  381439.000     0.999999      1449005   1310720.00
  387839.000     0.999999      1449006   1497965.71
  387839.000     1.000000      1449006          inf
#[Mean    =    51462.839, StdDeviation   =    62531.603]
#[Max     =   387839.000, Total count    =      1449006]
#[Buckets =            9, SubBuckets     =         2048]
