       Value   Percentile   TotalCount 1/(1-Percentile)

      62.000     0.000000            1         1.00
      88.000     0.100000       138162         1.11
      94.000     0.200000       292418         1.25
      98.000     0.300000       398197         1.43
     104.000     0.400000       539167         1.67
     111.000     0.500000       675389         2.00
     115.000     0.550000       738858         2.22
     120.000     0.600000       805852         2.50
     125.000     0.650000       862254         2.86
     134.000     0.700000       927986         3.33
     157.000     0.750000       995429         4.00
     169.000     0.775000      1029294         4.44
     181.000     0.800000      1063291         5.00
     193.000     0.825000      1095382         5.71
     212.000     0.850000      1127192         6.67
     238.000     0.875000      1160023         8.00
     249.000     0.887500      1176685         8.89
     258.000     0.900000      1194848        10.00
     265.000     0.912500      1211372        11.43
     272.000     0.925000      1227470        13.33
     280.000     0.937500      1244523        16.00
     284.000     0.943750      1252059        17.78
     289.000     0.950000      1261123        20.00
     293.000     0.956250      1267687        22.86
     299.000     0.962500      1276471        26.67
     305.000     0.968750      1284365        32.00
     309.000     0.971875      1289029        35.56
     313.000     0.975000      1293234        40.00
     317.000     0.978125      1297180        45.71
     322.000     0.981250      1301367        53.33
     327.000     0.984375      1305040        64.00
     331.000     0.985938      1307558        71.11
     334.000     0.987500      1309280        80.00
     338.000     0.989062      1311235        91.43
     343.000     0.990625      1313476       106.67
     348.000     0.992188      1315396       128.00
     351.000     0.992969      1316415       142.22
     354.000     0.993750      1317383       160.00
     358.000     0.994531      1318486       182.86
     363.000     0.995313      1319618       213.33
     368.000     0.996094      1320605       256.00
     371.000     0.996484      1321128       284.44
     374.000     0.996875      1321607       320.00
     377.000     0.997266      1322016       365.71
     382.000     0.997656      1322647       426.67
     386.000     0.998047      1323067       512.00
     389.000     0.998242      1323347       568.89
     392.000     0.998437      1323589       640.00
     395.000     0.998633      1323838       731.43
     399.000     0.998828      1324091       853.33
     404.000     0.999023      1324346      1024.00
     407.000     0.999121      1324473      1137.78
     410.000     0.999219      1324606      1280.00
     414.000     0.999316      1324750      1462.86
     418.000     0.999414      1324860      1706.67
     424.000     0.999512      1324996      2048.00
     428.000     0.999561      1325069      2275.56
     432.000     0.999609      1325132      2560.00
     436.000     0.999658      1325183      2925.71
     442.000     0.999707      1325251      3413.33
     451.000     0.999756      1325316      4096.00
     455.000     0.999780      1325355      4551.11
     459.000     0.999805      1325378      5120.00
     467.000     0.999829      1325409      5851.43
     483.000     0.999854      1325441      6826.67
     569.000     0.999878      1325475      8192.00
     605.000     0.999890      1325490      9102.22
     633.000     0.999902      1325507     10240.00
     660.000     0.999915      1325522     11702.86
     695.000     0.999927      1325538     13653.33
     760.000     0.999939      1325555     16384.00
     837.000     0.999945      1325564     18204.44
     930.000     0.999951      1325571     20480.00
     976.000     0.999957      1325579     23405.71
     997.000     0.999963      1325587     27306.67
    1030.000     0.999969      1325595     32768.00
    1038.000     0.999973      1325599     36408.89
    1080.000     0.999976      1325603     40960.00
    1092.000     0.999979      1325607     46811.43
    1203.000     0.999982      1325611     54613.33
    1237.000     0.999985      1325615     65536.00
    1333.000     0.999986      1325617     72817.78
    1424.000     0.999988      1325619     81920.00
    1443.000     0.999989      1325621     93622.86
    1820.000     0.999991      1325623    109226.67
    1888.000     0.999992      1325625    131072.00
    1944.000     0.999993      1325626    145635.56
    1976.000     0.999994      1325627    163840.00
    2061.000     0.999995      1325628    187245.71
    2111.000     0.999995      1325629    218453.33
    2113.000     0.999996      1325630    262144.00
    2131.000     0.999997      1325632    291271.11
    2131.000     0.999997      1325632    327680.00
    2131.000     0.999997      1325632    374491.43
    2131.000     0.999998      1325632    436906.67
    2457.000     0.999998      1325633    524288.00
    2457.000     0.999998      1325633    582542.22
    2457.000     0.999998      1325633    655360.00
    3673.000     0.999999      1325634    748982.86
    3673.000     0.999999      1325634    873813.33
    3673.000     0.999999      1325634   1048576.00
    3673.000     0.999999      1325634   1165084.44
    3673.000     0.999999      1325634   1310720.00
   13135.000     0.999999      1325635   1497965.71
   13135.000     1.000000      1325635          inf
#[Mean    =      138.954, StdDeviation   =       67.442]
#[Max     =    13135.000, Total count    =      1325635]
#[Buckets =            4, SubBuckets     =         2048]
