       Value   Percentile   TotalCount 1/(1-Percentile)

     113.000     0.000000            1         1.00
     609.000     0.100000       914312         1.11
     877.000     0.200000      1828045         1.25
    1196.000     0.300000      2740091         1.43
    1568.000     0.400000      3653901         1.67
    1939.000     0.500000      4565511         2.00
    2121.000     0.550000      5022008         2.22
    2315.000     0.600000      5478960         2.50
    2545.000     0.650000      5937645         2.86
    2835.000     0.700000      6392610         3.33
    3209.000     0.750000      6849314         4.00
    3439.000     0.775000      7075966         4.44
    3713.000     0.800000      7305020         5.00
    4041.000     0.825000      7533198         5.71
    4451.000     0.850000      7762436         6.67
    4983.000     0.875000      7989654         8.00
    5323.000     0.887500      8103816         8.89
    5727.000     0.900000      8217125        10.00
    6223.000     0.912500      8331695        11.43
    6847.000     0.925000      8445528        13.33
    7659.000     0.937500      8559719        16.00
    8175.000     0.943750      8616722        17.78
    8815.000     0.950000      8673608        20.00
    9615.000     0.956250      8731003        22.86
   10599.000     0.962500      8787737        26.67
   11951.000     0.968750      8844774        32.00
   12871.000     0.971875      8873428        35.56
   13999.000     0.975000      8901934        40.00
   15535.000     0.978125      8930455        45.71
   17871.000     0.981250      8958987        53.33
   21823.000     0.984375      8987411        64.00
   25375.000     0.985938      9001661        71.11
   30671.000     0.987500      9015923        80.00
   37311.000     0.989062      9030230        91.43
   45695.000     0.990625      9044483       106.67
   56031.000     0.992188      9058719       128.00
   63295.000     0.992969      9065859       142.22
   71231.000     0.993750      9072990       160.00
   80703.000     0.994531      9080123       182.86
   90495.000     0.995313      9087261       213.33
  104895.000     0.996094      9094380       256.00
  115263.000     0.996484      9097943       284.44
  127743.000     0.996875      9101513       320.00
  142463.000     0.997266      9105076       365.71
  160511.000     0.997656      9108648       426.67
  184447.000     0.998047      9112211       512.00
  199551.000     0.998242      9113992       568.89
  218111.000     0.998437      9115779       640.00
  241535.000     0.998633      9117558       731.43
  264959.000     0.998828      9119354       853.33
  302335.000     0.999023      9121132      1024.00
  325887.000     0.999121      9122016      1137.78
  346623.000     0.999219      9122925      1280.00
  363263.000     0.999316      9123818      1462.86
  386815.000     0.999414      9124693      1706.67
  411647.000     0.999512      9125581      2048.00
  425471.000     0.999561      9126038      2275.56
  439551.000     0.999609      9126475      2560.00
  471807.000     0.999658      9126918      2925.71
  519679.000     0.999707      9127366      3413.33
  581631.000     0.999756      9127811      4096.00
  594943.000     0.999780      9128043      4551.11
  620031.000     0.999805      9128261      5120.00
  652799.000     0.999829      9128481      5851.43
  703999.000     0.999854      9128701      6826.67
  744959.000     0.999878      9128926      8192.00
  765951.000     0.999890      9129038      9102.22
  799231.000     0.999902      9129148     10240.00
  811519.000     0.999915      9129259     11702.86
  845823.000     0.999927      9129370     13653.33
  961535.000     0.999939      9129485     16384.00
  964607.000     0.999945      9129539     18204.44
 1028095.000     0.999951      9129605     20480.00
 1078271.000     0.999957      9129648     23405.71
 1203199.000     0.999963      9129717     27306.67
 1227775.000     0.999969      9129768     32768.00
 1228799.000     0.999973      9129812     36408.89
 1229823.000     0.999976      9129840     40960.00
 1230847.000     0.999979      9129848     46811.43
 1286143.000     0.999982      9129876     54613.33
 1299455.000     0.999985      9129900     65536.00
 1327103.000     0.999986      9129914     72817.78
 1330175.000     0.999988      9129932     81920.00
 1332223.000     0.999989      9129945     93622.86
 1405951.000     0.999991      9129962    109226.67
 1407999.000     0.999992      9129971    131072.00
 1412095.000     0.999993      9129976    145635.56
 1464319.000     0.999994      9129983    163840.00
 1572863.000     0.999995      9129998    187245.71
 1572863.000     0.999995      9129998    218453.33
 1573887.000     0.999996      9130019    262144.00
 1573887.000     0.999997      9130019    291271.11
 1573887.000     0.999997      9130019    327680.00
 1573887.000     0.999997      9130019    374491.43
 1573887.000     0.999998      9130019    436906.67
 1574911.000     0.999998      9130029    524288.00
 1574911.000     0.999998      9130029    582542.22
 1574911.000     0.999998      9130029    655360.00
 1574911.000     0.999999      9130029    748982.86
 1574911.000     0.999999      9130029    873813.33
 1575935.000     0.999999      9130030   1048576.00
 1694719.000     0.999999      9130031   1165084.44
 1777663.000     0.999999      9130032   1310720.00
 1777663.000     0.999999      9130032   1497965.71
 1813503.000     0.999999      9130034   1747626.67
 1813503.000     1.000000      9130034   2097152.00
 1973247.000     1.000000      9130035   2330168.89
 1973247.000     1.000000      9130035   2621440.00
 1973247.000     1.000000      9130035   2995931.43
 1974271.000     1.000000      9130037   3495253.33
 1974271.000     1.000000      9130037   4194304.00
 1974271.000     1.000000      9130037   4660337.78
 1974271.000     1.000000      9130037   5242880.00
 1974271.000     1.000000      9130037   5991862.86
 1974271.000     1.000000      9130037   6990506.67
 1974271.000     1.000000      9130037   8388608.00
 2094079.000     1.000000      9130038   9320675.55
 2094079.000     1.000000      9130038          inf
#[Mean    =     4126.259, StdDeviation   =    20602.686]
#[Max     =  2094079.000, Total count    =      9130038]
#[Buckets =           11, SubBuckets     =         2048]
