       Value   Percentile   TotalCount 1/(1-Percentile)

      59.000     0.000000            6         1.00
      68.000     0.100000       291185         1.11
      70.000     0.200000       523889         1.25
      72.000     0.300000       760267         1.43
      74.000     0.400000      1056391         1.67
      75.000     0.500000      1173762         2.00
      77.000     0.550000      1343017         2.22
      78.000     0.600000      1427960         2.50
      79.000     0.650000      1510132         2.86
      81.000     0.700000      1636773         3.33
      84.000     0.750000      1745892         4.00
      87.000     0.775000      1822887         4.44
      89.000     0.800000      1870140         5.00
      92.000     0.825000      1934341         5.71
      94.000     0.850000      1981106         6.67
      96.000     0.875000      2046552         8.00
      97.000     0.887500      2084940         8.89
      98.000     0.900000      2123704        10.00
      98.000     0.912500      2123704        11.43
      99.000     0.925000      2158989        13.33
     100.000     0.937500      2186847        16.00
     101.000     0.943750      2206918        17.78
     101.000     0.950000      2206918        20.00
     103.000     0.956250      2228236        22.86
     105.000     0.962500      2236718        26.67
     111.000     0.968750      2250856        32.00
     116.000     0.971875      2257833        35.56
     121.000     0.975000      2265872        40.00
     123.000     0.978125      2275884        45.71
     124.000     0.981250      2285637        53.33
     125.000     0.984375      2296855        64.00
     125.000     0.985938      2296855        71.11
     125.000     0.987500      2296855        80.00
     125.000     0.989062      2296855        91.43
     126.000     0.990625      2306266       106.67
     126.000     0.992188      2306266       128.00
     126.000     0.992969      2306266       142.22
     127.000     0.993750      2312517       160.00
     127.000     0.994531      2312517       182.86
     127.000     0.995313      2312517       213.33
     128.000     0.996094      2316027       256.00
     128.000     0.996484      2316027       284.44
     128.000     0.996875      2316027       320.00
     128.000     0.997266      2316027       365.71
     129.000     0.997656      2317726       426.67
     129.000     0.998047      2317726       512.00
     130.000     0.998242      2318735       568.89
     130.000     0.998437      2318735       640.00
     131.000     0.998633      2319328       731.43
     132.000     0.998828      2319752       853.33
     133.000     0.999023      2320066      1024.00
     133.000     0.999121      2320066      1137.78
     134.000     0.999219      2320343      1280.00
     135.000     0.999316      2320548      1462.86
     136.000     0.999414      2320724      1706.67
     138.000     0.999512      2321044      2048.00
     138.000     0.999561      2321044      2275.56
     139.000     0.999609      2321173      2560.00
     140.000     0.999658      2321308      2925.71
     141.000     0.999707      2321427      3413.33
     142.000     0.999756      2321529      4096.00
     143.000     0.999780      2321604      4551.11
     144.000     0.999805      2321680      5120.00
     144.000     0.999829      2321680      5851.43
     145.000     0.999854      2321761      6826.67
     146.000     0.999878      2321817      8192.00
     146.000     0.999890      2321817      9102.22
     147.000     0.999902      2321878     10240.00
     147.000     0.999915      2321878     11702.86
     148.000     0.999927      2321903     13653.33
     149.000     0.999939      2321933     16384.00
     150.000     0.999945      2321953     18204.44
     150.000     0.999951      2321953     20480.00
     152.000     0.999957      2321982     23405.71
     152.000     0.999963      2321982     27306.67
     154.000     0.999969      2321998     32768.00
     155.000     0.999973      2322000     36408.89
     158.000     0.999976      2322008     40960.00
     163.000     0.999979      2322015     46811.43
     171.000     0.999982      2322021     54613.33
     184.000     0.999985      2322028     65536.00
     203.000     0.999986      2322032     72817.78
     225.000     0.999988      2322035     81920.00
     245.000     0.999989      2322039     93622.86
     289.000     0.999991      2322042    109226.67
     472.000     0.999992      2322046    131072.00
     502.000     0.999993      2322048    145635.56
     575.000     0.999994      2322049    163840.00
     583.000     0.999995      2322051    187245.71
     585.000     0.999995      2322053    218453.33
     642.000     0.999996      2322055    262144.00
     651.000     0.999997      2322056    291271.11
     651.000     0.999997      2322056    327680.00
     678.000     0.999997      2322057    374491.43
     736.000     0.999998      2322058    436906.67
     756.000     0.999998      2322059    524288.00
     764.000     0.999998      2322060    582542.22
     764.000     0.999998      2322060    655360.00
     764.000     0.999999      2322060    748982.86
     866.000     0.999999      2322061    873813.33
     866.000     0.999999      2322061   1048576.00
     902.000     0.999999      2322062   1165084.44
     902.000     0.999999      2322062   1310720.00
     902.000     0.999999      2322062   1497965.71
     902.000     0.999999      2322062   1747626.67
     902.000     1.000000      2322062   2097152.00
    1900.000     1.000000      2322063   2330168.89
    1900.000     1.000000      2322063          inf
#[Mean    =       79.639, StdDeviation   =       12.853]
#[Max     =     1900.000, Total count    =      2322063]
#[Buckets =            1, SubBuckets     =         2048]
