       Value   Percentile   TotalCount 1/(1-Percentile)

     755.000     0.000000            1         1.00
    8791.000     0.100000       112951         1.11
    8919.000     0.200000       221814         1.25
    8991.000     0.300000       334716         1.43
    9047.000     0.400000       455546         1.67
    9095.000     0.500000       564931         2.00
    9119.000     0.550000       621269         2.22
    9143.000     0.600000       674073         2.50
    9167.000     0.650000       724299         2.86
    9191.000     0.700000       771697         3.33
    9223.000     0.750000       828473         4.00
    9239.000     0.775000       853096         4.44
    9263.000     0.800000       883921         5.00
    9287.000     0.825000       912219         5.71
    9311.000     0.850000       937515         6.67
    9343.000     0.875000       963287         8.00
    9367.000     0.887500       979071         8.89
    9391.000     0.900000       992352        10.00
    9415.000     0.912500      1004110        11.43
    9447.000     0.925000      1019980        13.33
    9479.000     0.937500      1031726        16.00
    9503.000     0.943750      1038715        17.78
    9527.000     0.950000      1044950        20.00
    9559.000     0.956250      1053037        22.86
    9591.000     0.962500      1058761        26.67
    9639.000     0.968750      1065382        32.00
    9671.000     0.971875      1069300        35.56
    9711.000     0.975000      1072532        40.00
    9791.000     0.978125      1075509        45.71
   10071.000     0.981250      1079009        53.33
   11319.000     0.984375      1082359        64.00
   11559.000     0.985938      1084094        71.11
   11687.000     0.987500      1085959        80.00
   11815.000     0.989062      1087554        91.43
   11911.000     0.990625      1089245       106.67
   12031.000     0.992188      1090985       128.00
   12071.000     0.992969      1091875       142.22
   12127.000     0.993750      1092700       160.00
   12175.000     0.994531      1093552       182.86
   12223.000     0.995313      1094512       213.33
   12279.000     0.996094      1095356       256.00
   12303.000     0.996484      1095757       284.44
   12327.000     0.996875      1096113       320.00
   12367.000     0.997266      1096642       365.71
   12391.000     0.997656      1097017       426.67
   12407.000     0.998047      1097430       512.00
   12415.000     0.998242      1097620       568.89
   12431.000     0.998437      1097875       640.00
   12447.000     0.998633      1098033       731.43
   12471.000     0.998828      1098256       853.33
   12495.000     0.999023      1098484      1024.00
   12519.000     0.999121      1098616      1137.78
   12527.000     0.999219      1098674      1280.00
   12559.000     0.999316      1098789      1462.86
   12583.000     0.999414      1098896      1706.67
   12615.000     0.999512      1099000      2048.00
   12663.000     0.999561      1099059      2275.56
   12687.000     0.999609      1099121      2560.00
   12703.000     0.999658      1099176      2925.71
   12831.000     0.999707      1099207      3413.33
   14207.000     0.999756      1099268      4096.00
   14223.000     0.999780      1099298      4551.11
   14247.000     0.999805      1099316      5120.00
   14311.000     0.999829      1099348      5851.43
   14327.000     0.999854      1099380      6826.67
   14407.000     0.999878      1099397      8192.00
   14439.000     0.999890      1099411      9102.22
   14447.000     0.999902      1099422     10240.00
   14463.000     0.999915      1099438     11702.86
   14471.000     0.999927      1099454     13653.33
   14487.000     0.999939      1099470     16384.00
   14487.000     0.999945      1099470     18204.44
   14495.000     0.999951      1099477     20480.00
   14551.000     0.999957      1099492     23405.71
   14551.000     0.999963      1099492     27306.67
   14567.000     0.999969      1099512     32768.00
   14567.000     0.999973      1099512     36408.89
   14567.000     0.999976      1099512     40960.00
   14567.000     0.999979      1099512     46811.43
   14567.000     0.999982      1099512     54613.33
   14575.000     0.999985      1099529     65536.00
   14575.000     1.000000      1099529          inf
#[Mean    =     9092.080, StdDeviation   =      552.091]
#[Max     =    14575.000, Total count    =      1099529]
#[Buckets =            4, SubBuckets     =         2048]
