       Value   Percentile   TotalCount 1/(1-Percentile)

     250.000     0.000000            1         1.00
    3661.000     0.100000       250333         1.11
    7575.000     0.200000       500458         1.25
   14695.000     0.300000       750545         1.43
   19727.000     0.400000      1001174         1.67
   23455.000     0.500000      1250934         2.00
   25215.000     0.550000      1377113         2.22
   26911.000     0.600000      1501122         2.50
   28831.000     0.650000      1626326         2.86
   31055.000     0.700000      1751348         3.33
   33887.000     0.750000      1877389         4.00
   35647.000     0.775000      1939641         4.44
   37887.000     0.800000      2001800         5.00
   40927.000     0.825000      2063951         5.71
   45663.000     0.850000      2126749         6.67
   52927.000     0.875000      2189274         8.00
   57791.000     0.887500      2220305         8.89
   63679.000     0.900000      2251665        10.00
   71039.000     0.912500      2282948        11.43
   80959.000     0.925000      2314271        13.33
   91135.000     0.937500      2345525        16.00
   96703.000     0.943750      2361058        17.78
  101887.000     0.950000      2376713        20.00
  106623.000     0.956250      2392302        22.86
  111551.000     0.962500      2407986        26.67
  117119.000     0.968750      2423665        32.00
  120511.000     0.971875      2431438        35.56
  124799.000     0.975000      2439211        40.00
  129279.000     0.978125      2447141        45.71
  133375.000     0.981250      2454975        53.33
  137215.000     0.984375      2462736        64.00
  139135.000     0.985938      2466563        71.11
  141183.000     0.987500      2470493        80.00
  143487.000     0.989062      2474439        91.43
  146047.000     0.990625      2478442       106.67
  148863.000     0.992188      2482226       128.00
  150527.000     0.992969      2484200       142.22
  152447.000     0.993750      2486130       160.00
  154751.000     0.994531      2488168       182.86
  157311.000     0.995313      2490099       213.33
  160127.000     0.996094      2492051       256.00
  161535.000     0.996484      2492965       284.44
  163327.000     0.996875      2493990       320.00
  164991.000     0.997266      2494958       365.71
  166783.000     0.997656      2495918       426.67
  168703.000     0.998047      2496884       512.00
  169727.000     0.998242      2497357       568.89
  170879.000     0.998437      2497856       640.00
  172159.000     0.998633      2498368       731.43
  173439.000     0.998828      2498845       853.33
  174847.000     0.999023      2499335      1024.00
  175615.000     0.999121      2499553      1137.78
  176639.000     0.999219      2499812      1280.00
  177535.000     0.999316      2500040      1462.86
  178687.000     0.999414      2500287      1706.67
  179967.000     0.999512      2500538      2048.00
  180607.000     0.999561      2500657      2275.56
  181503.000     0.999609      2500789      2560.00
  182271.000     0.999658      2500893      2925.71
  183295.000     0.999707      2501016      3413.33
  184575.000     0.999756      2501138      4096.00
  185215.000     0.999780      2501200      4551.11
  185983.000     0.999805      2501258      5120.00
  186879.000     0.999829      2501325      5851.43
  188031.000     0.999854      2501379      6826.67
  189311.000     0.999878      2501438      8192.00
  190079.000     0.999890      2501470      9102.22
  190975.000     0.999902      2501501     10240.00
  191999.000     0.999915      2501533     11702.86
  193023.000     0.999927      2501562     13653.33
  194303.000     0.999939      2501591     16384.00
  195071.000     0.999945      2501606     18204.44
  196095.000     0.999951      2501622     20480.00
  196863.000     0.999957      2501637     23405.71
  197759.000     0.999963      2501652     27306.67
  199039.000     0.999969      2501670     32768.00
  199807.000     0.999973      2501675     36408.89
  201087.000     0.999976      2501684     40960.00
  202495.000     0.999979      2501690     46811.43
  207615.000     0.999982      2501698     54613.33
  212735.000     0.999985      2501705     65536.00
  216831.000     0.999986      2501709     72817.78
  242687.000     0.999988      2501713     81920.00
  261247.000     0.999989      2501717     93622.86
  265215.000     0.999991      2501722    109226.67
  266495.000     0.999992      2501724    131072.00
  268543.000     0.999993      2501726    145635.56
  270079.000     0.999994      2501728    163840.00
  271359.000     0.999995      2501730    187245.71
  275711.000     0.999995      2501732    218453.33
  278271.000     0.999996      2501734    262144.00
  278783.000     0.999997      2501735    291271.11
  280063.000     0.999997      2501736    327680.00
  280575.000     0.999997      2501737    374491.43
  281087.000     0.999998      2501738    436906.67
  281343.000     0.999998      2501739    524288.00
  281343.000     0.999998      2501739    582542.22
  282111.000     0.999998      2501740    655360.00
  282111.000     0.999999      2501740    748982.86
  283135.000     0.999999      2501741    873813.33
  283135.000     0.999999      2501741   1048576.00
  283135.000     0.999999      2501741   1165084.44
  284159.000     0.999999      2501742   1310720.00
  284159.000     0.999999      2501742   1497965.71
  284159.000     0.999999      2501742   1747626.67
  284159.000     1.000000      2501742   2097152.00
  284159.000     1.000000      2501742   2330168.89
  285183.000     1.000000      2501743   2621440.00
  285183.000     1.000000      2501743          inf
#[Mean    =    29795.223, StdDeviation   =    29633.741]
#[Max     =   285183.000, Total count    =      2501743]
#[Buckets =            9, SubBuckets     =         2048]
