       Value   Percentile   TotalCount 1/(1-Percentile)

      83.000     0.000000            1         1.00
     433.000     0.100000       852113         1.11
     575.000     0.200000      1702959         1.25
     720.000     0.300000      2556261         1.43
     892.000     0.400000      3403513         1.67
    1124.000     0.500000      4254901         2.00
    1276.000     0.550000      4678445         2.22
    1459.000     0.600000      5104327         2.50
    1672.000     0.650000      5528780         2.86
    1924.000     0.700000      5954563         3.33
    2241.000     0.750000      6378840         4.00
    2441.000     0.775000      6592144         4.44
    2685.000     0.800000      6804879         5.00
    2995.000     0.825000      7016595         5.71
    3401.000     0.850000      7229556         6.67
    3945.000     0.875000      7441736         8.00
    4287.000     0.887500      7547959         8.89
    4695.000     0.900000      7654307        10.00
    5191.000     0.912500      7760540        11.43
    5815.000     0.925000      7867207        13.33
    6643.000     0.937500      7973009        16.00
    7175.000     0.943750      8026161        17.78
    7823.000     0.950000      8079238        20.00
    8639.000     0.956250      8132770        22.86
    9695.000     0.962500      8185651        26.67
   11215.000     0.968750      8238753        32.00
   12215.000     0.971875      8265346        35.56
   13535.000     0.975000      8291937        40.00
   15415.000     0.978125      8318440        45.71
   18351.000     0.981250      8344991        53.33
   24351.000     0.984375      8371562        64.00
   29887.000     0.985938      8384838        71.11
   37279.000     0.987500      8398147        80.00
   44415.000     0.989062      8411447        91.43
   55679.000     0.990625      8424722       106.67
   68863.000     0.992188      8437989       128.00
   78271.000     0.992969      8444658       142.22
   86399.000     0.993750      8451290       160.00
   99711.000     0.994531      8457927       182.86
  116671.000     0.995313      8464569       213.33
  136319.000     0.996094      8471221       256.00
  145023.000     0.996484      8474563       284.44
  156543.000     0.996875      8477858       320.00
  169343.000     0.997266      8481192       365.71
  186111.000     0.997656      8484500       426.67
  203391.000     0.998047      8487820       512.00
  213247.000     0.998242      8489481       568.89
  229503.000     0.998437      8491161       640.00
  239615.000     0.998633      8492805       731.43
  255487.000     0.998828      8494467       853.33
  281343.000     0.999023      8496136      1024.00
  290303.000     0.999121      8496964      1137.78
  305151.000     0.999219      8497809      1280.00
  320255.000     0.999316      8498628      1462.86
  329215.000     0.999414      8499467      1706.67
  355583.000     0.999512      8500278      2048.00
  375295.000     0.999561      8500694      2275.56
  396031.000     0.999609      8501108      2560.00
  412159.000     0.999658      8501528      2925.71
  454143.000     0.999707      8501939      3413.33
  479743.000     0.999756      8502352      4096.00
  491263.000     0.999780      8502562      4551.11
  533503.000     0.999805      8502782      5120.00
  573439.000     0.999829      8502982      5851.43
  627199.000     0.999854      8503197      6826.67
  648191.000     0.999878      8503393      8192.00
  657919.000     0.999890      8503495      9102.22
  674815.000     0.999902      8503603     10240.00
  718335.000     0.999915      8503706     11702.86
  722943.000     0.999927      8503811     13653.33
  741887.000     0.999939      8503916     16384.00
  758783.000     0.999945      8503965     18204.44
  849407.000     0.999951      8504015     20480.00
  878591.000     0.999957      8504065     23405.71
  880639.000     0.999963      8504125     27306.67
  954367.000     0.999969      8504172     32768.00
 1026047.000     0.999973      8504196     36408.89
 1058815.000     0.999976      8504242     40960.00
 1059839.000     0.999979      8504261     46811.43
 1060863.000     0.999982      8504279     54613.33
 1141759.000     0.999985      8504300     65536.00
 1179647.000     0.999986      8504312     72817.78
 1181695.000     0.999988      8504325     81920.00
 1249279.000     0.999989      8504339     93622.86
 1252351.000     0.999991      8504351    109226.67
 1262591.000     0.999992      8504364    131072.00
 1355775.000     0.999993      8504370    145635.56
 1356799.000     0.999994      8504377    163840.00
 1357823.000     0.999995      8504387    187245.71
 1358847.000     0.999995      8504402    218453.33
 1358847.000     0.999996      8504402    262144.00
 1358847.000     0.999997      8504402    291271.11
 1359871.000     0.999997      8504407    327680.00
 1359871.000     0.999997      8504407    374491.43
 1360895.000     0.999998      8504409    436906.67
 1371135.000     0.999998      8504414    524288.00
 1371135.000     0.999998      8504414    582542.22
 1389567.000     0.999998      8504421    655360.00
 1389567.000     0.999999      8504421    748982.86
 1389567.000     0.999999      8504421    873813.33
 1389567.000     0.999999      8504421   1048576.00
 1389567.000     0.999999      8504421   1165084.44
 1390591.000     0.999999      8504425   1310720.00
 1390591.000     0.999999      8504425   1497965.71
 1390591.000     0.999999      8504425   1747626.67
 1390591.000     1.000000      8504425   2097152.00
 1390591.000     1.000000      8504425   2330168.89
 1390591.000     1.000000      8504425   2621440.00
 1391615.000     1.000000      8504427   2995931.43
 1391615.000     1.000000      8504427   3495253.33
 1391615.000     1.000000      8504427   4194304.00
 1391615.000     1.000000      8504427   4660337.78
 1391615.000     1.000000      8504427   5242880.00
 1391615.000     1.000000      8504427   5991862.86
 1391615.000     1.000000      8504427   6990506.67
 1391615.000     1.000000      8504427   8388608.00
 1392639.000     1.000000      8504428   9320675.55
 1392639.000     1.000000      8504428          inf
#[Mean    =     3598.250, StdDeviation   =    19483.064]
#[Max     =  1392639.000, Total count    =      8504428]
#[Buckets =           11, SubBuckets     =         2048]
