       Value   Percentile   TotalCount 1/(1-Percentile)

      66.000     0.000000            1         1.00
     344.000     0.100000        89596         1.11
     803.000     0.200000       179219         1.25
   69119.000     0.300000       269002         1.43
   79359.000     0.400000       359184         1.67
   83647.000     0.500000       447951         2.00
   91967.000     0.550000       492781         2.22
   98239.000     0.600000       538274         2.50
  100095.000     0.650000       583558         2.86
  102207.000     0.700000       627936         3.33
  113791.000     0.750000       672041         4.00
  117183.000     0.775000       694707         4.44
  118463.000     0.800000       717222         5.00
  119423.000     0.825000       739428         5.71
  120383.000     0.850000       761859         6.67
  121535.000     0.875000       784484         8.00
  124415.000     0.900000       806376        10.00
  130687.000     0.912500       817579        11.43
  136319.000     0.925000       828833        13.33
  138495.000     0.937500       840501        16.00
  139263.000     0.943750       845629        17.78
  140159.000     0.950000       851597        20.00
  141055.000     0.956250       856867        22.86
  142591.000     0.962500       862569        26.67
  156415.000     0.968750       867917        32.00
  166015.000     0.971875       870706        35.56
  194559.000     0.975000       873499        40.00
  218495.000     0.978125       876343        45.71
  234623.000     0.981250       879109        53.33
  240511.000     0.984375       881933        64.00
  265983.000     0.987500       884709        80.00
  279295.000     0.989063       886107        91.43
  293375.000     0.990625       887496       106.67
  299263.000     0.992188       888926       128.00
  302591.000     0.993750       890347       160.00
  308223.000     0.994531       891000       182.86
  316415.000     0.995313       891746       213.33
  318207.000     0.996094       892422       256.00
  319231.000     0.996484       892792       284.44
  320255.000     0.996875       893151       320.00
  321535.000     0.997266       893490       365.71
  323071.000     0.997656       893828       426.67
  326399.000     0.998047       894148       512.00
  333567.000     0.998242       894325       568.89
  337407.000     0.998437       894508       640.00
  350463.000     0.998633       894671       731.43
  357119.000     0.998828       894846       853.33
  362239.000     0.999023       895028      1024.00
  369407.000     0.999121       895108      1137.78
  374783.000     0.999219       895196      1280.00
  377087.000     0.999316       895286      1462.86
  378623.000     0.999414       895380      1706.67
  379647.000     0.999512       895464      2048.00
  380159.000     0.999561       895502      2275.56
  380927.000     0.999609       895546      2560.00
  381951.000     0.999658       895592      2925.71
  383231.000     0.999707       895639      3413.33
  386815.000     0.999756       895679      4096.00
  394751.000     0.999805       895725      5120.00
  396031.000     0.999829       895744      5851.43
  397311.000     0.999854       895769      6826.67
  398335.000     0.999878       895787      8192.00
  400127.000     0.999902       895808     10240.00
  401151.000     0.999915       895820     11702.86
  402431.000     0.999927       895833     13653.33
  403199.000     0.999939       895841     16384.00
  405503.000     0.999951       895853     20480.00
  406015.000     0.999957       895860     23405.71
  406527.000     0.999963       895863     27306.67
  409087.000     0.999969       895870     32768.00
  409343.000     0.999973       895872     36408.89
  410111.000     0.999976       895874     40960.00
  411135.000     0.999979       895876     46811.43
  411647.000     0.999982       895881     54613.33
  411903.000     0.999985       895884     65536.00
  411903.000     0.999986       895884     72817.78
  412159.000     0.999988       895885     81920.00
  412415.000     0.999989       895886     93622.86
  412927.000     0.999991       895887    109226.67
  413439.000     0.999992       895889    131072.00
  413439.000     0.999993       895889    145635.56
  413951.000     0.999994       895890    163840.00
  414719.000     0.999995       895891    187245.71
  414719.000     0.999995       895891    218453.33
  414975.000     0.999996       895893    262144.00
  414975.000     0.999997       895893    291271.11
  414975.000     0.999997       895893    327680.00
  414975.000     0.999997       895893    374491.43
  414975.000     0.999998       895893    436906.67
  417023.000     0.999998       895894    524288.00
  417023.000     0.999998       895894    582542.22
  417023.000     0.999998       895894    655360.00
  417023.000     0.999999       895894    748982.86
  417023.000     0.999999       895894    873813.33
  417791.000     0.999999       895895   1048576.00
  417791.000     1.000000       895895          inf
#[Mean    =    80149.215, StdDeviation   =    54731.929]
#[Max     =   417791.000, Total count    =       895895]
#[Buckets =            9, SubBuckets     =         2048]
