       Value   Percentile   TotalCount 1/(1-Percentile)

     823.000     0.000000            1         1.00
    8887.000     0.100000       107571         1.11
    9127.000     0.200000       218069         1.25
    9231.000     0.300000       337462         1.43
    9271.000     0.400000       455118         1.67
    9295.000     0.500000       546991         2.00
    9311.000     0.550000       612781         2.22
    9319.000     0.600000       643998         2.50
    9335.000     0.650000       704942         2.86
    9351.000     0.700000       761550         3.33
    9367.000     0.750000       810534         4.00
    9375.000     0.775000       832536         4.44
    9391.000     0.800000       865678         5.00
    9407.000     0.825000       891949         5.71
    9423.000     0.850000       913671         6.67
    9447.000     0.875000       943182         8.00
    9463.000     0.887500       959699         8.89
    9471.000     0.900000       967167        10.00
    9487.000     0.912500       979500        11.43
    9511.000     0.925000       994046        13.33
    9543.000     0.937500      1005350        16.00
    9583.000     0.943750      1012070        17.78
    9663.000     0.950000      1019130        20.00
    9767.000     0.956250      1025585        22.86
   10047.000     0.962500      1032134        26.67
   11719.000     0.968750      1038896        32.00
   11895.000     0.971875      1042178        35.56
   12031.000     0.975000      1045708        40.00
   12159.000     0.978125      1048915        45.71
   12279.000     0.981250      1052229        53.33
   12391.000     0.984375      1055712        64.00
   12439.000     0.985938      1057341        71.11
   12487.000     0.987500      1059055        80.00
   12535.000     0.989062      1060855        91.43
   12575.000     0.990625      1062528       106.67
   12607.000     0.992188      1063981       128.00
   12631.000     0.992969      1064912       142.22
   12655.000     0.993750      1065866       160.00
   12671.000     0.994531      1066588       182.86
   12695.000     0.995313      1067468       213.33
   12719.000     0.996094      1068323       256.00
   12727.000     0.996484      1068614       284.44
   12743.000     0.996875      1069066       320.00
   12759.000     0.997266      1069505       365.71
   12775.000     0.997656      1069861       426.67
   12807.000     0.998047      1070296       512.00
   12831.000     0.998242      1070475       568.89
   12879.000     0.998437      1070661       640.00
   13223.000     0.998633      1070872       731.43
   13383.000     0.998828      1071091       853.33
   13679.000     0.999023      1071289      1024.00
   14575.000     0.999121      1071400      1137.78
   14791.000     0.999219      1071528      1280.00
   15743.000     0.999316      1071605      1462.86
   15767.000     0.999414      1071713      1706.67
   16831.000     0.999512      1071813      2048.00
   16943.000     0.999561      1071897      2275.56
   16959.000     0.999609      1071939      2560.00
   17071.000     0.999658      1071969      2925.71
   17263.000     0.999707      1072023      3413.33
   17311.000     0.999756      1072077      4096.00
   17503.000     0.999780      1072100      4551.11
   17679.000     0.999805      1072148      5120.00
   17855.000     0.999829      1072153      5851.43
   18495.000     0.999854      1072186      6826.67
   18527.000     0.999878      1072209      8192.00
   18543.000     0.999890      1072263      9102.22
   18543.000     0.999902      1072263     10240.00
   18543.000     0.999915      1072263     11702.86
   18543.000     0.999927      1072263     13653.33
   18559.000     0.999939      1072305     16384.00
   18559.000     0.999945      1072305     18204.44
   18559.000     0.999951      1072305     20480.00
   18559.000     0.999957      1072305     23405.71
   18559.000     0.999963      1072305     27306.67
   18559.000     0.999969      1072305     32768.00
   19071.000     0.999973      1072308     36408.89
   19135.000     0.999976      1072323     40960.00
   19135.000     0.999979      1072323     46811.43
   19135.000     0.999982      1072323     54613.33
   19135.000     0.999985      1072323     65536.00
   19135.000     0.999986      1072323     72817.78
   19135.000     0.999988      1072323     81920.00
   19183.000     0.999989      1072335     93622.86
   19183.000     1.000000      1072335          inf
#[Mean    =     9320.535, StdDeviation   =      703.721]
#[Max     =    19183.000, Total count    =      1072335]
#[Buckets =            5, SubBuckets     =         2048]
