       Value   Percentile   TotalCount 1/(1-Percentile)

     800.000     0.000000            1         1.00
   13599.000     0.100000        73375         1.11
   13671.000     0.200000       153104         1.25
   13719.000     0.300000       220005         1.43
   13767.000     0.400000       296640         1.67
   13807.000     0.500000       368298         2.00
   13831.000     0.550000       410995         2.22
   13847.000     0.600000       438731         2.50
   13871.000     0.650000       480576         2.86
   13887.000     0.700000       507175         3.33
   13911.000     0.750000       543440         4.00
   13927.000     0.775000       565302         4.44
   13943.000     0.800000       583985         5.00
   13959.000     0.825000       599908         5.71
   13983.000     0.850000       619222         6.67
   14007.000     0.875000       635808         8.00
   14023.000     0.887500       645390         8.89
   14039.000     0.900000       653751        10.00
   14055.000     0.912500       661360        11.43
   14079.000     0.925000       671261        13.33
   14103.000     0.937500       680707        16.00
   14111.000     0.943750       683781        17.78
   14127.000     0.950000       689597        20.00
   14143.000     0.956250       694714        22.86
   14151.000     0.962500       697318        26.67
   14167.000     0.968750       702148        32.00
   14175.000     0.971875       704380        35.56
   14183.000     0.975000       706725        40.00
   14199.000     0.978125       710438        45.71
   14207.000     0.981250       712186        53.33
   14215.000     0.984375       713754        64.00
   14223.000     0.985938       715014        71.11
   14231.000     0.987500       716026        80.00
   14239.000     0.989062       717214        91.43
   14247.000     0.990625       718138       106.67
   14255.000     0.992188       718977       128.00
   14263.000     0.992969       719886       142.22
   14271.000     0.993750       720658       160.00
   14271.000     0.994531       720658       182.86
   14279.000     0.995313       721285       213.33
   14287.000     0.996094       721864       256.00
   14295.000     0.996484       722363       284.44
   14295.000     0.996875       722363       320.00
   14303.000     0.997266       722688       365.71
   14311.000     0.997656       723069       426.67
   14311.000     0.998047       723069       512.00
   14319.000     0.998242       723306       568.89
   14327.000     0.998437       723574       640.00
   14327.000     0.998633       723574       731.43
   14335.000     0.998828       723784       853.33
   14335.000     0.999023       723784      1024.00
   14343.000     0.999121       723932      1137.78
   14343.000     0.999219       723932      1280.00
   14351.000     0.999316       724032      1462.86
   14359.000     0.999414       724091      1706.67
   14375.000     0.999512       724124      2048.00
   14399.000     0.999561       724167      2275.56
   14439.000     0.999609       724207      2560.00
   18511.000     0.999658       724227      2925.71
   19631.000     0.999707       724265      3413.33
   20415.000     0.999756       724298      4096.00
   21599.000     0.999780       724315      4551.11
   22143.000     0.999805       724333      5120.00
   23167.000     0.999829       724355      5851.43
   23647.000     0.999854       724369      6826.67
   24351.000     0.999878       724387      8192.00
   27215.000     0.999890       724395      9102.22
   27407.000     0.999902       724404     10240.00
   27487.000     0.999915       724413     11702.86
   27567.000     0.999927       724421     13653.33
   27647.000     0.999939       724431     16384.00
   27679.000     0.999945       724436     18204.44
   27695.000     0.999951       724439     20480.00
   27743.000     0.999957       724444     23405.71
   27759.000     0.999963       724449     27306.67
   27791.000     0.999969       724454     32768.00
   27807.000     0.999973       724456     36408.89
   27823.000     0.999976       724457     40960.00
   27839.000     0.999979       724459     46811.43
   27855.000     0.999982       724463     54613.33
   27855.000     0.999985       724463     65536.00
   27887.000     0.999986       724465     72817.78
   27903.000     0.999988       724466     81920.00
   27919.000     0.999989       724467     93622.86
   27935.000     0.999991       724468    109226.67
   27951.000     0.999992       724469    131072.00
   27967.000     0.999993       724470    145635.56
   27967.000     0.999994       724470    163840.00
   27983.000     0.999995       724471    187245.71
   27983.000     0.999995       724471    218453.33
   28015.000     0.999996       724472    262144.00
   28015.000     0.999997       724472    291271.11
   28015.000     0.999997       724472    327680.00
   28079.000     0.999997       724473    374491.43
   28079.000     0.999998       724473    436906.67
   28079.000     0.999998       724473    524288.00
   28079.000     0.999998       724473    582542.22
   28079.000     0.999998       724473    655360.00
   28111.000     0.999999       724474    748982.86
   28111.000     1.000000       724474          inf
#[Mean    =    13802.742, StdDeviation   =      392.060]
#[Max     =    28111.000, Total count    =       724474]
#[Buckets =            5, SubBuckets     =         2048]
