       Value   Percentile   TotalCount 1/(1-Percentile)

     247.000     0.000000            1         1.00
   21375.000     0.100000       236363         1.11
   24479.000     0.200000       471318         1.25
   26911.000     0.300000       707829         1.43
   28831.000     0.400000       942980         1.67
   30735.000     0.500000      1178646         2.00
   31679.000     0.550000      1296396         2.22
   32671.000     0.600000      1414415         2.50
   33727.000     0.650000      1531446         2.86
   34911.000     0.700000      1650548         3.33
   36223.000     0.750000      1767065         4.00
   36991.000     0.775000      1827699         4.44
   37791.000     0.800000      1886722         5.00
   38655.000     0.825000      1944710         5.71
   39679.000     0.850000      2002755         6.67
   40927.000     0.875000      2062789         8.00
   41631.000     0.887500      2091493         8.89
   42431.000     0.900000      2120778        10.00
   43327.000     0.912500      2150332        11.43
   44383.000     0.925000      2179907        13.33
   45631.000     0.937500      2209081        16.00
   46367.000     0.943750      2223944        17.78
   47199.000     0.950000      2238694        20.00
   48031.000     0.956250      2252982        22.86
   49055.000     0.962500      2267807        26.67
   50207.000     0.968750      2282426        32.00
   50879.000     0.971875      2289998        35.56
   51583.000     0.975000      2297391        40.00
   52383.000     0.978125      2304669        45.71
   53311.000     0.981250      2312058        53.33
   54367.000     0.984375      2319270        64.00
   54943.000     0.985938      2323021        71.11
   55615.000     0.987500      2326619        80.00
   56383.000     0.989062      2330370        91.43
   57247.000     0.990625      2333952       106.67
   58303.000     0.992188      2337622       128.00
   58911.000     0.992969      2339516       142.22
   59583.000     0.993750      2341363       160.00
   60319.000     0.994531      2343140       182.86
   61247.000     0.995313      2344994       213.33
   62431.000     0.996094      2346834       256.00
   63071.000     0.996484      2347740       284.44
   63871.000     0.996875      2348682       320.00
   64703.000     0.997266      2349593       365.71
   65983.000     0.997656      2350546       426.67
   67327.000     0.998047      2351423       512.00
   68159.000     0.998242      2351879       568.89
   69503.000     0.998437      2352348       640.00
   70975.000     0.998633      2352804       731.43
   72767.000     0.998828      2353262       853.33
   75135.000     0.999023      2353717      1024.00
   76479.000     0.999121      2353947      1137.78
   78335.000     0.999219      2354180      1280.00
   79743.000     0.999316      2354418      1462.86
   81407.000     0.999414      2354641      1706.67
   83455.000     0.999512      2354871      2048.00
   84479.000     0.999561      2354983      2275.56
   86015.000     0.999609      2355102      2560.00
   87295.000     0.999658      2355213      2925.71
   89471.000     0.999707      2355326      3413.33
   90943.000     0.999756      2355441      4096.00
   91903.000     0.999780      2355500      4551.11
   94271.000     0.999805      2355558      5120.00
   96959.000     0.999829      2355614      5851.43
   97983.000     0.999854      2355675      6826.67
   99199.000     0.999878      2355738      8192.00
   99391.000     0.999890      2355762      9102.22
  100671.000     0.999902      2355787     10240.00
  102655.000     0.999915      2355816     11702.86
  103423.000     0.999927      2355846     13653.33
  104063.000     0.999939      2355874     16384.00
  104319.000     0.999945      2355888     18204.44
  106303.000     0.999951      2355902     20480.00
  107519.000     0.999957      2355919     23405.71
  108095.000     0.999963      2355933     27306.67
  108415.000     0.999969      2355946     32768.00
  109055.000     0.999973      2355952     36408.89
  109695.000     0.999976      2355959     40960.00
  111423.000     0.999979      2355969     46811.43
  111487.000     0.999982      2355973     54613.33
  112191.000     0.999985      2355988     65536.00
  112191.000     0.999986      2355988     72817.78
  112191.000     0.999988      2355988     81920.00
  112383.000     0.999989      2355993     93622.86
  113087.000     0.999991      2355997    109226.67
  113983.000     0.999992      2356000    131072.00
  113983.000     0.999993      2356000    145635.56
  114047.000     0.999994      2356003    163840.00
  114111.000     0.999995      2356006    187245.71
  114111.000     0.999995      2356006    218453.33
  118143.000     0.999996      2356009    262144.00
  118143.000     0.999997      2356009    291271.11
  118143.000     0.999997      2356009    327680.00
  118655.000     0.999997      2356011    374491.43
  118655.000     0.999998      2356011    436906.67
  118847.000     0.999998      2356012    524288.00
  118847.000     0.999998      2356012    582542.22
  120575.000     0.999998      2356013    655360.00
  120575.000     0.999999      2356013    748982.86
  120703.000     0.999999      2356014    873813.33
  120703.000     0.999999      2356014   1048576.00
  120703.000     0.999999      2356014   1165084.44
  120895.000     0.999999      2356016   1310720.00
  120895.000     1.000000      2356016          inf
#[Mean    =    31469.269, StdDeviation   =     8810.708]
#[Max     =   120895.000, Total count    =      2356016]
#[Buckets =            7, SubBuckets     =         2048]
