       Value   Percentile   TotalCount 1/(1-Percentile)

      72.000     0.000000            6         1.00
     108.000     0.100000       144240         1.11
     115.000     0.200000       285176         1.25
     120.000     0.300000       423496         1.43
     124.000     0.400000       545261         1.67
     129.000     0.500000       690479         2.00
     131.000     0.550000       743343         2.22
     134.000     0.600000       816089         2.50
     137.000     0.650000       881517         2.86
     141.000     0.700000       958695         3.33
     145.000     0.750000      1026070         4.00
     147.000     0.775000      1056190         4.44
     149.000     0.800000      1084184         5.00
     152.000     0.825000      1122249         5.71
     155.000     0.850000      1155789         6.67
     158.000     0.875000      1184758         8.00
     160.000     0.887500      1201818         8.89
     162.000     0.900000      1217220        10.00
     164.000     0.912500      1231178        11.43
     167.000     0.925000      1249434        13.33
     170.000     0.937500      1265217        16.00
     172.000     0.943750      1274446        17.78
     174.000     0.950000      1282454        20.00
     176.000     0.956250      1289838        22.86
     179.000     0.962500      1299662        26.67
     182.000     0.968750      1307858        32.00
     183.000     0.971875      1310282        35.56
     185.000     0.975000      1314636        40.00
     187.000     0.978125      1318581        45.71
     190.000     0.981250      1323580        53.33
     193.000     0.984375      1327696        64.00
     194.000     0.985938      1328866        71.11
     196.000     0.987500      1331033        80.00
     198.000     0.989062      1332903        91.43
     201.000     0.990625      1335431       106.67
     204.000     0.992188      1337422       128.00
     206.000     0.992969      1338547       142.22
     208.000     0.993750      1339585       160.00
     210.000     0.994531      1340477       182.86
     212.000     0.995313      1341293       213.33
     216.000     0.996094      1342597       256.00
     217.000     0.996484      1342862       284.44
     220.000     0.996875      1343572       320.00
     222.000     0.997266      1343962       365.71
     225.000     0.997656      1344503       426.67
     229.000     0.998047      1345075       512.00
     231.000     0.998242      1345320       568.89
     233.000     0.998437      1345513       640.00
     236.000     0.998633      1345755       731.43
     240.000     0.998828      1346064       853.33
     244.000     0.999023      1346284      1024.00
     247.000     0.999121      1346418      1137.78
     251.000     0.999219      1346558      1280.00
     255.000     0.999316      1346682      1462.86
     262.000     0.999414      1346807      1706.67
     272.000     0.999512      1346927      2048.00
     283.000     0.999561      1346992      2275.56
     320.000     0.999609      1347058      2560.00
     507.000     0.999658      1347124      2925.71
    1224.000     0.999707      1347191      3413.33
    1438.000     0.999756      1347255      4096.00
    1605.000     0.999780      1347288      4551.11
    1745.000     0.999805      1347321      5120.00
    1892.000     0.999829      1347354      5851.43
    2657.000     0.999854      1347387      6826.67
    5635.000     0.999878      1347420      8192.00
   12487.000     0.999890      1347436      9102.22
   21503.000     0.999902      1347453     10240.00
   34559.000     0.999915      1347469     11702.86
   56543.000     0.999927      1347486     13653.33
   67071.000     0.999939      1347502     16384.00
   69695.000     0.999945      1347510     18204.44
   76543.000     0.999951      1347519     20480.00
   92863.000     0.999957      1347527     23405.71
  107391.000     0.999963      1347535     27306.67
  108927.000     0.999969      1347543     32768.00
  111871.000     0.999973      1347547     36408.89
  117375.000     0.999976      1347552     40960.00
  120255.000     0.999979      1347558     46811.43
  120959.000     0.999982      1347560     54613.33
  125951.000     0.999985      1347564     65536.00
  127935.000     0.999986      1347566     72817.78
  131327.000     0.999988      1347568     81920.00
  135167.000     0.999989      1347570     93622.86
  135551.000     0.999991      1347574    109226.67
  135551.000     0.999992      1347574    131072.00
  137599.000     0.999993      1347575    145635.56
  137727.000     0.999994      1347576    163840.00
  137983.000     0.999995      1347577    187245.71
  146047.000     0.999995      1347578    218453.33
  146175.000     0.999996      1347579    262144.00
  146303.000     0.999997      1347580    291271.11
  146303.000     0.999997      1347580    327680.00
  147071.000     0.999997      1347581    374491.43
  147071.000     0.999998      1347581    436906.67
  158591.000     0.999998      1347582    524288.00
  158591.000     0.999998      1347582    582542.22
  158591.000     0.999998      1347582    655360.00
  160383.000     0.999999      1347583    748982.86
  160383.000     0.999999      1347583    873813.33
  160383.000     0.999999      1347583   1048576.00
  160383.000     0.999999      1347583   1165084.44
  160383.000     0.999999      1347583   1310720.00
  160511.000     0.999999      1347584   1497965.71
  160511.000     1.000000      1347584          inf
#[Mean    =      141.457, StdDeviation   =      916.858]
#[Max     =   160511.000, Total count    =      1347584]
#[Buckets =            8, SubBuckets     =         2048]
