       Value   Percentile   TotalCount 1/(1-Percentile)

      46.000     0.000000            2         1.00
      62.000     0.100000       258248         1.11
      66.000     0.200000       482868         1.25
      70.000     0.300000       763293         1.43
      73.000     0.400000      1022319         1.67
      75.000     0.500000      1214899         2.00
      76.000     0.550000      1311554         2.22
      78.000     0.600000      1476539         2.50
      79.000     0.650000      1541531         2.86
      81.000     0.700000      1651233         3.33
      84.000     0.750000      1785116         4.00
      85.000     0.775000      1821914         4.44
      87.000     0.800000      1884994         5.00
      89.000     0.825000      1934586         5.71
      92.000     0.850000      1989638         6.67
      97.000     0.875000      2051737         8.00
     100.000     0.887500      2079796         8.89
     104.000     0.900000      2111589        10.00
     108.000     0.912500      2139861        11.43
     112.000     0.925000      2164587        13.33
     118.000     0.937500      2194614        16.00
     122.000     0.943750      2211248        17.78
     126.000     0.950000      2225771        20.00
     130.000     0.956250      2239545        22.86
     134.000     0.962500      2252682        26.67
     139.000     0.968750      2268859        32.00
     141.000     0.971875      2275367        35.56
     143.000     0.975000      2281736        40.00
     146.000     0.978125      2290860        45.71
     148.000     0.981250      2296390        53.33
     151.000     0.984375      2303395        64.00
     153.000     0.985938      2307310        71.11
     155.000     0.987500      2310682        80.00
     158.000     0.989062      2314854        91.43
     161.000     0.990625      2318166       106.67
     166.000     0.992188      2322355       128.00
     168.000     0.992969      2323939       142.22
     171.000     0.993750      2325863       160.00
     174.000     0.994531      2327437       182.86
     178.000     0.995313      2329033       213.33
     185.000     0.996094      2330985       256.00
     189.000     0.996484      2331815       284.44
     194.000     0.996875      2332640       320.00
     201.000     0.997266      2333621       365.71
     209.000     0.997656      2334526       426.67
     217.000     0.998047      2335358       512.00
     222.000     0.998242      2335863       568.89
     226.000     0.998437      2336293       640.00
     230.000     0.998633      2336747       731.43
     234.000     0.998828      2337209       853.33
     238.000     0.999023      2337646      1024.00
     241.000     0.999121      2337910      1137.78
     244.000     0.999219      2338167      1280.00
     246.000     0.999316      2338321      1462.86
     250.000     0.999414      2338577      1706.67
     254.000     0.999512      2338796      2048.00
     256.000     0.999561      2338899      2275.56
     259.000     0.999609      2339037      2560.00
     261.000     0.999658      2339134      2925.71
     264.000     0.999707      2339253      3413.33
     268.000     0.999756      2339377      4096.00
     269.000     0.999780      2339413      4551.11
     271.000     0.999805      2339476      5120.00
     273.000     0.999829      2339526      5851.43
     276.000     0.999854      2339585      6826.67
     278.000     0.999878      2339629      8192.00
     279.000     0.999890      2339657      9102.22
     281.000     0.999902      2339696     10240.00
     283.000     0.999915      2339721     11702.86
     285.000     0.999927      2339749     13653.33
     287.000     0.999939      2339775     16384.00
     289.000     0.999945      2339786     18204.44
     291.000     0.999951      2339806     20480.00
     294.000     0.999957      2339820     23405.71
     296.000     0.999963      2339829     27306.67
     298.000     0.999969      2339843     32768.00
     302.000     0.999973      2339853     36408.89
     305.000     0.999976      2339860     40960.00
     308.000     0.999979      2339868     46811.43
     311.000     0.999982      2339872     54613.33
     314.000     0.999985      2339880     65536.00
     318.000     0.999986      2339882     72817.78
     325.000     0.999988      2339886     81920.00
     330.000     0.999989      2339890     93622.86
     491.000     0.999991      2339893    109226.67
     735.000     0.999992      2339897    131072.00
     827.000     0.999993      2339898    145635.56
     870.000     0.999994      2339900    163840.00
     897.000     0.999995      2339902    187245.71
     905.000     0.999995      2339904    218453.33
     923.000     0.999996      2339906    262144.00
     923.000     0.999997      2339906    291271.11
     934.000     0.999997      2339907    327680.00
     946.000     0.999997      2339908    374491.43
     953.000     0.999998      2339909    436906.67
     968.000     0.999998      2339910    524288.00
     968.000     0.999998      2339910    582542.22
     993.000     0.999998      2339911    655360.00
     993.000     0.999999      2339911    748982.86
     996.000     0.999999      2339912    873813.33
     996.000     0.999999      2339912   1048576.00
     996.000     0.999999      2339912   1165084.44
    1084.000     0.999999      2339913   1310720.00
    1084.000     0.999999      2339913   1497965.71
    1084.000     0.999999      2339913   1747626.67
    1084.000     1.000000      2339913   2097152.00
    1084.000     1.000000      2339913   2330168.89
    1217.000     1.000000      2339914   2621440.00
    1217.000     1.000000      2339914          inf
#[Mean    =       80.056, StdDeviation   =       21.482]
#[Max     =     1217.000, Total count    =      2339914]
#[Buckets =            1, SubBuckets     =         2048]
