       Value   Percentile   TotalCount 1/(1-Percentile)

     141.000     0.000000            1         1.00
     266.000     0.100000        71350         1.11
     293.000     0.200000       140054         1.25
     320.000     0.300000       211598         1.43
     348.000     0.400000       280202         1.67
     381.000     0.500000       349918         2.00
     400.000     0.550000       385233         2.22
     419.000     0.600000       418710         2.50
     441.000     0.650000       454761         2.86
     464.000     0.700000       489426         3.33
     490.000     0.750000       524086         4.00
     504.000     0.775000       540928         4.44
     520.000     0.800000       558675         5.00
     538.000     0.825000       576083         5.71
     558.000     0.850000       593292         6.67
     581.000     0.875000       610637         8.00
     594.000     0.887500       619233         8.89
     609.000     0.900000       627897        10.00
     627.000     0.912500       636998        11.43
     646.000     0.925000       645423        13.33
     670.000     0.937500       654312        16.00
     683.000     0.943750       658682        17.78
     697.000     0.950000       662904        20.00
     714.000     0.956250       667214        22.86
     732.000     0.962500       671541        26.67
     753.000     0.968750       675974        32.00
     763.000     0.971875       678003        35.56
     777.000     0.975000       680340        40.00
     790.000     0.978125       682475        45.71
     803.000     0.981250       684612        53.33
     818.000     0.984375       686849        64.00
     825.000     0.985938       687859        71.11
     833.000     0.987500       688997        80.00
     841.000     0.989062       690067        91.43
     849.000     0.990625       691156       106.67
     858.000     0.992188       692206       128.00
     866.000     0.992969       692804       142.22
     872.000     0.993750       693286       160.00
     878.000     0.994531       693864       182.86
     887.000     0.995313       694383       213.33
     899.000     0.996094       694915       256.00
     906.000     0.996484       695177       284.44
     913.000     0.996875       695441       320.00
     922.000     0.997266       695733       365.71
     932.000     0.997656       696008       426.67
     941.000     0.998047       696265       512.00
     950.000     0.998242       696406       568.89
     957.000     0.998437       696539       640.00
     962.000     0.998633       696667       731.43
     972.000     0.998828       696807       853.33
     981.000     0.999023       696945      1024.00
     986.000     0.999121       697007      1137.78
     994.000     0.999219       697079      1280.00
    1004.000     0.999316       697152      1462.86
    1011.000     0.999414       697215      1706.67
    1022.000     0.999512       697280      2048.00
    1032.000     0.999561       697311      2275.56
    1046.000     0.999609       697350      2560.00
    1061.000     0.999658       697380      2925.71
    1074.000     0.999707       697418      3413.33
    1091.000     0.999756       697447      4096.00
    1111.000     0.999780       697464      4551.11
    1144.000     0.999805       697481      5120.00
    1190.000     0.999829       697498      5851.43
    1272.000     0.999854       697515      6826.67
    1615.000     0.999878       697533      8192.00
    1637.000     0.999890       697543      9102.22
    1681.000     0.999902       697551     10240.00
    1757.000     0.999915       697559     11702.86
    2207.000     0.999927       697567     13653.33
    2289.000     0.999939       697575     16384.00
    2291.000     0.999945       697581     18204.44
    2295.000     0.999951       697585     20480.00
    2325.000     0.999957       697588     23405.71
   41023.000     0.999963       697592     27306.67
   41087.000     0.999969       697597     32768.00
   41119.000     0.999973       697603     36408.89
   41119.000     0.999976       697603     40960.00
   41119.000     0.999979       697603     46811.43
   41311.000     0.999982       697608     54613.33
   41311.000     0.999985       697608     65536.00
   41311.000     0.999986       697608     72817.78
   41343.000     0.999988       697609     81920.00
   41375.000     0.999989       697610     93622.86
   41407.000     0.999991       697613    109226.67
   41407.000     0.999992       697613    131072.00
   41407.000     0.999993       697613    145635.56
   41407.000     0.999994       697613    163840.00
   41439.000     0.999995       697615    187245.71
   41439.000     0.999995       697615    218453.33
   41439.000     0.999996       697615    262144.00
   41439.000     0.999997       697615    291271.11
   41439.000     0.999997       697615    327680.00
   41471.000     0.999997       697617    374491.43
   41471.000     1.000000       697617          inf
#[Mean    =      415.559, StdDeviation   =      298.615]
#[Max     =    41471.000, Total count    =       697617]
#[Buckets =            6, SubBuckets     =         2048]
