       Value   Percentile   TotalCount 1/(1-Percentile)

     986.000     0.000000            1         1.00
    8287.000     0.100000       118801         1.11
    8399.000     0.200000       233531         1.25
    8487.000     0.300000       346057         1.43
    8567.000     0.400000       456242         1.67
    8655.000     0.500000       572665         2.00
    8695.000     0.550000       623750         2.22
    8743.000     0.600000       679284         2.50
    8799.000     0.650000       740666         2.86
    8855.000     0.700000       796747         3.33
    8911.000     0.750000       849938         4.00
    8943.000     0.775000       877845         4.44
    8983.000     0.800000       909498         5.00
    9023.000     0.825000       937623         5.71
    9063.000     0.850000       961725         6.67
    9127.000     0.875000       990670         8.00
    9167.000     0.887500      1005028         8.89
    9223.000     0.900000      1018858        10.00
    9311.000     0.912500      1032417        11.43
    9543.000     0.925000      1045920        13.33
   10839.000     0.937500      1059910        16.00
   11135.000     0.943750      1067049        17.78
   11271.000     0.950000      1074260        20.00
   11351.000     0.956250      1081603        22.86
   11407.000     0.962500      1088858        26.67
   11463.000     0.968750      1096182        32.00
   11495.000     0.971875      1099486        35.56
   11535.000     0.975000      1102950        40.00
   11567.000     0.978125      1105903        45.71
   11623.000     0.981250      1109604        53.33
   11687.000     0.984375      1112876        64.00
   11727.000     0.985938      1114813        71.11
   11767.000     0.987500      1116552        80.00
   11815.000     0.989062      1118215        91.43
   11871.000     0.990625      1120108       106.67
   11927.000     0.992188      1121821       128.00
   11959.000     0.992969      1122867       142.22
   11983.000     0.993750      1123645       160.00
   12015.000     0.994531      1124415       182.86
   12063.000     0.995313      1125298       213.33
   12111.000     0.996094      1126206       256.00
   12135.000     0.996484      1126615       284.44
   12167.000     0.996875      1127034       320.00
   12207.000     0.997266      1127522       365.71
   12239.000     0.997656      1127900       426.67
   12295.000     0.998047      1128396       512.00
   12319.000     0.998242      1128599       568.89
   12351.000     0.998437      1128795       640.00
   12399.000     0.998633      1129028       731.43
   12447.000     0.998828      1129267       853.33
   12487.000     0.999023      1129456      1024.00
   12519.000     0.999121      1129568      1137.78
   12551.000     0.999219      1129692      1280.00
   12583.000     0.999316      1129785      1462.86
   12623.000     0.999414      1129892      1706.67
   12687.000     0.999512      1130002      2048.00
   12719.000     0.999561      1130053      2275.56
   12759.000     0.999609      1130099      2560.00
   12815.000     0.999658      1130171      2925.71
   12839.000     0.999707      1130218      3413.33
   12863.000     0.999756      1130269      4096.00
   12895.000     0.999780      1130305      4551.11
   12983.000     0.999805      1130327      5120.00
   13015.000     0.999829      1130351      5851.43
   13247.000     0.999854      1130376      6826.67
   13327.000     0.999878      1130404      8192.00
   13431.000     0.999890      1130417      9102.22
   13511.000     0.999902      1130433     10240.00
   13551.000     0.999915      1130444     11702.86
   14111.000     0.999927      1130460     13653.33
   14135.000     0.999939      1130474     16384.00
   14143.000     0.999945      1130480     18204.44
   14239.000     0.999951      1130488     20480.00
   14727.000     0.999957      1130496     23405.71
   14735.000     0.999963      1130502     27306.67
   14751.000     0.999969      1130508     32768.00
   14759.000     0.999973      1130514     36408.89
   14759.000     0.999976      1130514     40960.00
   14767.000     0.999979      1130519     46811.43
   14775.000     0.999982      1130522     54613.33
   14783.000     0.999985      1130525     65536.00
   14783.000     0.999986      1130525     72817.78
   14791.000     0.999988      1130531     81920.00
   14791.000     0.999989      1130531     93622.86
   14791.000     0.999991      1130531    109226.67
   14799.000     0.999992      1130535    131072.00
   14799.000     0.999993      1130535    145635.56
   14799.000     0.999994      1130535    163840.00
   14799.000     0.999995      1130535    187245.71
   14799.000     0.999995      1130535    218453.33
   14807.000     0.999996      1130537    262144.00
   14807.000     0.999997      1130537    291271.11
   14807.000     0.999997      1130537    327680.00
   14807.000     0.999997      1130537    374491.43
   14815.000     0.999998      1130540    436906.67
   14815.000     1.000000      1130540          inf
#[Mean    =     8835.002, StdDeviation   =      773.568]
#[Max     =    14815.000, Total count    =      1130540]
#[Buckets =            4, SubBuckets     =         2048]
