       Value   Percentile   TotalCount 1/(1-Percentile)

      84.000     0.000000            1         1.00
     681.000     0.100000       817116         1.11
    1161.000     0.200000      1631171         1.25
    1951.000     0.300000      2445479         1.43
    3023.000     0.400000      3260792         1.67
    4259.000     0.500000      4076590         2.00
    5019.000     0.550000      4483706         2.22
    5839.000     0.600000      4891649         2.50
    6683.000     0.650000      5299635         2.86
    7563.000     0.700000      5706262         3.33
    8527.000     0.750000      6114532         4.00
    9071.000     0.775000      6317805         4.44
    9687.000     0.800000      6522851         5.00
   10399.000     0.825000      6726760         5.71
   11255.000     0.850000      6928821         6.67
   12399.000     0.875000      7133571         8.00
   13135.000     0.887500      7235126         8.89
   14047.000     0.900000      7336231        10.00
   15255.000     0.912500      7438102        11.43
   16927.000     0.925000      7540780        13.33
   19263.000     0.937500      7642215        16.00
   20815.000     0.943750      7692834        17.78
   22719.000     0.950000      7744105        20.00
   24959.000     0.956250      7794992        22.86
   27551.000     0.962500      7845697        26.67
   30575.000     0.968750      7896702        32.00
   32367.000     0.971875      7922120        35.56
   34367.000     0.975000      7947586        40.00
   36735.000     0.978125      7973216        45.71
   39679.000     0.981250      7998515        53.33
   43519.000     0.984375      8024061        64.00
   45983.000     0.985938      8036704        71.11
   48959.000     0.987500      8049469        80.00
   52543.000     0.989062      8062194        91.43
   56863.000     0.990625      8074978       106.67
   62143.000     0.992188      8087682       128.00
   65215.000     0.992969      8094032       142.22
   68799.000     0.993750      8100395       160.00
   72959.000     0.994531      8106775       182.86
   77567.000     0.995313      8113142       213.33
   83647.000     0.996094      8119502       256.00
   87487.000     0.996484      8122659       284.44
   91647.000     0.996875      8125854       320.00
   95679.000     0.997266      8129078       365.71
  101055.000     0.997656      8132229       426.67
  107455.000     0.998047      8135400       512.00
  111807.000     0.998242      8136988       568.89
  116927.000     0.998437      8138585       640.00
  123135.000     0.998633      8140182       731.43
  132607.000     0.998828      8141770       853.33
  144127.000     0.999023      8143371      1024.00
  150527.000     0.999121      8144156      1137.78
  160767.000     0.999219      8144952      1280.00
  167935.000     0.999316      8145748      1462.86
  184063.000     0.999414      8146543      1706.67
  204543.000     0.999512      8147337      2048.00
  212607.000     0.999561      8147735      2275.56
  222591.000     0.999609      8148131      2560.00
  236671.000     0.999658      8148532      2925.71
  246527.000     0.999707      8148930      3413.33
  285695.000     0.999756      8149326      4096.00
  348671.000     0.999780      8149525      4551.11
  364799.000     0.999805      8149726      5120.00
  387327.000     0.999829      8149929      5851.43
  416511.000     0.999854      8150122      6826.67
  450047.000     0.999878      8150327      8192.00
  459263.000     0.999890      8150421      9102.22
  528383.000     0.999902      8150519     10240.00
  558591.000     0.999915      8150619     11702.86
  587263.000     0.999927      8150724     13653.33
 1565695.000     0.999939      8150820     16384.00
 1590271.000     0.999945      8150869     18204.44
 1612799.000     0.999951      8150919     20480.00
 1628159.000     0.999957      8150977     23405.71
 1630207.000     0.999963      8151030     27306.67
 1728511.000     0.999969      8151085     32768.00
 1729535.000     0.999973      8151103     36408.89
 1731583.000     0.999976      8151125     40960.00
 1732607.000     0.999979      8151161     46811.43
 1733631.000     0.999982      8151184     54613.33
 1734655.000     0.999985      8151203     65536.00
 1735679.000     0.999986      8151220     72817.78
 1735679.000     0.999988      8151220     81920.00
 1736703.000     0.999989      8151239     93622.86
 1737727.000     0.999991      8151254    109226.67
 1737727.000     0.999992      8151254    131072.00
 1738751.000     0.999993      8151283    145635.56
 1738751.000     0.999994      8151283    163840.00
 1738751.000     0.999995      8151283    187245.71
 1738751.000     0.999995      8151283    218453.33
 1739775.000     0.999996      8151307    262144.00
 1739775.000     0.999997      8151307    291271.11
 1739775.000     0.999997      8151307    327680.00
 1739775.000     0.999997      8151307    374491.43
 1739775.000     0.999998      8151307    436906.67
 1739775.000     0.999998      8151307    524288.00
 1739775.000     0.999998      8151307    582542.22
 1739775.000     0.999998      8151307    655360.00
 1739775.000     0.999999      8151307    748982.86
 1739775.000     0.999999      8151307    873813.33
 1740799.000     0.999999      8151310   1048576.00
 1740799.000     0.999999      8151310   1165084.44
 1740799.000     0.999999      8151310   1310720.00
 1740799.000     0.999999      8151310   1497965.71
 1742847.000     0.999999      8151311   1747626.67
 1746943.000     1.000000      8151312   2097152.00
 1746943.000     1.000000      8151312   2330168.89
 1746943.000     1.000000      8151312   2621440.00
 1754111.000     1.000000      8151314   2995931.43
 1754111.000     1.000000      8151314   3495253.33
 1754111.000     1.000000      8151314   4194304.00
 1754111.000     1.000000      8151314   4660337.78
 1754111.000     1.000000      8151314   5242880.00
 1754111.000     1.000000      8151314   5991862.86
 1754111.000     1.000000      8151314   6990506.67
 1758207.000     1.000000      8151315   8388608.00
 1758207.000     1.000000      8151315          inf
#[Mean    =     7303.607, StdDeviation   =    18510.197]
#[Max     =  1758207.000, Total count    =      8151315]
#[Buckets =           11, SubBuckets     =         2048]
