       Value   Percentile   TotalCount 1/(1-Percentile)

     219.000     0.000000            1         1.00
    1509.000     0.100000       348617         1.11
    3539.000     0.200000       697131         1.25
    6883.000     0.300000      1045904         1.43
   10487.000     0.400000      1394892         1.67
   14775.000     0.500000      1742876         2.00
   17135.000     0.550000      1917206         2.22
   19727.000     0.600000      2091655         2.50
   22767.000     0.650000      2266030         2.86
   25983.000     0.700000      2440523         3.33
   29711.000     0.750000      2614734         4.00
   31855.000     0.775000      2701581         4.44
   34303.000     0.800000      2789322         5.00
   36895.000     0.825000      2875744         5.71
   39423.000     0.850000      2963211         6.67
   42111.000     0.875000      3050091         8.00
   43775.000     0.887500      3094094         8.89
   45727.000     0.900000      3137435        10.00
   47775.000     0.912500      3181263        11.43
   49919.000     0.925000      3224391        13.33
   52863.000     0.937500      3268194        16.00
   54367.000     0.943750      3290036        17.78
   56159.000     0.950000      3311466        20.00
   58847.000     0.956250      3333314        22.86
   62943.000     0.962500      3354978        26.67
   69055.000     0.968750      3376883        32.00
   72703.000     0.971875      3387623        35.56
   77055.000     0.975000      3398608        40.00
   83007.000     0.978125      3409420        45.71
   89983.000     0.981250      3420369        53.33
   99263.000     0.984375      3431229        64.00
  104703.000     0.985938      3436664        71.11
  110591.000     0.987500      3442086        80.00
  116799.000     0.989062      3447534        91.43
  123583.000     0.990625      3453004       106.67
  132479.000     0.992188      3458450       128.00
  138111.000     0.992969      3461169       142.22
  143999.000     0.993750      3463895       160.00
  150271.000     0.994531      3466597       182.86
  158719.000     0.995313      3469305       213.33
  169471.000     0.996094      3472043       256.00
  175615.000     0.996484      3473405       284.44
  183807.000     0.996875      3474750       320.00
  192511.000     0.997266      3476131       365.71
  204415.000     0.997656      3477476       426.67
  219007.000     0.998047      3478833       512.00
  232063.000     0.998242      3479519       568.89
  246655.000     0.998437      3480195       640.00
  272127.000     0.998633      3480880       731.43
  294911.000     0.998828      3481556       853.33
  323839.000     0.999023      3482239      1024.00
  336895.000     0.999121      3482578      1137.78
  351231.000     0.999219      3482921      1280.00
  378623.000     0.999316      3483258      1462.86
  394495.000     0.999414      3483598      1706.67
  409087.000     0.999512      3483939      2048.00
  420863.000     0.999561      3484109      2275.56
  437503.000     0.999609      3484279      2560.00
  465919.000     0.999658      3484448      2925.71
  490239.000     0.999707      3484618      3413.33
  508415.000     0.999756      3484790      4096.00
  530943.000     0.999780      3484875      4551.11
  552959.000     0.999805      3484959      5120.00
  564223.000     0.999829      3485050      5851.43
  571903.000     0.999854      3485138      6826.67
  578047.000     0.999878      3485215      8192.00
  587775.000     0.999890      3485257      9102.22
  605695.000     0.999902      3485301     10240.00
  619519.000     0.999915      3485343     11702.86
  626175.000     0.999927      3485385     13653.33
  639487.000     0.999939      3485428     16384.00
  645631.000     0.999945      3485451     18204.44
  650239.000     0.999951      3485470     20480.00
  665599.000     0.999957      3485491     23405.71
  689151.000     0.999963      3485512     27306.67
  711167.000     0.999969      3485534     32768.00
  729087.000     0.999973      3485544     36408.89
  748543.000     0.999976      3485554     40960.00
  812031.000     0.999979      3485565     46811.43
  818687.000     0.999982      3485576     54613.33
  848895.000     0.999985      3485586     65536.00
  864255.000     0.999986      3485592     72817.78
  872447.000     0.999988      3485597     81920.00
  877055.000     0.999989      3485602     93622.86
  879103.000     0.999991      3485610    109226.67
  885759.000     0.999992      3485614    131072.00
  899583.000     0.999993      3485616    145635.56
  903679.000     0.999994      3485618    163840.00
  910847.000     0.999995      3485621    187245.71
  919551.000     0.999995      3485624    218453.33
  997887.000     0.999996      3485626    262144.00
  999423.000     0.999997      3485628    291271.11
 1003519.000     0.999997      3485629    327680.00
 1004031.000     0.999997      3485630    374491.43
 1043967.000     0.999998      3485632    436906.67
 1172479.000     0.999998      3485633    524288.00
 1177599.000     0.999998      3485634    582542.22
 1177599.000     0.999998      3485634    655360.00
 1178623.000     0.999999      3485635    748982.86
 1180671.000     0.999999      3485636    873813.33
 1180671.000     0.999999      3485636   1048576.00
 1189887.000     0.999999      3485637   1165084.44
 1189887.000     0.999999      3485637   1310720.00
 1189887.000     0.999999      3485637   1497965.71
 1190911.000     0.999999      3485638   1747626.67
 1190911.000     1.000000      3485638   2097152.00
 1190911.000     1.000000      3485638   2330168.89
 1190911.000     1.000000      3485638   2621440.00
 1190911.000     1.000000      3485638   2995931.43
 1191935.000     1.000000      3485639   3495253.33
 1191935.000     1.000000      3485639          inf
#[Mean    =    21374.271, StdDeviation   =    27230.406]
#[Max     =  1191935.000, Total count    =      3485639]
#[Buckets =           11, SubBuckets     =         2048]
