       Value   Percentile   TotalCount 1/(1-Percentile)

      87.000     0.000000            1         1.00
     114.000     0.100000       141525         1.11
     120.000     0.200000       300829         1.25
     124.000     0.300000       425529         1.43
     128.000     0.400000       556963         1.67
     132.000     0.500000       685743         2.00
     135.000     0.550000       774358         2.22
     137.000     0.600000       827362         2.50
     140.000     0.650000       898368         2.86
     143.000     0.700000       959185         3.33
     147.000     0.750000      1026947         4.00
     149.000     0.775000      1055616         4.44
     152.000     0.800000      1093216         5.00
     155.000     0.825000      1125573         5.71
     159.000     0.850000      1161433         6.67
     163.000     0.875000      1190701         8.00
     166.000     0.887500      1209324         8.89
     169.000     0.900000      1225570        10.00
     172.000     0.912500      1240234        11.43
     176.000     0.925000      1257851        13.33
     181.000     0.937500      1277412        16.00
     183.000     0.943750      1284625        17.78
     185.000     0.950000      1291629        20.00
     188.000     0.956250      1301389        22.86
     191.000     0.962500      1310467        26.67
     194.000     0.968750      1318726        32.00
     195.000     0.971875      1321169        35.56
     197.000     0.975000      1325795        40.00
     199.000     0.978125      1329882        45.71
     201.000     0.981250      1333605        53.33
     204.000     0.984375      1338431        64.00
     205.000     0.985938      1339867        71.11
     207.000     0.987500      1342412        80.00
     209.000     0.989062      1344664        91.43
     211.000     0.990625      1346658       106.67
     213.000     0.992188      1348405       128.00
     215.000     0.992969      1349813       142.22
     216.000     0.993750      1350446       160.00
     218.000     0.994531      1351543       182.86
     220.000     0.995313      1352507       213.33
     223.000     0.996094      1353729       256.00
     224.000     0.996484      1354079       284.44
     226.000     0.996875      1354716       320.00
     228.000     0.997266      1355266       365.71
     230.000     0.997656      1355755       426.67
     232.000     0.998047      1356178       512.00
     234.000     0.998242      1356529       568.89
     235.000     0.998437      1356682       640.00
     237.000     0.998633      1356961       731.43
     239.000     0.998828      1357200       853.33
     242.000     0.999023      1357490      1024.00
     244.000     0.999121      1357643      1137.78
     246.000     0.999219      1357776      1280.00
     248.000     0.999316      1357895      1462.86
     251.000     0.999414      1358025      1706.67
     254.000     0.999512      1358138      2048.00
     257.000     0.999561      1358200      2275.56
     260.000     0.999609      1358261      2560.00
     264.000     0.999658      1358322      2925.71
     269.000     0.999707      1358390      3413.33
     278.000     0.999756      1358457      4096.00
     285.000     0.999780      1358487      4551.11
     300.000     0.999805      1358521      5120.00
     319.000     0.999829      1358553      5851.43
     378.000     0.999854      1358586      6826.67
     711.000     0.999878      1358620      8192.00
    1137.000     0.999890      1358636      9102.22
    2117.000     0.999902      1358653     10240.00
    3157.000     0.999915      1358669     11702.86
    7275.000     0.999927      1358686     13653.33
   13295.000     0.999939      1358703     16384.00
   17951.000     0.999945      1358711     18204.44
   23391.000     0.999951      1358719     20480.00
   27887.000     0.999957      1358727     23405.71
   31903.000     0.999963      1358737     27306.67
   32367.000     0.999969      1358746     32768.00
   32447.000     0.999973      1358748     36408.89
   34015.000     0.999976      1358752     40960.00
   35071.000     0.999979      1358756     46811.43
   41151.000     0.999982      1358761     54613.33
   42399.000     0.999985      1358765     65536.00
   42815.000     0.999986      1358767     72817.78
   43903.000     0.999988      1358769     81920.00
   47263.000     0.999989      1358771     93622.86
   48863.000     0.999991      1358773    109226.67
   52511.000     0.999992      1358775    131072.00
   54399.000     0.999993      1358776    145635.56
   55103.000     0.999994      1358777    163840.00
   58079.000     0.999995      1358778    187245.71
   58655.000     0.999995      1358779    218453.33
   63615.000     0.999996      1358780    262144.00
   63839.000     0.999997      1358781    291271.11
   63839.000     0.999997      1358781    327680.00
   67199.000     0.999997      1358782    374491.43
   67199.000     0.999998      1358782    436906.67
   68095.000     0.999998      1358783    524288.00
   68095.000     0.999998      1358783    582542.22
   68095.000     0.999998      1358783    655360.00
   69311.000     0.999999      1358784    748982.86
   69311.000     0.999999      1358784    873813.33
   69311.000     0.999999      1358784   1048576.00
   69311.000     0.999999      1358784   1165084.44
   69311.000     0.999999      1358784   1310720.00
   69375.000     0.999999      1358785   1497965.71
   69375.000     1.000000      1358785          inf
#[Mean    =      139.786, StdDeviation   =      295.531]
#[Max     =    69375.000, Total count    =      1358785]
#[Buckets =            7, SubBuckets     =         2048]
