       Value   Percentile   TotalCount 1/(1-Percentile)

     161.000     0.000000            1         1.00
    1156.000     0.100000      1002365         1.11
    1947.000     0.200000      2003994         1.25
    3089.000     0.300000      3004908         1.43
    4271.000     0.400000      4008084         1.67
    5591.000     0.500000      5008614         2.00
    6307.000     0.550000      5509389         2.22
    7143.000     0.600000      6010690         2.50
    8131.000     0.650000      6510117         2.86
    9287.000     0.700000      7013728         3.33
   10647.000     0.750000      7513358         4.00
   11423.000     0.775000      7762636         4.44
   12255.000     0.800000      8012872         5.00
   13143.000     0.825000      8263532         5.71
   14087.000     0.850000      8512948         6.67
   15095.000     0.875000      8763463         8.00
   15631.000     0.887500      8888825         8.89
   16199.000     0.900000      9014598        10.00
   16815.000     0.912500      9140398        11.43
   17487.000     0.925000      9265054        13.33
   18255.000     0.937500      9389732        16.00
   18687.000     0.943750      9452779        17.78
   19151.000     0.950000      9514909        20.00
   19679.000     0.956250      9578281        22.86
   20255.000     0.962500      9640582        26.67
   20911.000     0.968750      9702558        32.00
   21279.000     0.971875      9733890        35.56
   21695.000     0.975000      9765297        40.00
   22143.000     0.978125      9796207        45.71
   22671.000     0.981250      9827576        53.33
   23311.000     0.984375      9859113        64.00
   23679.000     0.985938      9874684        71.11
   24095.000     0.987500      9890362        80.00
   24575.000     0.989062      9905800        91.43
   25151.000     0.990625      9921537       106.67
   25871.000     0.992188      9936946       128.00
   26319.000     0.992969      9944815       142.22
   26863.000     0.993750      9952632       160.00
   27519.000     0.994531      9960426       182.86
   28367.000     0.995313      9968138       213.33
   29679.000     0.996094      9975997       256.00
   30671.000     0.996484      9979892       284.44
   32175.000     0.996875      9983815       320.00
   34111.000     0.997266      9987732       365.71
   36735.000     0.997656      9991640       426.67
   39615.000     0.998047      9995548       512.00
   41439.000     0.998242      9997480       568.89
   43903.000     0.998437      9999433       640.00
   46879.000     0.998633     10001397       731.43
   49599.000     0.998828     10003346       853.33
   52895.000     0.999023     10005311      1024.00
   54975.000     0.999121     10006285      1137.78
   57375.000     0.999219     10007266      1280.00
   59551.000     0.999316     10008244      1462.86
   61823.000     0.999414     10009218      1706.67
   64415.000     0.999512     10010194      2048.00
   65599.000     0.999561     10010679      2275.56
   67391.000     0.999609     10011180      2560.00
   69247.000     0.999658     10011668      2925.71
   71295.000     0.999707     10012144      3413.33
   73663.000     0.999756     10012638      4096.00
   75391.000     0.999780     10012877      4551.11
   78079.000     0.999805     10013121      5120.00
   91775.000     0.999829     10013366      5851.43
  126399.000     0.999854     10013611      6826.67
  135935.000     0.999878     10013858      8192.00
  140031.000     0.999890     10013979      9102.22
  143487.000     0.999902     10014101     10240.00
  146047.000     0.999915     10014235     11702.86
  148095.000     0.999927     10014346     13653.33
  150399.000     0.999939     10014467     16384.00
  151423.000     0.999945     10014530     18204.44
  152575.000     0.999951     10014591     20480.00
  155007.000     0.999957     10014651     23405.71
  156927.000     0.999963     10014722     27306.67
  159103.000     0.999969     10014777     32768.00
  160383.000     0.999973     10014804     36408.89
  161535.000     0.999976     10014834     40960.00
  162815.000     0.999979     10014864     46811.43
  164607.000     0.999982     10014896     54613.33
  165503.000     0.999985     10014925     65536.00
  166015.000     0.999986     10014944     72817.78
  166271.000     0.999988     10014959     81920.00
  166783.000     0.999989     10014974     93622.86
  167039.000     0.999991     10014986    109226.67
  167551.000     0.999992     10015007    131072.00
  167679.000     0.999993     10015014    145635.56
  167807.000     0.999994     10015019    163840.00
  168063.000     0.999995     10015025    187245.71
  168575.000     0.999995     10015033    218453.33
  169215.000     0.999996     10015042    262144.00
  169343.000     0.999997     10015048    291271.11
  169343.000     0.999997     10015048    327680.00
  169599.000     0.999997     10015053    374491.43
  170111.000     0.999998     10015057    436906.67
  170239.000     0.999998     10015061    524288.00
  170239.000     0.999998     10015061    582542.22
  170367.000     0.999998     10015063    655360.00
  170495.000     0.999999     10015065    748982.86
  171007.000     0.999999     10015072    873813.33
  171007.000     0.999999     10015072   1048576.00
  171007.000     0.999999     10015072   1165084.44
  171007.000     0.999999     10015072   1310720.00
  171007.000     0.999999     10015072   1497965.71
  171007.000     0.999999     10015072   1747626.67
  171647.000     1.000000     10015074   2097152.00
  171647.000     1.000000     10015074   2330168.89
  171647.000     1.000000     10015074   2621440.00
  171647.000     1.000000     10015074   2995931.43
  171775.000     1.000000     10015075   3495253.33
  171775.000     1.000000     10015075   4194304.00
  171775.000     1.000000     10015075   4660337.78
  173311.000     1.000000     10015077   5242880.00
  173311.000     1.000000     10015077          inf
#[Mean    =     7350.009, StdDeviation   =     6491.381]
#[Max     =   173311.000, Total count    =     10015077]
#[Buckets =            8, SubBuckets     =         2048]
