       Value   Percentile   TotalCount 1/(1-Percentile)

      98.000     0.000000            1         1.00
     774.000     0.100000       852685         1.11
    1005.000     0.200000      1702848         1.25
    1254.000     0.300000      2553560         1.43
    1582.000     0.400000      3402013         1.67
    2111.000     0.500000      4252132         2.00
    2535.000     0.550000      4677276         2.22
    3171.000     0.600000      5101640         2.50
    4163.000     0.650000      5526518         2.86
    5795.000     0.700000      5951785         3.33
    8303.000     0.750000      6377299         4.00
    9783.000     0.775000      6589226         4.44
   11391.000     0.800000      6801928         5.00
   13175.000     0.825000      7014477         5.71
   15215.000     0.850000      7227239         6.67
   17599.000     0.875000      7439217         8.00
   18991.000     0.887500      7545853         8.89
   20559.000     0.900000      7652139        10.00
   22351.000     0.912500      7758065        11.43
   24415.000     0.925000      7864900        13.33
   26831.000     0.937500      7970786        16.00
   28239.000     0.943750      8023878        17.78
   29855.000     0.950000      8076957        20.00
   31727.000     0.956250      8130085        22.86
   34015.000     0.962500      8183691        26.67
   36863.000     0.968750      8236684        32.00
   38591.000     0.971875      8263105        35.56
   40607.000     0.975000      8289390        40.00
   43071.000     0.978125      8315933        45.71
   46079.000     0.981250      8342582        53.33
   49823.000     0.984375      8369162        64.00
   52095.000     0.985938      8382429        71.11
   54783.000     0.987500      8395634        80.00
   57951.000     0.989062      8408925        91.43
   61759.000     0.990625      8422138       106.67
   66239.000     0.992188      8435511       128.00
   68671.000     0.992969      8442065       142.22
   71615.000     0.993750      8448800       160.00
   75007.000     0.994531      8455372       182.86
   78975.000     0.995313      8462019       213.33
   83711.000     0.996094      8468649       256.00
   86079.000     0.996484      8471953       284.44
   88895.000     0.996875      8475283       320.00
   92351.000     0.997266      8478631       365.71
   96447.000     0.997656      8481920       426.67
  101439.000     0.998047      8485235       512.00
  104575.000     0.998242      8486907       568.89
  108415.000     0.998437      8488554       640.00
  112767.000     0.998633      8490209       731.43
  118143.000     0.998828      8491884       853.33
  125503.000     0.999023      8493539      1024.00
  129919.000     0.999121      8494374      1137.78
  133247.000     0.999219      8495192      1280.00
  137215.000     0.999316      8496019      1462.86
  142847.000     0.999414      8496854      1706.67
  151551.000     0.999512      8497681      2048.00
  156671.000     0.999561      8498096      2275.56
  160895.000     0.999609      8498514      2560.00
  164223.000     0.999658      8498930      2925.71
  167679.000     0.999707      8499343      3413.33
  173183.000     0.999756      8499760      4096.00
  177279.000     0.999780      8499962      4551.11
  182271.000     0.999805      8500176      5120.00
  189311.000     0.999829      8500380      5851.43
  193023.000     0.999854      8500585      6826.67
  198655.000     0.999878      8500794      8192.00
  202367.000     0.999890      8500899      9102.22
  206847.000     0.999902      8501000     10240.00
  212351.000     0.999915      8501105     11702.86
  217087.000     0.999927      8501209     13653.33
  220799.000     0.999939      8501313     16384.00
  227583.000     0.999945      8501363     18204.44
  231935.000     0.999951      8501415     20480.00
  248575.000     0.999957      8501467     23405.71
  265215.000     0.999963      8501519     27306.67
  281087.000     0.999969      8501572     32768.00
  287743.000     0.999973      8501597     36408.89
  292863.000     0.999976      8501623     40960.00
  300799.000     0.999979      8501649     46811.43
  372735.000     0.999982      8501676     54613.33
  374783.000     0.999985      8501702     65536.00
  375295.000     0.999986      8501721     72817.78
  375551.000     0.999988      8501743     81920.00
  375551.000     0.999989      8501743     93622.86
  375807.000     0.999991      8501753    109226.67
  376319.000     0.999992      8501769    131072.00
  376575.000     0.999993      8501773    145635.56
  377599.000     0.999994      8501779    163840.00
  440575.000     0.999995      8501785    187245.71
  445183.000     0.999995      8501793    218453.33
  446463.000     0.999996      8501798    262144.00
  447231.000     0.999997      8501804    291271.11
  447487.000     0.999997      8501805    327680.00
  448255.000     0.999997      8501810    374491.43
  448511.000     0.999998      8501816    436906.67
  448511.000     0.999998      8501816    524288.00
  448511.000     0.999998      8501816    582542.22
  448767.000     0.999998      8501818    655360.00
  449023.000     0.999999      8501819    748982.86
  449535.000     0.999999      8501821    873813.33
  449791.000     0.999999      8501822   1048576.00
  450047.000     0.999999      8501823   1165084.44
  450303.000     0.999999      8501826   1310720.00
  450303.000     0.999999      8501826   1497965.71
  450303.000     0.999999      8501826   1747626.67
  450303.000     1.000000      8501826   2097152.00
  450815.000     1.000000      8501828   2330168.89
  450815.000     1.000000      8501828   2621440.00
  450815.000     1.000000      8501828   2995931.43
  450815.000     1.000000      8501828   3495253.33
  450815.000     1.000000      8501828   4194304.00
  451071.000     1.000000      8501829   4660337.78
  451071.000     1.000000      8501829   5242880.00
  451071.000     1.000000      8501829   5991862.86
  451071.000     1.000000      8501829   6990506.67
  451071.000     1.000000      8501829   8388608.00
  451327.000     1.000000      8501830   9320675.55
  451327.000     1.000000      8501830          inf
#[Mean    =     7345.176, StdDeviation   =    12812.411]
#[Max     =   451327.000, Total count    =      8501830]
#[Buckets =            9, SubBuckets     =         2048]
