       Value   Percentile   TotalCount 1/(1-Percentile)

      51.000     0.000000            1         1.00
      67.000     0.100000       270273         1.11
      70.000     0.200000       516899         1.25
      72.000     0.300000       670752         1.43
      76.000     0.400000       925800         1.67
      80.000     0.500000      1162377         2.00
      82.000     0.550000      1279951         2.22
      84.000     0.600000      1394902         2.50
      86.000     0.650000      1503666         2.86
      88.000     0.700000      1603658         3.33
      90.000     0.750000      1691692         4.00
      92.000     0.775000      1766647         4.44
      93.000     0.800000      1799617         5.00
      95.000     0.825000      1857418         5.71
      97.000     0.850000      1905213         6.67
     100.000     0.875000      1962688         8.00
     102.000     0.887500      1993300         8.89
     104.000     0.900000      2019304        10.00
     106.000     0.912500      2041181        11.43
     109.000     0.925000      2067777        13.33
     113.000     0.937500      2095175        16.00
     116.000     0.943750      2112008        17.78
     119.000     0.950000      2126812        20.00
     122.000     0.956250      2140355        22.86
     125.000     0.962500      2153059        26.67
     128.000     0.968750      2164903        32.00
     130.000     0.971875      2172237        35.56
     132.000     0.975000      2179224        40.00
     135.000     0.978125      2188640        45.71
     137.000     0.981250      2194060        53.33
     140.000     0.984375      2201122        64.00
     142.000     0.985938      2204977        71.11
     143.000     0.987500      2206857        80.00
     146.000     0.989062      2211463        91.43
     148.000     0.990625      2213981       106.67
     152.000     0.992188      2218165       128.00
     154.000     0.992969      2219820       142.22
     156.000     0.993750      2221324       160.00
     158.000     0.994531      2222615       182.86
     161.000     0.995313      2224271       213.33
     165.000     0.996094      2226132       256.00
     167.000     0.996484      2226940       284.44
     170.000     0.996875      2227957       320.00
     172.000     0.997266      2228617       365.71
     175.000     0.997656      2229489       426.67
     179.000     0.998047      2230484       512.00
     181.000     0.998242      2230927       568.89
     183.000     0.998437      2231305       640.00
     185.000     0.998633      2231670       731.43
     188.000     0.998828      2232206       853.33
     191.000     0.999023      2232656      1024.00
     192.000     0.999121      2232798      1137.78
     194.000     0.999219      2233032      1280.00
     196.000     0.999316      2233244      1462.86
     198.000     0.999414      2233432      1706.67
     201.000     0.999512      2233656      2048.00
     202.000     0.999561      2233740      2275.56
     204.000     0.999609      2233859      2560.00
     206.000     0.999658      2233971      2925.71
     208.000     0.999707      2234074      3413.33
     211.000     0.999756      2234183      4096.00
     213.000     0.999780      2234250      4551.11
     214.000     0.999805      2234284      5120.00
     216.000     0.999829      2234353      5851.43
     218.000     0.999854      2234389      6826.67
     221.000     0.999878      2234453      8192.00
     222.000     0.999890      2234473      9102.22
     224.000     0.999902      2234495     10240.00
     227.000     0.999915      2234529     11702.86
     229.000     0.999927      2234552     13653.33
     232.000     0.999939      2234579     16384.00
     233.000     0.999945      2234590     18204.44
     235.000     0.999951      2234603     20480.00
     238.000     0.999957      2234618     23405.71
     240.000     0.999963      2234628     27306.67
     245.000     0.999969      2234645     32768.00
     249.000     0.999973      2234648     36408.89
     254.000     0.999976      2234655     40960.00
     260.000     0.999979      2234666     46811.43
     264.000     0.999982      2234669     54613.33
     274.000     0.999985      2234676     65536.00
     293.000     0.999986      2234679     72817.78
     324.000     0.999988      2234682     81920.00
     410.000     0.999989      2234686     93622.86
     434.000     0.999991      2234689    109226.67
     471.000     0.999992      2234692    131072.00
     500.000     0.999993      2234694    145635.56
     509.000     0.999994      2234696    163840.00
     520.000     0.999995      2234698    187245.71
     531.000     0.999995      2234699    218453.33
     569.000     0.999996      2234701    262144.00
     581.000     0.999997      2234702    291271.11
     584.000     0.999997      2234703    327680.00
     585.000     0.999997      2234704    374491.43
     585.000     0.999998      2234704    436906.67
     592.000     0.999998      2234705    524288.00
     598.000     0.999998      2234706    582542.22
     598.000     0.999998      2234706    655360.00
     629.000     0.999999      2234707    748982.86
     629.000     0.999999      2234707    873813.33
     629.000     0.999999      2234707   1048576.00
     637.000     0.999999      2234708   1165084.44
     637.000     0.999999      2234708   1310720.00
     637.000     0.999999      2234708   1497965.71
     637.000     0.999999      2234708   1747626.67
     637.000     1.000000      2234708   2097152.00
     652.000     1.000000      2234709   2330168.89
     652.000     1.000000      2234709          inf
#[Mean    =       83.444, StdDeviation   =       17.698]
#[Max     =      652.000, Total count    =      2234709]
#[Buckets =            1, SubBuckets     =         2048]
