       Value   Percentile   TotalCount 1/(1-Percentile)

      62.000     0.000000            1         1.00
     208.000     0.100000      1101217         1.11
     362.000     0.200000      2182013         1.25
     695.000     0.300000      3273074         1.43
    1209.000     0.400000      4363676         1.67
    1760.000     0.500000      5454923         2.00
    2361.000     0.550000      5999820         2.22
    3125.000     0.600000      6545580         2.50
    3979.000     0.650000      7091208         2.86
    5535.000     0.700000      7636260         3.33
    8207.000     0.750000      8182677         4.00
    9247.000     0.775000      8454381         4.44
   10783.000     0.800000      8726566         5.00
   12799.000     0.825000      9000369         5.71
   14471.000     0.850000      9272417         6.67
   16463.000     0.875000      9545076         8.00
   18255.000     0.887500      9681140         8.89
   21087.000     0.900000      9817891        10.00
   23135.000     0.912500      9953869        11.43
   24671.000     0.925000     10090638        13.33
   26207.000     0.937500     10226716        16.00
   27119.000     0.943750     10295010        17.78
   28303.000     0.950000     10362848        20.00
   30031.000     0.956250     10431311        22.86
   32431.000     0.962500     10499162        26.67
   35199.000     0.968750     10567330        32.00
   36767.000     0.971875     10601516        35.56
   38559.000     0.975000     10635968        40.00
   40319.000     0.978125     10669656        45.71
   42431.000     0.981250     10703933        53.33
   45151.000     0.984375     10737884        64.00
   47007.000     0.985938     10754749        71.11
   49215.000     0.987500     10771896        80.00
   52351.000     0.989062     10788915        91.43
   56991.000     0.990625     10805900       106.67
   63071.000     0.992188     10822912       128.00
   66815.000     0.992969     10831495       142.22
   70463.000     0.993750     10840032       160.00
   74239.000     0.994531     10848642       182.86
   78079.000     0.995313     10857054       213.33
   82047.000     0.996094     10865595       256.00
   84223.000     0.996484     10869778       284.44
   86719.000     0.996875     10874082       320.00
   89343.000     0.997266     10878297       365.71
   92735.000     0.997656     10882625       426.67
   96191.000     0.998047     10886847       512.00
   98239.000     0.998242     10888973       568.89
  100287.000     0.998437     10891096       640.00
  102591.000     0.998633     10893223       731.43
  105279.000     0.998828     10895378       853.33
  108159.000     0.999023     10897478      1024.00
  109823.000     0.999121     10898552      1137.78
  111679.000     0.999219     10899613      1280.00
  113791.000     0.999316     10900679      1462.86
  115967.000     0.999414     10901740      1706.67
  118335.000     0.999512     10902809      2048.00
  119615.000     0.999561     10903339      2275.56
  120831.000     0.999609     10903877      2560.00
  122303.000     0.999658     10904393      2925.71
  124479.000     0.999707     10904932      3413.33
  126911.000     0.999756     10905463      4096.00
  127935.000     0.999780     10905727      4551.11
  129279.000     0.999805     10906003      5120.00
  130687.000     0.999829     10906261      5851.43
  132479.000     0.999854     10906541      6826.67
  134399.000     0.999878     10906796      8192.00
  135807.000     0.999890     10906925      9102.22
  137599.000     0.999902     10907057     10240.00
  139903.000     0.999915     10907190     11702.86
  143231.000     0.999927     10907323     13653.33
  146687.000     0.999939     10907463     16384.00
  148479.000     0.999945     10907523     18204.44
  150655.000     0.999951     10907593     20480.00
  152191.000     0.999957     10907658     23405.71
  154367.000     0.999963     10907723     27306.67
  157823.000     0.999969     10907789     32768.00
  160255.000     0.999973     10907822     36408.89
  163455.000     0.999976     10907855     40960.00
  166527.000     0.999979     10907889     46811.43
  168319.000     0.999982     10907922     54613.33
  170239.000     0.999985     10907956     65536.00
  171263.000     0.999986     10907974     72817.78
  171775.000     0.999988     10907989     81920.00
  173311.000     0.999989     10908008     93622.86
  174719.000     0.999991     10908022    109226.67
  179839.000     0.999992     10908038    131072.00
  181887.000     0.999993     10908048    145635.56
  182911.000     0.999994     10908058    163840.00
  183423.000     0.999995     10908063    187245.71
  184063.000     0.999995     10908074    218453.33
  184831.000     0.999996     10908081    262144.00
  185471.000     0.999997     10908085    291271.11
  185983.000     0.999997     10908090    327680.00
  186111.000     0.999997     10908092    374491.43
  187391.000     0.999998     10908097    436906.67
  189951.000     0.999998     10908101    524288.00
  191103.000     0.999998     10908103    582542.22
  191231.000     0.999998     10908105    655360.00
  192895.000     0.999999     10908107    748982.86
  194175.000     0.999999     10908109    873813.33
  195071.000     0.999999     10908111   1048576.00
  195199.000     0.999999     10908112   1165084.44
  195583.000     0.999999     10908114   1310720.00
  195583.000     0.999999     10908114   1497965.71
  196863.000     0.999999     10908115   1747626.67
  197375.000     1.000000     10908117   2097152.00
  197375.000     1.000000     10908117   2330168.89
  197375.000     1.000000     10908117   2621440.00
  197631.000     1.000000     10908118   2995931.43
  197631.000     1.000000     10908118   3495253.33
  197887.000     1.000000     10908119   4194304.00
  197887.000     1.000000     10908119   4660337.78
  197887.000     1.000000     10908119   5242880.00
  198911.000     1.000000     10908120   5991862.86
  198911.000     1.000000     10908120   6990506.67
  198911.000     1.000000     10908120   8388608.00
  198911.000     1.000000     10908120   9320675.55
  198911.000     1.000000     10908120  10485760.00
  201215.000     1.000000     10908121  11983725.71
  201215.000     1.000000     10908121          inf
#[Mean    =     6799.571, StdDeviation   =    11895.758]
#[Max     =   201215.000, Total count    =     10908121]
#[Buckets =            8, SubBuckets     =         2048]
