       Value   Percentile   TotalCount 1/(1-Percentile)

    1734.000     0.000000            1         1.00
    8027.000     0.100000       120112         1.11
    8215.000     0.200000       242083         1.25
    8311.000     0.300000       368508         1.43
    8359.000     0.400000       486449         1.67
    8399.000     0.500000       619126         2.00
    8415.000     0.550000       680114         2.22
    8431.000     0.600000       736028         2.50
    8447.000     0.650000       790650         2.86
    8463.000     0.700000       839541         3.33
    8487.000     0.750000       903901         4.00
    8495.000     0.775000       922659         4.44
    8511.000     0.800000       955588         5.00
    8527.000     0.825000       986636         5.71
    8543.000     0.850000      1012706         6.67
    8567.000     0.875000      1043087         8.00
    8583.000     0.887500      1058615         8.89
    8599.000     0.900000      1072290        10.00
    8615.000     0.912500      1083397        11.43
    8647.000     0.925000      1097062        13.33
    8727.000     0.937500      1111999        16.00
    8807.000     0.943750      1119266        17.78
    8927.000     0.950000      1126789        20.00
    9719.000     0.956250      1134036        22.86
   10391.000     0.962500      1141417        26.67
   10703.000     0.968750      1148977        32.00
   10807.000     0.971875      1152529        35.56
   10919.000     0.975000      1156260        40.00
   11015.000     0.978125      1160101        45.71
   11095.000     0.981250      1163669        53.33
   11175.000     0.984375      1167550        64.00
   11207.000     0.985938      1169194        71.11
   11239.000     0.987500      1171268        80.00
   11271.000     0.989062      1173525        91.43
   11295.000     0.990625      1175353       106.67
   11319.000     0.992188      1177137       128.00
   11327.000     0.992969      1177645       142.22
   11343.000     0.993750      1178791       160.00
   11359.000     0.994531      1179762       182.86
   11375.000     0.995313      1180629       213.33
   11391.000     0.996094      1181525       256.00
   11399.000     0.996484      1181992       284.44
   11407.000     0.996875      1182316       320.00
   11415.000     0.997266      1182624       365.71
   11431.000     0.997656      1183215       426.67
   11447.000     0.998047      1183687       512.00
   11455.000     0.998242      1183927       568.89
   11463.000     0.998437      1184072       640.00
   11479.000     0.998633      1184294       731.43
   11495.000     0.998828      1184554       853.33
   11511.000     0.999023      1184781      1024.00
   11519.000     0.999121      1184831      1137.78
   11527.000     0.999219      1184927      1280.00
   11559.000     0.999316      1185076      1462.86
   11575.000     0.999414      1185178      1706.67
   11599.000     0.999512      1185277      2048.00
   11631.000     0.999561      1185336      2275.56
   11655.000     0.999609      1185392      2560.00
   11695.000     0.999658      1185459      2925.71
   11727.000     0.999707      1185510      3413.33
   11759.000     0.999756      1185562      4096.00
   11767.000     0.999780      1185592      4551.11
   11791.000     0.999805      1185641      5120.00
   11815.000     0.999829      1185658      5851.43
   11823.000     0.999854      1185723      6826.67
   11823.000     0.999878      1185723      8192.00
   11823.000     0.999890      1185723      9102.22
   11831.000     0.999902      1185746     10240.00
   11839.000     0.999915      1185752     11702.86
   12535.000     0.999927      1185772     13653.33
   13079.000     0.999939      1185782     16384.00
   13807.000     0.999945      1185796     18204.44
   13807.000     0.999951      1185796     20480.00
   13863.000     0.999957      1185804     23405.71
   13887.000     0.999963      1185820     27306.67
   13887.000     0.999969      1185820     32768.00
   13887.000     0.999973      1185820     36408.89
   13919.000     0.999976      1185830     40960.00
   13919.000     0.999979      1185830     46811.43
   13919.000     0.999982      1185830     54613.33
   13927.000     0.999985      1185836     65536.00
   13927.000     0.999986      1185836     72817.78
   13959.000     0.999988      1185843     81920.00
   13959.000     0.999989      1185843     93622.86
   13959.000     0.999991      1185843    109226.67
   13959.000     0.999992      1185843    131072.00
   13959.000     0.999993      1185843    145635.56
   13967.000     0.999994      1185851    163840.00
   13967.000     1.000000      1185851          inf
#[Mean    =     8430.481, StdDeviation   =      629.456]
#[Max     =    13967.000, Total count    =      1185851]
#[Buckets =            4, SubBuckets     =         2048]
