       Value   Percentile   TotalCount 1/(1-Percentile)

      51.000     0.000000            1         1.00
      69.000     0.100000       229832         1.11
      72.000     0.200000       449582         1.25
      75.000     0.300000       724398         1.43
      77.000     0.400000       900954         1.67
      80.000     0.500000      1123154         2.00
      82.000     0.550000      1245921         2.22
      84.000     0.600000      1353019         2.50
      87.000     0.650000      1500315         2.86
      89.000     0.700000      1593693         3.33
      91.000     0.750000      1681119         4.00
      93.000     0.775000      1760061         4.44
      94.000     0.800000      1796223         5.00
      96.000     0.825000      1860317         5.71
      98.000     0.850000      1914864         6.67
     100.000     0.875000      1961128         8.00
     102.000     0.887500      2000601         8.89
     103.000     0.900000      2017707        10.00
     105.000     0.912500      2047687        11.43
     107.000     0.925000      2072801        13.33
     110.000     0.937500      2103887        16.00
     111.000     0.943750      2112664        17.78
     113.000     0.950000      2128789        20.00
     115.000     0.956250      2142909        22.86
     117.000     0.962500      2155506        26.67
     119.000     0.968750      2166443        32.00
     121.000     0.971875      2175748        35.56
     122.000     0.975000      2179877        40.00
     124.000     0.978125      2187350        45.71
     126.000     0.981250      2193925        53.33
     129.000     0.984375      2202295        64.00
     130.000     0.985938      2204787        71.11
     132.000     0.987500      2209532        80.00
     133.000     0.989062      2211585        91.43
     135.000     0.990625      2215180       106.67
     138.000     0.992188      2219327       128.00
     139.000     0.992969      2220466       142.22
     141.000     0.993750      2222471       160.00
     143.000     0.994531      2224155       182.86
     145.000     0.995313      2225579       213.33
     148.000     0.996094      2227358       256.00
     149.000     0.996484      2227880       284.44
     151.000     0.996875      2228851       320.00
     153.000     0.997266      2229666       365.71
     156.000     0.997656      2230633       426.67
     159.000     0.998047      2231452       512.00
     161.000     0.998242      2231929       568.89
     163.000     0.998437      2232334       640.00
     165.000     0.998633      2232706       731.43
     168.000     0.998828      2233196       853.33
     170.000     0.999023      2233509      1024.00
     173.000     0.999121      2233837      1137.78
     174.000     0.999219      2233947      1280.00
     177.000     0.999316      2234244      1462.86
     179.000     0.999414      2234403      1706.67
     182.000     0.999512      2234621      2048.00
     184.000     0.999561      2234729      2275.56
     186.000     0.999609      2234832      2560.00
     189.000     0.999658      2234964      2925.71
     191.000     0.999707      2235050      3413.33
     194.000     0.999756      2235167      4096.00
     196.000     0.999780      2235227      4551.11
     198.000     0.999805      2235273      5120.00
     200.000     0.999829      2235322      5851.43
     202.000     0.999854      2235365      6826.67
     205.000     0.999878      2235420      8192.00
     207.000     0.999890      2235451      9102.22
     209.000     0.999902      2235478     10240.00
     212.000     0.999915      2235508     11702.86
     215.000     0.999927      2235538     13653.33
     218.000     0.999939      2235558     16384.00
     220.000     0.999945      2235575     18204.44
     223.000     0.999951      2235585     20480.00
     225.000     0.999957      2235599     23405.71
     227.000     0.999963      2235613     27306.67
     232.000     0.999969      2235627     32768.00
     234.000     0.999973      2235631     36408.89
     236.000     0.999976      2235639     40960.00
     241.000     0.999979      2235645     46811.43
     245.000     0.999982      2235652     54613.33
     254.000     0.999985      2235659     65536.00
     282.000     0.999986      2235662     72817.78
     299.000     0.999988      2235665     81920.00
     442.000     0.999989      2235669     93622.86
     451.000     0.999991      2235672    109226.67
     464.000     0.999992      2235675    131072.00
     468.000     0.999993      2235677    145635.56
     476.000     0.999994      2235679    163840.00
     494.000     0.999995      2235681    187245.71
     508.000     0.999995      2235682    218453.33
     514.000     0.999996      2235684    262144.00
     515.000     0.999997      2235685    291271.11
     559.000     0.999997      2235686    327680.00
     589.000     0.999997      2235687    374491.43
     589.000     0.999998      2235687    436906.67
     653.000     0.999998      2235688    524288.00
     666.000     0.999998      2235689    582542.22
     666.000     0.999998      2235689    655360.00
     682.000     0.999999      2235690    748982.86
     682.000     0.999999      2235690    873813.33
     682.000     0.999999      2235690   1048576.00
     692.000     0.999999      2235691   1165084.44
     692.000     0.999999      2235691   1310720.00
     692.000     0.999999      2235691   1497965.71
     692.000     0.999999      2235691   1747626.67
     692.000     1.000000      2235691   2097152.00
     767.000     1.000000      2235692   2330168.89
     767.000     1.000000      2235692          inf
#[Mean    =       84.169, StdDeviation   =       15.084]
#[Max     =      767.000, Total count    =      2235692]
#[Buckets =            1, SubBuckets     =         2048]
