       Value   Percentile   TotalCount 1/(1-Percentile)

      68.000     0.000000            1         1.00
      95.000     0.100000       153165         1.11
     101.000     0.200000       299220         1.25
     106.000     0.300000       453790         1.43
     111.000     0.400000       595364         1.67
     118.000     0.500000       731863         2.00
     123.000     0.550000       819661         2.22
     127.000     0.600000       892252         2.50
     131.000     0.650000       969581         2.86
     134.000     0.700000      1029319         3.33
     138.000     0.750000      1100044         4.00
     141.000     0.775000      1147120         4.44
     143.000     0.800000      1175530         5.00
     146.000     0.825000      1213342         5.71
     149.000     0.850000      1244628         6.67
     154.000     0.875000      1281647         8.00
     158.000     0.887500      1301527         8.89
     162.000     0.900000      1318086        10.00
     167.000     0.912500      1335458        11.43
     173.000     0.925000      1353238        13.33
     180.000     0.937500      1371427        16.00
     184.000     0.943750      1380026        17.78
     189.000     0.950000      1389900        20.00
     194.000     0.956250      1398440        22.86
     200.000     0.962500      1407505        26.67
     207.000     0.968750      1416740        32.00
     211.000     0.971875      1421537        35.56
     215.000     0.975000      1425852        40.00
     219.000     0.978125      1429768        45.71
     225.000     0.981250      1434470        53.33
     232.000     0.984375      1438715        64.00
     237.000     0.985938      1441143        71.11
     242.000     0.987500      1443310        80.00
     248.000     0.989062      1445733        91.43
     254.000     0.990625      1448154       106.67
     261.000     0.992188      1450400       128.00
     265.000     0.992969      1451458       142.22
     269.000     0.993750      1452453       160.00
     274.000     0.994531      1453666       182.86
     278.000     0.995313      1454752       213.33
     282.000     0.996094      1455839       256.00
     284.000     0.996484      1456407       284.44
     287.000     0.996875      1457235       320.00
     289.000     0.997266      1457729       365.71
     291.000     0.997656      1458189       426.67
     294.000     0.998047      1458774       512.00
     296.000     0.998242      1459103       568.89
     298.000     0.998437      1459420       640.00
     299.000     0.998633      1459554       731.43
     302.000     0.998828      1459922       853.33
     304.000     0.999023      1460142      1024.00
     306.000     0.999121      1460320      1137.78
     307.000     0.999219      1460414      1280.00
     309.000     0.999316      1460561      1462.86
     312.000     0.999414      1460720      1706.67
     315.000     0.999512      1460866      2048.00
     316.000     0.999561      1460914      2275.56
     318.000     0.999609      1460992      2560.00
     320.000     0.999658      1461063      2925.71
     322.000     0.999707      1461125      3413.33
     325.000     0.999756      1461198      4096.00
     327.000     0.999780      1461241      4551.11
     328.000     0.999805      1461275      5120.00
     330.000     0.999829      1461296      5851.43
     333.000     0.999854      1461329      6826.67
     338.000     0.999878      1461367      8192.00
     342.000     0.999890      1461384      9102.22
     345.000     0.999902      1461401     10240.00
     350.000     0.999915      1461420     11702.86
     357.000     0.999927      1461435     13653.33
     371.000     0.999939      1461454     16384.00
     410.000     0.999945      1461463     18204.44
     476.000     0.999951      1461472     20480.00
     561.000     0.999957      1461480     23405.71
     670.000     0.999963      1461489     27306.67
     747.000     0.999969      1461498     32768.00
     806.000     0.999973      1461502     36408.89
     902.000     0.999976      1461507     40960.00
     971.000     0.999979      1461511     46811.43
    1054.000     0.999982      1461516     54613.33
    1357.000     0.999985      1461520     65536.00
    1409.000     0.999986      1461522     72817.78
    1481.000     0.999988      1461525     81920.00
    1583.000     0.999989      1461527     93622.86
    1783.000     0.999991      1461529    109226.67
    1875.000     0.999992      1461531    131072.00
    1917.000     0.999993      1461532    145635.56
    1928.000     0.999994      1461534    163840.00
    1982.000     0.999995      1461535    187245.71
    2051.000     0.999995      1461536    218453.33
    2063.000     0.999996      1461537    262144.00
    2063.000     0.999997      1461537    291271.11
    2067.000     0.999997      1461538    327680.00
    3753.000     0.999997      1461539    374491.43
    3753.000     0.999998      1461539    436906.67
    4371.000     0.999998      1461540    524288.00
    4371.000     0.999998      1461540    582542.22
    4371.000     0.999998      1461540    655360.00
    4411.000     0.999999      1461541    748982.86
    4411.000     0.999999      1461541    873813.33
    4411.000     0.999999      1461541   1048576.00
    4411.000     0.999999      1461541   1165084.44
    4411.000     0.999999      1461541   1310720.00
    6031.000     0.999999      1461542   1497965.71
    6031.000     1.000000      1461542          inf
#[Mean    =      125.647, StdDeviation   =       33.837]
#[Max     =     6031.000, Total count    =      1461542]
#[Buckets =            3, SubBuckets     =         2048]
