       Value   Percentile   TotalCount 1/(1-Percentile)

     476.000     0.000000            1         1.00
   13255.000     0.100000        76802         1.11
   13319.000     0.200000       149700         1.25
   13367.000     0.300000       234370         1.43
   13399.000     0.400000       310461         1.67
   13423.000     0.500000       377698         2.00
   13439.000     0.550000       422671         2.22
   13455.000     0.600000       466528         2.50
   13463.000     0.650000       487253         2.86
   13479.000     0.700000       527492         3.33
   13495.000     0.750000       563861         4.00
   13503.000     0.775000       580295         4.44
   13519.000     0.800000       611249         5.00
   13527.000     0.825000       625126         5.71
   13535.000     0.850000       637252         6.67
   13551.000     0.875000       658011         8.00
   13559.000     0.887500       667358         8.89
   13567.000     0.900000       676274        10.00
   13575.000     0.912500       685411        11.43
   13583.000     0.925000       693117        13.33
   13591.000     0.937500       700834        16.00
   13599.000     0.943750       707274        17.78
   13607.000     0.950000       712805        20.00
   13615.000     0.956250       717564        22.86
   13623.000     0.962500       721730        26.67
   13631.000     0.968750       725235        32.00
   13631.000     0.971875       725235        35.56
   13639.000     0.975000       728753        40.00
   13647.000     0.978125       731326        45.71
   13655.000     0.981250       733058        53.33
   13671.000     0.984375       735308        64.00
   13679.000     0.985938       736140        71.11
   13687.000     0.987500       737028        80.00
   13703.000     0.989062       738190        91.43
   13727.000     0.990625       739231       106.67
   13767.000     0.992188       740359       128.00
   13815.000     0.992969       741035       142.22
   13855.000     0.993750       741599       160.00
   13887.000     0.994531       742120       182.86
   13911.000     0.995313       742708       213.33
   13943.000     0.996094       743260       256.00
   13959.000     0.996484       743699       284.44
   13967.000     0.996875       743975       320.00
   13975.000     0.997266       744232       365.71
   13983.000     0.997656       744432       426.67
   14023.000     0.998047       744717       512.00
   14087.000     0.998242       744859       568.89
   14471.000     0.998437       745001       640.00
   14847.000     0.998633       745145       731.43
   15223.000     0.998828       745296       853.33
   15455.000     0.999023       745510      1024.00
   15455.000     0.999121       745510      1137.78
   15463.000     0.999219       745589      1280.00
   15471.000     0.999316       745657      1462.86
   15487.000     0.999414       745764      1706.67
   15495.000     0.999512       745819      2048.00
   15503.000     0.999561       745855      2275.56
   15511.000     0.999609       745919      2560.00
   15511.000     0.999658       745919      2925.71
   15519.000     0.999707       745948      3413.33
   15559.000     0.999756       745982      4096.00
   21199.000     0.999780       746001      4551.11
   22783.000     0.999805       746017      5120.00
   24079.000     0.999829       746036      5851.43
   24207.000     0.999854       746053      6826.67
   26335.000     0.999878       746071      8192.00
   26559.000     0.999890       746082      9102.22
   26623.000     0.999902       746092     10240.00
   26703.000     0.999915       746099     11702.86
   26751.000     0.999927       746108     13653.33
   26815.000     0.999939       746120     16384.00
   26831.000     0.999945       746122     18204.44
   26847.000     0.999951       746126     20480.00
   26895.000     0.999957       746136     23405.71
   26895.000     0.999963       746136     27306.67
   26927.000     0.999969       746144     32768.00
   26927.000     0.999973       746144     36408.89
   26927.000     0.999976       746144     40960.00
   26959.000     0.999979       746149     46811.43
   26959.000     0.999982       746149     54613.33
   26975.000     0.999985       746151     65536.00
   27007.000     0.999986       746153     72817.78
   27007.000     0.999988       746153     81920.00
   27039.000     0.999989       746155     93622.86
   27071.000     0.999991       746156    109226.67
   27087.000     0.999992       746158    131072.00
   27087.000     0.999993       746158    145635.56
   27087.000     0.999994       746158    163840.00
   27343.000     0.999995       746159    187245.71
   27343.000     0.999995       746159    218453.33
   27359.000     0.999996       746160    262144.00
   27359.000     0.999997       746160    291271.11
   27359.000     0.999997       746160    327680.00
   27423.000     0.999997       746161    374491.43
   27423.000     0.999998       746161    436906.67
   27423.000     0.999998       746161    524288.00
   27423.000     0.999998       746161    582542.22
   27423.000     0.999998       746161    655360.00
   27439.000     0.999999       746162    748982.86
   27439.000     1.000000       746162          inf
#[Mean    =    13402.182, StdDeviation   =      366.376]
#[Max     =    27439.000, Total count    =       746162]
#[Buckets =            5, SubBuckets     =         2048]
