       Value   Percentile   TotalCount 1/(1-Percentile)

      65.000     0.000000            1         1.00
      95.000     0.100000       162761         1.11
     102.000     0.200000       312398         1.25
     106.000     0.300000       452352         1.43
     112.000     0.400000       612065         1.67
     117.000     0.500000       766221         2.00
     119.000     0.550000       832182         2.22
     121.000     0.600000       893837         2.50
     124.000     0.650000       975486         2.86
     127.000     0.700000      1043477         3.33
     131.000     0.750000      1115532         4.00
     134.000     0.775000      1158766         4.44
     137.000     0.800000      1194926         5.00
     140.000     0.825000      1224041         5.71
     145.000     0.850000      1260612         6.67
     153.000     0.875000      1298570         8.00
     158.000     0.887500      1314886         8.89
     165.000     0.900000      1333784        10.00
     172.000     0.912500      1353547        11.43
     178.000     0.925000      1370925        13.33
     185.000     0.937500      1389509        16.00
     189.000     0.943750      1399913        17.78
     193.000     0.950000      1409679        20.00
     196.000     0.956250      1416702        22.86
     201.000     0.962500      1427526        26.67
     205.000     0.968750      1435211        32.00
     208.000     0.971875      1440459        35.56
     211.000     0.975000      1445186        40.00
     214.000     0.978125      1449539        45.71
     218.000     0.981250      1454843        53.33
     221.000     0.984375      1458377        64.00
     224.000     0.985938      1461489        71.11
     226.000     0.987500      1463326        80.00
     229.000     0.989062      1465696        91.43
     232.000     0.990625      1467784       106.67
     236.000     0.992188      1470156       128.00
     238.000     0.992969      1471151       142.22
     241.000     0.993750      1472521       160.00
     244.000     0.994531      1473788       182.86
     246.000     0.995313      1474575       213.33
     249.000     0.996094      1475729       256.00
     251.000     0.996484      1476440       284.44
     253.000     0.996875      1477093       320.00
     255.000     0.997266      1477603       365.71
     257.000     0.997656      1478088       426.67
     260.000     0.998047      1478682       512.00
     262.000     0.998242      1479029       568.89
     264.000     0.998437      1479306       640.00
     266.000     0.998633      1479521       731.43
     269.000     0.998828      1479850       853.33
     272.000     0.999023      1480095      1024.00
     274.000     0.999121      1480201      1137.78
     277.000     0.999219      1480363      1280.00
     280.000     0.999316      1480494      1462.86
     284.000     0.999414      1480643      1706.67
     289.000     0.999512      1480787      2048.00
     291.000     0.999561      1480842      2275.56
     294.000     0.999609      1480919      2560.00
     298.000     0.999658      1480997      2925.71
     303.000     0.999707      1481068      3413.33
     308.000     0.999756      1481127      4096.00
     313.000     0.999780      1481170      4551.11
     317.000     0.999805      1481205      5120.00
     323.000     0.999829      1481236      5851.43
     331.000     0.999854      1481273      6826.67
     339.000     0.999878      1481309      8192.00
     346.000     0.999890      1481327      9102.22
     351.000     0.999902      1481350     10240.00
     358.000     0.999915      1481363     11702.86
     369.000     0.999927      1481380     13653.33
     385.000     0.999939      1481398     16384.00
     392.000     0.999945      1481407     18204.44
     410.000     0.999951      1481418     20480.00
     425.000     0.999957      1481425     23405.71
     453.000     0.999963      1481434     27306.67
     493.000     0.999969      1481443     32768.00
     535.000     0.999973      1481448     36408.89
     559.000     0.999976      1481452     40960.00
     598.000     0.999979      1481457     46811.43
     742.000     0.999982      1481461     54613.33
     940.000     0.999985      1481466     65536.00
    1058.000     0.999986      1481468     72817.78
    1182.000     0.999988      1481470     81920.00
    1238.000     0.999989      1481473     93622.86
    1248.000     0.999991      1481475    109226.67
    1309.000     0.999992      1481477    131072.00
    1313.000     0.999993      1481478    145635.56
    1317.000     0.999994      1481479    163840.00
    1349.000     0.999995      1481481    187245.71
    1355.000     0.999995      1481482    218453.33
    1391.000     0.999996      1481483    262144.00
    1391.000     0.999997      1481483    291271.11
    1423.000     0.999997      1481484    327680.00
    1445.000     0.999997      1481485    374491.43
    1445.000     0.999998      1481485    436906.67
    1465.000     0.999998      1481486    524288.00
    1465.000     0.999998      1481486    582542.22
    1465.000     0.999998      1481486    655360.00
    1716.000     0.999999      1481487    748982.86
    1716.000     0.999999      1481487    873813.33
    1716.000     0.999999      1481487   1048576.00
    1716.000     0.999999      1481487   1165084.44
    1716.000     0.999999      1481487   1310720.00
    3865.000     0.999999      1481488   1497965.71
    3865.000     1.000000      1481488          inf
#[Mean    =      123.520, StdDeviation   =       30.996]
#[Max     =     3865.000, Total count    =      1481488]
#[Buckets =            2, SubBuckets     =         2048]
