       Value   Percentile   TotalCount 1/(1-Percentile)

      67.000     0.000000            3         1.00
     528.000     0.100000       570778         1.11
     800.000     0.200000      1142719         1.25
    1109.000     0.300000      1712022         1.43
    1526.000     0.400000      2283381         1.67
    2199.000     0.500000      2854583         2.00
    2755.000     0.550000      3138741         2.22
    3621.000     0.600000      3424439         2.50
    4887.000     0.650000      3709710         2.86
    6363.000     0.700000      3995197         3.33
    7855.000     0.750000      4280619         4.00
    8591.000     0.775000      4423937         4.44
    9319.000     0.800000      4566217         5.00
   10063.000     0.825000      4709176         5.71
   10831.000     0.850000      4851795         6.67
   11647.000     0.875000      4994168         8.00
   12079.000     0.887500      5065223         8.89
   12535.000     0.900000      5136831        10.00
   13023.000     0.912500      5207471        11.43
   13567.000     0.925000      5279718        13.33
   14159.000     0.937500      5350778        16.00
   14479.000     0.943750      5385982        17.78
   14823.000     0.950000      5421539        20.00
   15207.000     0.956250      5457215        22.86
   15639.000     0.962500      5493232        26.67
   16127.000     0.968750      5528718        32.00
   16399.000     0.971875      5546764        35.56
   16687.000     0.975000      5564056        40.00
   17023.000     0.978125      5582054        45.71
   17407.000     0.981250      5600140        53.33
   17839.000     0.984375      5617708        64.00
   18095.000     0.985938      5626899        71.11
   18367.000     0.987500      5635596        80.00
   18671.000     0.989062      5644323        91.43
   19039.000     0.990625      5653422       106.67
   19455.000     0.992188      5662319       128.00
   19679.000     0.992969      5666579       142.22
   19935.000     0.993750      5671036       160.00
   20255.000     0.994531      5675692       182.86
   20591.000     0.995313      5680091       213.33
   20975.000     0.996094      5684592       256.00
   21183.000     0.996484      5686703       284.44
   21423.000     0.996875      5688884       320.00
   21695.000     0.997266      5691145       365.71
   21999.000     0.997656      5693379       426.67
   22351.000     0.998047      5695631       512.00
   22543.000     0.998242      5696706       568.89
   22783.000     0.998437      5697854       640.00
   23023.000     0.998633      5698922       731.43
   23311.000     0.998828      5700033       853.33
   23631.000     0.999023      5701136      1024.00
   23823.000     0.999121      5701713      1137.78
   24031.000     0.999219      5702258      1280.00
   24271.000     0.999316      5702821      1462.86
   24527.000     0.999414      5703381      1706.67
   24815.000     0.999512      5703935      2048.00
   24991.000     0.999561      5704201      2275.56
   25199.000     0.999609      5704487      2560.00
   25423.000     0.999658      5704760      2925.71
   25663.000     0.999707      5705044      3413.33
   25967.000     0.999756      5705318      4096.00
   26127.000     0.999780      5705449      4551.11
   26319.000     0.999805      5705586      5120.00
   26511.000     0.999829      5705723      5851.43
   26767.000     0.999854      5705871      6826.67
   27007.000     0.999878      5706011      8192.00
   27151.000     0.999890      5706072      9102.22
   27359.000     0.999902      5706141     10240.00
   27567.000     0.999915      5706214     11702.86
   27807.000     0.999927      5706289     13653.33
   28047.000     0.999939      5706354     16384.00
   28223.000     0.999945      5706388     18204.44
   28383.000     0.999951      5706421     20480.00
   28511.000     0.999957      5706455     23405.71
   28735.000     0.999963      5706490     27306.67
   28927.000     0.999969      5706524     32768.00
   29055.000     0.999973      5706542     36408.89
   29199.000     0.999976      5706559     40960.00
   29439.000     0.999979      5706578     46811.43
   29647.000     0.999982      5706594     54613.33
   29855.000     0.999985      5706611     65536.00
   29935.000     0.999986      5706621     72817.78
   30095.000     0.999988      5706629     81920.00
   30207.000     0.999989      5706638     93622.86
   30303.000     0.999991      5706648    109226.67
   30431.000     0.999992      5706655    131072.00
   30527.000     0.999993      5706659    145635.56
   30671.000     0.999994      5706664    163840.00
   31007.000     0.999995      5706668    187245.71
   31215.000     0.999995      5706672    218453.33
   31375.000     0.999996      5706677    262144.00
   31823.000     0.999997      5706680    291271.11
   31871.000     0.999997      5706681    327680.00
   31983.000     0.999997      5706683    374491.43
   32383.000     0.999998      5706685    436906.67
   32751.000     0.999998      5706688    524288.00
   32991.000     0.999998      5706689    582542.22
   33247.000     0.999998      5706690    655360.00
   33407.000     0.999999      5706691    748982.86
   33727.000     0.999999      5706692    873813.33
   33983.000     0.999999      5706694   1048576.00
   33983.000     0.999999      5706694   1165084.44
   33983.000     0.999999      5706694   1310720.00
   34239.000     0.999999      5706695   1497965.71
   34239.000     0.999999      5706695   1747626.67
   34367.000     1.000000      5706696   2097152.00
   34367.000     1.000000      5706696   2330168.89
   34367.000     1.000000      5706696   2621440.00
   34719.000     1.000000      5706697   2995931.43
   34719.000     1.000000      5706697   3495253.33
   34719.000     1.000000      5706697   4194304.00
   34719.000     1.000000      5706697   4660337.78
   34719.000     1.000000      5706697   5242880.00
   34975.000     1.000000      5706698   5991862.86
   34975.000     1.000000      5706698          inf
#[Mean    =     4700.779, StdDeviation   =     4947.585]
#[Max     =    34975.000, Total count    =      5706698]
#[Buckets =            6, SubBuckets     =         2048]
