       Value   Percentile   TotalCount 1/(1-Percentile)

    1193.000     0.000000            1         1.00
    9207.000     0.100000       103545         1.11
    9439.000     0.200000       205605         1.25
    9559.000     0.300000       312172         1.43
    9647.000     0.400000       419534         1.67
    9711.000     0.500000       514672         2.00
    9751.000     0.550000       576156         2.22
    9783.000     0.600000       623835         2.50
    9815.000     0.650000       669088         2.86
    9855.000     0.700000       722166         3.33
    9903.000     0.750000       776020         4.00
    9927.000     0.775000       798701         4.44
    9959.000     0.800000       827331         5.00
    9991.000     0.825000       852176         5.71
   10023.000     0.850000       873364         6.67
   10071.000     0.875000       901679         8.00
   10095.000     0.887500       913642         8.89
   10127.000     0.900000       927799        10.00
   10159.000     0.912500       939707        11.43
   10199.000     0.925000       951873        13.33
   10255.000     0.937500       964025        16.00
   10303.000     0.943750       969941        17.78
   10367.000     0.950000       976047        20.00
   10519.000     0.956250       982645        22.86
   11127.000     0.962500       988827        26.67
   11951.000     0.968750       995278        32.00
   12207.000     0.971875       998533        35.56
   12463.000     0.975000      1001725        40.00
   12655.000     0.978125      1004961        45.71
   12815.000     0.981250      1008208        53.33
   12903.000     0.984375      1011593        64.00
   12943.000     0.985938      1012952        71.11
   12983.000     0.987500      1014668        80.00
   13023.000     0.989062      1016307        91.43
   13079.000     0.990625      1017872       106.67
   13127.000     0.992188      1019347       128.00
   13159.000     0.992969      1020307       142.22
   13191.000     0.993750      1021055       160.00
   13223.000     0.994531      1021855       182.86
   13255.000     0.995313      1022719       213.33
   13287.000     0.996094      1023421       256.00
   13303.000     0.996484      1023772       284.44
   13335.000     0.996875      1024169       320.00
   13367.000     0.997266      1024607       365.71
   13399.000     0.997656      1025010       426.67
   13431.000     0.998047      1025368       512.00
   13447.000     0.998242      1025556       568.89
   13487.000     0.998437      1025754       640.00
   13511.000     0.998633      1025991       731.43
   13543.000     0.998828      1026157       853.33
   13599.000     0.999023      1026394      1024.00
   13615.000     0.999121      1026464      1137.78
   13655.000     0.999219      1026547      1280.00
   13687.000     0.999316      1026648      1462.86
   13711.000     0.999414      1026778      1706.67
   13735.000     0.999512      1026854      2048.00
   13751.000     0.999561      1026900      2275.56
   13807.000     0.999609      1026951      2560.00
   13927.000     0.999658      1026997      2925.71
   14103.000     0.999707      1027049      3413.33
   14127.000     0.999756      1027093      4096.00
   14431.000     0.999780      1027126      4551.11
   14823.000     0.999805      1027149      5120.00
   14831.000     0.999829      1027172      5851.43
   14855.000     0.999854      1027232      6826.67
   14855.000     0.999878      1027232      8192.00
   14855.000     0.999890      1027232      9102.22
   14879.000     0.999902      1027243     10240.00
   14911.000     0.999915      1027262     11702.86
   14967.000     0.999927      1027278     13653.33
   15031.000     0.999939      1027288     16384.00
   15031.000     0.999945      1027288     18204.44
   15039.000     0.999951      1027297     20480.00
   15047.000     0.999957      1027300     23405.71
   15247.000     0.999963      1027313     27306.67
   15247.000     0.999969      1027313     32768.00
   15255.000     0.999973      1027315     36408.89
   15375.000     0.999976      1027332     40960.00
   15375.000     0.999979      1027332     46811.43
   15375.000     0.999982      1027332     54613.33
   15375.000     0.999985      1027332     65536.00
   15375.000     0.999986      1027332     72817.78
   15375.000     0.999988      1027332     81920.00
   15479.000     0.999989      1027340     93622.86
   15479.000     0.999991      1027340    109226.67
   15479.000     0.999992      1027340    131072.00
   15479.000     0.999993      1027340    145635.56
   15479.000     0.999994      1027340    163840.00
   15479.000     0.999995      1027340    187245.71
   15479.000     0.999995      1027340    218453.33
   15479.000     0.999996      1027340    262144.00
   15479.000     0.999997      1027340    291271.11
   15479.000     0.999997      1027340    327680.00
   15495.000     0.999997      1027343    374491.43
   15495.000     1.000000      1027343          inf
#[Mean    =     9730.723, StdDeviation   =      769.862]
#[Max     =    15495.000, Total count    =      1027343]
#[Buckets =            4, SubBuckets     =         2048]
