       Value   Percentile   TotalCount 1/(1-Percentile)

      70.000     0.000000            1         1.00
     559.000     0.100000       730647         1.11
     877.000     0.200000      1461803         1.25
    1249.000     0.300000      2190464         1.43
    1745.000     0.400000      2919587         1.67
    2505.000     0.500000      3649661         2.00
    3053.000     0.550000      4014763         2.22
    3773.000     0.600000      4379184         2.50
    4731.000     0.650000      4744809         2.86
    5903.000     0.700000      5108955         3.33
    7135.000     0.750000      5473884         4.00
    7763.000     0.775000      5657273         4.44
    8399.000     0.800000      5838834         5.00
    9063.000     0.825000      6022142         5.71
    9767.000     0.850000      6204753         6.67
   10519.000     0.875000      6386510         8.00
   10927.000     0.887500      6477755         8.89
   11359.000     0.900000      6568964        10.00
   11831.000     0.912500      6660668        11.43
   12343.000     0.925000      6751325        13.33
   12919.000     0.937500      6842440        16.00
   13239.000     0.943750      6888290        17.78
   13591.000     0.950000      6934062        20.00
   13975.000     0.956250      6979681        22.86
   14407.000     0.962500      7024849        26.67
   14927.000     0.968750      7070903        32.00
   15215.000     0.971875      7093551        35.56
   15543.000     0.975000      7116375        40.00
   15911.000     0.978125      7139072        45.71
   16327.000     0.981250      7161520        53.33
   16831.000     0.984375      7184410        64.00
   17119.000     0.985938      7195802        71.11
   17455.000     0.987500      7207333        80.00
   17839.000     0.989062      7218764        91.43
   18287.000     0.990625      7230017       106.67
   18847.000     0.992188      7241650       128.00
   19167.000     0.992969      7247118       142.22
   19551.000     0.993750      7252847       160.00
   19999.000     0.994531      7258601       182.86
   20559.000     0.995313      7264220       213.33
   21343.000     0.996094      7269889       256.00
   21871.000     0.996484      7272766       284.44
   22559.000     0.996875      7275586       320.00
   23503.000     0.997266      7278414       365.71
   25135.000     0.997656      7281261       426.67
   29215.000     0.998047      7284110       512.00
   32239.000     0.998242      7285534       568.89
   35391.000     0.998437      7286971       640.00
   38207.000     0.998633      7288388       731.43
   41247.000     0.998828      7289808       853.33
   44383.000     0.999023      7291241      1024.00
   46879.000     0.999121      7291947      1137.78
   50271.000     0.999219      7292656      1280.00
   55103.000     0.999316      7293371      1462.86
   61471.000     0.999414      7294085      1706.67
   68031.000     0.999512      7294794      2048.00
   71615.000     0.999561      7295156      2275.56
   75135.000     0.999609      7295510      2560.00
   79487.000     0.999658      7295864      2925.71
   83775.000     0.999707      7296220      3413.33
   88639.000     0.999756      7296579      4096.00
   91071.000     0.999780      7296756      4551.11
   94015.000     0.999805      7296935      5120.00
   96767.000     0.999829      7297112      5851.43
   99839.000     0.999854      7297291      6826.67
  103935.000     0.999878      7297469      8192.00
  105919.000     0.999890      7297556      9102.22
  107903.000     0.999902      7297647     10240.00
  110143.000     0.999915      7297735     11702.86
  112447.000     0.999927      7297825     13653.33
  114687.000     0.999939      7297912     16384.00
  116223.000     0.999945      7297959     18204.44
  117887.000     0.999951      7298002     20480.00
  119487.000     0.999957      7298047     23405.71
  120511.000     0.999963      7298094     27306.67
  121855.000     0.999969      7298136     32768.00
  123071.000     0.999973      7298158     36408.89
  123711.000     0.999976      7298179     40960.00
  124415.000     0.999979      7298202     46811.43
  125439.000     0.999982      7298225     54613.33
  126335.000     0.999985      7298246     65536.00
  126719.000     0.999986      7298257     72817.78
  127359.000     0.999988      7298269     81920.00
  127807.000     0.999989      7298280     93622.86
  128127.000     0.999991      7298293    109226.67
  128639.000     0.999992      7298302    131072.00
  129023.000     0.999993      7298308    145635.56
  129471.000     0.999994      7298313    163840.00
  129791.000     0.999995      7298319    187245.71
  130047.000     0.999995      7298326    218453.33
  130495.000     0.999996      7298330    262144.00
  131007.000     0.999997      7298333    291271.11
  131455.000     0.999997      7298335    327680.00
  131711.000     0.999997      7298340    374491.43
  132223.000     0.999998      7298341    436906.67
  132991.000     0.999998      7298344    524288.00
  133119.000     0.999998      7298345    582542.22
  133247.000     0.999998      7298346    655360.00
  134143.000     0.999999      7298348    748982.86
  134399.000     0.999999      7298349    873813.33
  134911.000     0.999999      7298351   1048576.00
  134911.000     0.999999      7298351   1165084.44
  135295.000     0.999999      7298353   1310720.00
  135295.000     0.999999      7298353   1497965.71
  135295.000     0.999999      7298353   1747626.67
  136063.000     1.000000      7298354   2097152.00
  136063.000     1.000000      7298354   2330168.89
  136191.000     1.000000      7298355   2621440.00
  136191.000     1.000000      7298355   2995931.43
  136191.000     1.000000      7298355   3495253.33
  136447.000     1.000000      7298357   4194304.00
  136447.000     1.000000      7298357          inf
#[Mean    =     4552.754, StdDeviation   =     5068.596]
#[Max     =   136447.000, Total count    =      7298357]
#[Buckets =            8, SubBuckets     =         2048]
