       Value   Percentile   TotalCount 1/(1-Percentile)

      63.000     0.000000            1         1.00
     525.000     0.100000       591700         1.11
     794.000     0.200000      1182634         1.25
    1096.000     0.300000      1773155         1.43
    1487.000     0.400000      2362611         1.67
    2077.000     0.500000      2953027         2.00
    2523.000     0.550000      3248615         2.22
    3151.000     0.600000      3543864         2.50
    4043.000     0.650000      3838975         2.86
    5215.000     0.700000      4133831         3.33
    6567.000     0.750000      4429766         4.00
    7267.000     0.775000      4576621         4.44
    7995.000     0.800000      4724396         5.00
    8743.000     0.825000      4872396         5.71
    9527.000     0.850000      5020836         6.67
   10359.000     0.875000      5168127         8.00
   10807.000     0.887500      5242108         8.89
   11279.000     0.900000      5315727        10.00
   11783.000     0.912500      5388654        11.43
   12343.000     0.925000      5462655        13.33
   12967.000     0.937500      5536708        16.00
   13311.000     0.943750      5573139        17.78
   13687.000     0.950000      5610293        20.00
   14103.000     0.956250      5647115        22.86
   14567.000     0.962500      5683849        26.67
   15111.000     0.968750      5720884        32.00
   15415.000     0.971875      5739265        35.56
   15751.000     0.975000      5757793        40.00
   16127.000     0.978125      5776255        45.71
   16559.000     0.981250      5794948        53.33
   17055.000     0.984375      5813139        64.00
   17359.000     0.985938      5822670        71.11
   17679.000     0.987500      5831774        80.00
   18047.000     0.989062      5841057        91.43
   18463.000     0.990625      5850052       106.67
   18959.000     0.992188      5859172       128.00
   19263.000     0.992969      5863883       142.22
   19599.000     0.993750      5868418       160.00
   19999.000     0.994531      5873146       182.86
   20447.000     0.995313      5877694       213.33
   21039.000     0.996094      5882314       256.00
   21391.000     0.996484      5884555       284.44
   21839.000     0.996875      5886884       320.00
   22383.000     0.997266      5889173       365.71
   23119.000     0.997656      5891485       426.67
   24223.000     0.998047      5893760       512.00
   25103.000     0.998242      5894929       568.89
   26479.000     0.998437      5896068       640.00
   28959.000     0.998633      5897218       731.43
   34751.000     0.998828      5898374       853.33
   41503.000     0.999023      5899533      1024.00
   45151.000     0.999121      5900101      1137.78
   48447.000     0.999219      5900678      1280.00
   51999.000     0.999316      5901255      1462.86
   54559.000     0.999414      5901832      1706.67
   57023.000     0.999512      5902413      2048.00
   58495.000     0.999561      5902700      2275.56
   59967.000     0.999609      5902987      2560.00
   62143.000     0.999658      5903279      2925.71
   63839.000     0.999707      5903561      3413.33
   66047.000     0.999756      5903851      4096.00
   67199.000     0.999780      5904011      4551.11
   68223.000     0.999805      5904143      5120.00
   69375.000     0.999829      5904283      5851.43
   70975.000     0.999854      5904426      6826.67
   72639.000     0.999878      5904576      8192.00
   73727.000     0.999890      5904651      9102.22
   74559.000     0.999902      5904721     10240.00
   75391.000     0.999915      5904791     11702.86
   76735.000     0.999927      5904861     13653.33
   78399.000     0.999939      5904931     16384.00
   79359.000     0.999945      5904971     18204.44
   79743.000     0.999951      5905007     20480.00
   81279.000     0.999957      5905042     23405.71
   83071.000     0.999963      5905075     27306.67
   83903.000     0.999969      5905112     32768.00
   84095.000     0.999973      5905131     36408.89
   84287.000     0.999976      5905148     40960.00
   84671.000     0.999979      5905166     46811.43
   85311.000     0.999982      5905184     54613.33
   85695.000     0.999985      5905203     65536.00
   85823.000     0.999986      5905211     72817.78
   86015.000     0.999988      5905221     81920.00
   86527.000     0.999989      5905229     93622.86
   86847.000     0.999991      5905238    109226.67
   87167.000     0.999992      5905246    131072.00
   87679.000     0.999993      5905253    145635.56
   87743.000     0.999994      5905255    163840.00
   87871.000     0.999995      5905260    187245.71
   88319.000     0.999995      5905264    218453.33
   89087.000     0.999996      5905269    262144.00
   89343.000     0.999997      5905272    291271.11
   89407.000     0.999997      5905274    327680.00
   89535.000     0.999997      5905278    374491.43
   89535.000     0.999998      5905278    436906.67
   89663.000     0.999998      5905280    524288.00
   89791.000     0.999998      5905281    582542.22
   89983.000     0.999998      5905282    655360.00
   90367.000     0.999999      5905284    748982.86
   90431.000     0.999999      5905285    873813.33
   90495.000     0.999999      5905286   1048576.00
   90495.000     0.999999      5905286   1165084.44
   90751.000     0.999999      5905287   1310720.00
   91135.000     0.999999      5905288   1497965.71
   91135.000     0.999999      5905288   1747626.67
   91263.000     1.000000      5905289   2097152.00
   91263.000     1.000000      5905289   2330168.89
   91263.000     1.000000      5905289   2621440.00
   91583.000     1.000000      5905290   2995931.43
   91583.000     1.000000      5905290   3495253.33
   91583.000     1.000000      5905290   4194304.00
   91583.000     1.000000      5905290   4660337.78
   91583.000     1.000000      5905290   5242880.00
   91647.000     1.000000      5905291   5991862.86
   91647.000     1.000000      5905291          inf
#[Mean    =     4263.124, StdDeviation   =     4834.116]
#[Max     =    91647.000, Total count    =      5905291]
#[Buckets =            7, SubBuckets     =         2048]
