       Value   Percentile   TotalCount 1/(1-Percentile)

     111.000     0.000000            5         1.00
     133.000     0.100000        21936         1.11
     141.000     0.200000        44660         1.25
     143.000     0.300000        64281         1.43
     149.000     0.400000        84373         1.67
     150.000     0.500000       107726         2.00
     151.000     0.550000       133870         2.22
     151.000     0.600000       133870         2.50
     151.000     0.650000       133870         2.86
     152.000     0.700000       148179         3.33
     153.000     0.750000       153164         4.00
     154.000     0.775000       155131         4.44
     157.000     0.800000       165945         5.00
     157.000     0.825000       165945         5.71
     158.000     0.850000       174356         6.67
     158.000     0.875000       174356         8.00
     159.000     0.887500       179466         8.89
     159.000     0.900000       179466        10.00
     160.000     0.912500       182573        11.43
     161.000     0.925000       184968        13.33
     163.000     0.937500       187637        16.00
     164.000     0.943750       189244        17.78
     165.000     0.950000       191702        20.00
     165.000     0.956250       191702        22.86
     166.000     0.962500       193331        26.67
     166.000     0.968750       193331        32.00
     167.000     0.971875       194286        35.56
     167.000     0.975000       194286        40.00
     168.000     0.978125       195102        45.71
     169.000     0.981250       195748        53.33
     170.000     0.984375       196212        64.00
     171.000     0.985938       196541        71.11
     172.000     0.987500       196757        80.00
     174.000     0.989062       197168        91.43
     175.000     0.990625       197386       106.67
     177.000     0.992188       197809       128.00
     178.000     0.992969       198015       142.22
     178.000     0.993750       198015       160.00
     179.000     0.994531       198195       182.86
     181.000     0.995313       198375       213.33
     184.000     0.996094       198480       256.00
     186.000     0.996484       198548       284.44
     189.000     0.996875       198626       320.00
     194.000     0.997266       198722       365.71
     197.000     0.997656       198807       426.67
     199.000     0.998047       198872       512.00
     200.000     0.998242       198904       568.89
     201.000     0.998437       198951       640.00
     202.000     0.998633       198997       731.43
     203.000     0.998828       199027       853.33
     205.000     0.999023       199061      1024.00
     206.000     0.999121       199091      1137.78
     206.000     0.999219       199091      1280.00
     207.000     0.999316       199108      1462.86
     212.000     0.999414       199126      1706.67
     232.000     0.999512       199147      2048.00
     235.000     0.999561       199158      2275.56
     238.000     0.999609       199165      2560.00
     248.000     0.999658       199177      2925.71
     258.000     0.999707       199186      3413.33
     273.000     0.999756       199194      4096.00
     280.000     0.999780       199199      4551.11
     286.000     0.999805       199204      5120.00
     301.000     0.999829       199208      5851.43
     308.000     0.999854       199214      6826.67
     310.000     0.999878       199218      8192.00
     336.000     0.999890       199221      9102.22
     349.000     0.999902       199223     10240.00
     368.000     0.999915       199225     11702.86
     463.000     0.999927       199228     13653.33
     673.000     0.999939       199230     16384.00
     748.000     0.999945       199232     18204.44
     833.000     0.999951       199233     20480.00
    1047.000     0.999957       199234     23405.71
    1383.000     0.999963       199235     27306.67
    1395.000     0.999969       199236     32768.00
    1406.000     0.999973       199237     36408.89
    1446.000     0.999976       199238     40960.00
    1446.000     0.999979       199238     46811.43
    1468.000     0.999982       199239     54613.33
    1468.000     0.999985       199239     65536.00
    1756.000     0.999986       199240     72817.78
    1756.000     0.999988       199240     81920.00
    1756.000     0.999989       199240     93622.86
    2061.000     0.999991       199241    109226.67
    2061.000     0.999992       199241    131072.00
    2061.000     0.999993       199241    145635.56
    2061.000     0.999994       199241    163840.00
    2061.000     0.999995       199241    187245.71
    4495.000     0.999995       199242    218453.33
    4495.000     1.000000       199242          inf
#[Mean    =      148.477, StdDeviation   =       17.157]
#[Max     =     4495.000, Total count    =       199242]
#[Buckets =            3, SubBuckets     =         2048]
