       Value   Percentile   TotalCount 1/(1-Percentile)

     391.000     0.000000            2         1.00
    6079.000     0.100000       348307         1.11
    7975.000     0.200000       694687         1.25
   12151.000     0.300000      1042413         1.43
   15239.000     0.400000      1390295         1.67
   15991.000     0.500000      1740755         2.00
   16223.000     0.550000      1911058         2.22
   16655.000     0.600000      2087403         2.50
   18735.000     0.650000      2258520         2.86
   20303.000     0.700000      2431825         3.33
   23071.000     0.750000      2605483         4.00
   25759.000     0.775000      2692649         4.44
   28287.000     0.800000      2778753         5.00
   33279.000     0.825000      2865738         5.71
   35135.000     0.850000      2953168         6.67
   37503.000     0.875000      3039539         8.00
   39295.000     0.887500      3083715         8.89
   40319.000     0.900000      3127100        10.00
   44639.000     0.912500      3169498        11.43
   54399.000     0.925000      3213109        13.33
   56383.000     0.937500      3256451        16.00
   66815.000     0.943750      3278028        17.78
   68991.000     0.950000      3300910        20.00
   69567.000     0.956250      3323410        22.86
   70335.000     0.962500      3343162        26.67
   77247.000     0.968750      3364810        32.00
   78975.000     0.971875      3376440        35.56
   79551.000     0.975000      3387363        40.00
   79935.000     0.978125      3397871        45.71
   80319.000     0.981250      3409999        53.33
   80639.000     0.984375      3420584        64.00
   80831.000     0.985938      3425101        71.11
   81151.000     0.987500      3430310        80.00
   81791.000     0.989062      3435388        91.43
   85055.000     0.990625      3440766       106.67
   89919.000     0.992188      3446193       128.00
   92927.000     0.992969      3448932       142.22
   95871.000     0.993750      3451677       160.00
   98623.000     0.994531      3454370       182.86
  102591.000     0.995313      3457061       213.33
  108351.000     0.996094      3459760       256.00
  112319.000     0.996484      3461115       284.44
  118335.000     0.996875      3462466       320.00
  126591.000     0.997266      3463831       365.71
  146815.000     0.997656      3465182       426.67
  166143.000     0.998047      3466537       512.00
  178687.000     0.998242      3467219       568.89
  190463.000     0.998437      3467900       640.00
  207103.000     0.998633      3468578       731.43
  227583.000     0.998828      3469250       853.33
  249087.000     0.999023      3469933      1024.00
  260223.000     0.999121      3470268      1137.78
  270847.000     0.999219      3470610      1280.00
  286207.000     0.999316      3470947      1462.86
  297215.000     0.999414      3471298      1706.67
  312831.000     0.999512      3471637      2048.00
  320767.000     0.999561      3471803      2275.56
  328703.000     0.999609      3471969      2560.00
  336895.000     0.999658      3472137      2925.71
  344831.000     0.999707      3472304      3413.33
  356095.000     0.999756      3472475      4096.00
  360959.000     0.999780      3472564      4551.11
  366335.000     0.999805      3472646      5120.00
  372735.000     0.999829      3472728      5851.43
  380159.000     0.999854      3472815      6826.67
  386815.000     0.999878      3472898      8192.00
  391679.000     0.999890      3472939      9102.22
  399359.000     0.999902      3472983     10240.00
  408575.000     0.999915      3473025     11702.86
  418815.000     0.999927      3473067     13653.33
  424959.000     0.999939      3473112     16384.00
  428031.000     0.999945      3473131     18204.44
  431103.000     0.999951      3473155     20480.00
  433919.000     0.999957      3473172     23405.71
  441087.000     0.999963      3473194     27306.67
  444671.000     0.999969      3473215     32768.00
  458495.000     0.999973      3473228     36408.89
  461311.000     0.999976      3473236     40960.00
  466175.000     0.999979      3473247     46811.43
  467711.000     0.999982      3473257     54613.33
  469759.000     0.999985      3473274     65536.00
  469759.000     0.999986      3473274     72817.78
  479999.000     0.999988      3473282     81920.00
  481791.000     0.999989      3473283     93622.86
  484095.000     0.999991      3473290    109226.67
  487423.000     0.999992      3473294    131072.00
  489471.000     0.999993      3473297    145635.56
  492799.000     0.999994      3473299    163840.00
  497919.000     0.999995      3473304    187245.71
  502271.000     0.999995      3473305    218453.33
  505087.000     0.999996      3473307    262144.00
  505343.000     0.999997      3473315    291271.11
  505343.000     0.999997      3473315    327680.00
  505343.000     0.999997      3473315    374491.43
  505343.000     0.999998      3473315    436906.67
  505343.000     0.999998      3473315    524288.00
  505343.000     0.999998      3473315    582542.22
  505343.000     0.999998      3473315    655360.00
  505855.000     0.999999      3473319    748982.86
  505855.000     0.999999      3473319    873813.33
  505855.000     0.999999      3473319   1048576.00
  505855.000     0.999999      3473319   1165084.44
  505855.000     0.999999      3473319   1310720.00
  505855.000     0.999999      3473319   1497965.71
  505855.000     0.999999      3473319   1747626.67
  505855.000     1.000000      3473319   2097152.00
  505855.000     1.000000      3473319   2330168.89
  505855.000     1.000000      3473319   2621440.00
  505855.000     1.000000      3473319   2995931.43
  508159.000     1.000000      3473320   3495253.33
  508159.000     1.000000      3473320          inf
#[Mean    =    21318.027, StdDeviation   =    21242.061]
#[Max     =   508159.000, Total count    =      3473320]
#[Buckets =            9, SubBuckets     =         2048]
