       Value   Percentile   TotalCount 1/(1-Percentile)

     258.000     0.000000            1         1.00
    4707.000     0.100000      1044568         1.11
    5099.000     0.200000      2086010         1.25
    5475.000     0.300000      3123678         1.43
    6019.000     0.400000      4158908         1.67
    6619.000     0.500000      5197854         2.00
    6891.000     0.550000      5719430         2.22
    7155.000     0.600000      6240930         2.50
    7487.000     0.650000      6758972         2.86
    8023.000     0.700000      7279792         3.33
    8487.000     0.750000      7797835         4.00
    8687.000     0.775000      8060572         4.44
    8887.000     0.800000      8317376         5.00
    9127.000     0.825000      8577801         5.71
    9471.000     0.850000      8837988         6.67
   10087.000     0.875000      9096275         8.00
   10471.000     0.887500      9226791         8.89
   10815.000     0.900000      9359496        10.00
   11111.000     0.912500      9488706        11.43
   11399.000     0.925000      9616806        13.33
   11735.000     0.937500      9749028        16.00
   11903.000     0.943750      9811631        17.78
   12111.000     0.950000      9878176        20.00
   12327.000     0.956250      9942657        22.86
   12599.000     0.962500     10006696        26.67
   12927.000     0.968750     10071259        32.00
   13127.000     0.971875     10104345        35.56
   13359.000     0.975000     10136442        40.00
   13671.000     0.978125     10168687        45.71
   14111.000     0.981250     10201029        53.33
   14727.000     0.984375     10233193        64.00
   15087.000     0.985938     10249485        71.11
   15463.000     0.987500     10265604        80.00
   15815.000     0.989062     10281937        91.43
   16127.000     0.990625     10298332       106.67
   16431.000     0.992188     10314537       128.00
   16623.000     0.992969     10323149       142.22
   16783.000     0.993750     10330576       160.00
   16991.000     0.994531     10339113       182.86
   17199.000     0.995313     10347115       213.33
   17439.000     0.996094     10354994       256.00
   17583.000     0.996484     10359313       284.44
   17759.000     0.996875     10363216       320.00
   17983.000     0.997266     10367173       365.71
   18223.000     0.997656     10371249       426.67
   18527.000     0.998047     10375407       512.00
   18687.000     0.998242     10377316       568.89
   18895.000     0.998437     10379315       640.00
   19103.000     0.998633     10381403       731.43
   19391.000     0.998828     10383389       853.33
   19919.000     0.999023     10385410      1024.00
   20287.000     0.999121     10386411      1137.78
   20703.000     0.999219     10387448      1280.00
   21311.000     0.999316     10388444      1462.86
   22031.000     0.999414     10389469      1706.67
   22719.000     0.999512     10390466      2048.00
   23007.000     0.999561     10390974      2275.56
   23391.000     0.999609     10391497      2560.00
   23935.000     0.999658     10391989      2925.71
   24783.000     0.999707     10392496      3413.33
   25743.000     0.999756     10393007      4096.00
   26479.000     0.999780     10393254      4551.11
   27535.000     0.999805     10393508      5120.00
   28751.000     0.999829     10393763      5851.43
   30543.000     0.999854     10394018      6826.67
   31855.000     0.999878     10394271      8192.00
   32575.000     0.999890     10394397      9102.22
   33023.000     0.999902     10394527     10240.00
   34079.000     0.999915     10394653     11702.86
   35839.000     0.999927     10394777     13653.33
   37791.000     0.999939     10394905     16384.00
   38591.000     0.999945     10394967     18204.44
   41087.000     0.999951     10395031     20480.00
   42239.000     0.999957     10395094     23405.71
   43359.000     0.999963     10395158     27306.67
   44703.000     0.999969     10395221     32768.00
   45727.000     0.999973     10395255     36408.89
   46495.000     0.999976     10395285     40960.00
   47775.000     0.999979     10395319     46811.43
   48959.000     0.999982     10395351     54613.33
   50335.000     0.999985     10395382     65536.00
   51231.000     0.999986     10395397     72817.78
   51711.000     0.999988     10395413     81920.00
   52255.000     0.999989     10395428     93622.86
   53375.000     0.999991     10395444    109226.67
   54623.000     0.999992     10395461    131072.00
   54847.000     0.999993     10395468    145635.56
   54943.000     0.999994     10395475    163840.00
   55103.000     0.999995     10395483    187245.71
   55423.000     0.999995     10395491    218453.33
   55583.000     0.999996     10395501    262144.00
   55647.000     0.999997     10395505    291271.11
   55775.000     0.999997     10395507    327680.00
   58783.000     0.999997     10395511    374491.43
   59295.000     0.999998     10395515    436906.67
   59487.000     0.999998     10395520    524288.00
   59519.000     0.999998     10395523    582542.22
   59519.000     0.999998     10395523    655360.00
   59807.000     0.999999     10395525    748982.86
   60031.000     0.999999     10395527    873813.33
   60223.000     0.999999     10395529   1048576.00
   60287.000     0.999999     10395531   1165084.44
   60287.000     0.999999     10395531   1310720.00
   60319.000     0.999999     10395533   1497965.71
   60319.000     0.999999     10395533   1747626.67
   60383.000     1.000000     10395535   2097152.00
   60383.000     1.000000     10395535   2330168.89
   60383.000     1.000000     10395535   2621440.00
   60383.000     1.000000     10395535   2995931.43
   60479.000     1.000000     10395537   3495253.33
   60479.000     1.000000     10395537   4194304.00
   60479.000     1.000000     10395537   4660337.78
   60479.000     1.000000     10395537   5242880.00
   60479.000     1.000000     10395537   5991862.86
   60479.000     1.000000     10395537   6990506.67
   60479.000     1.000000     10395537   8388608.00
   60479.000     1.000000     10395537   9320675.55
   60703.000     1.000000     10395538  10485760.00
   60703.000     1.000000     10395538          inf
#[Mean    =     7194.237, StdDeviation   =     2556.096]
#[Max     =    60703.000, Total count    =     10395538]
#[Buckets =            6, SubBuckets     =         2048]
