       Value   Percentile   TotalCount 1/(1-Percentile)

      63.000     0.000000            1         1.00
      95.000     0.100000       271288         1.11
     100.000     0.200000       569407         1.25
     103.000     0.300000       909175         1.43
     105.000     0.400000      1238895         1.67
     106.000     0.500000      1409958         2.00
     107.000     0.550000      1560252         2.22
     108.000     0.600000      1685641         2.50
     109.000     0.650000      1795203         2.86
     110.000     0.700000      1897302         3.33
     112.000     0.750000      2087580         4.00
     112.000     0.775000      2087580         4.44
     113.000     0.800000      2170299         5.00
     114.000     0.825000      2239562         5.71
     115.000     0.850000      2295575         6.67
     117.000     0.875000      2381752         8.00
     117.000     0.887500      2381752         8.89
     118.000     0.900000      2415680        10.00
     120.000     0.912500      2469241        11.43
     121.000     0.925000      2492071        13.33
     123.000     0.937500      2530660        16.00
     124.000     0.943750      2546739        17.78
     125.000     0.950000      2561026        20.00
     126.000     0.956250      2573662        22.86
     127.000     0.962500      2584925        26.67
     129.000     0.968750      2603079        32.00
     130.000     0.971875      2610917        35.56
     131.000     0.975000      2617913        40.00
     132.000     0.978125      2623986        45.71
     134.000     0.981250      2633672        53.33
     136.000     0.984375      2640425        64.00
     138.000     0.985938      2645390        71.11
     140.000     0.987500      2648839        80.00
     143.000     0.989062      2652881        91.43
     148.000     0.990625      2657249       106.67
     157.000     0.992188      2661555       128.00
     163.000     0.992969      2663536       142.22
     171.000     0.993750      2665504       160.00
     184.000     0.994531      2667604       182.86
     200.000     0.995313      2669663       213.33
     214.000     0.996094      2671752       256.00
     221.000     0.996484      2672935       284.44
     227.000     0.996875      2673997       320.00
     232.000     0.997266      2674971       365.71
     238.000     0.997656      2675928       426.67
     246.000     0.998047      2677006       512.00
     251.000     0.998242      2677575       568.89
     256.000     0.998437      2678160       640.00
     260.000     0.998633      2678582       731.43
     265.000     0.998828      2679126       853.33
     271.000     0.999023      2679623      1024.00
     276.000     0.999121      2679903      1137.78
     280.000     0.999219      2680123      1280.00
     285.000     0.999316      2680396      1462.86
     291.000     0.999414      2680655      1706.67
     298.000     0.999512      2680921      2048.00
     301.000     0.999561      2681049      2275.56
     304.000     0.999609      2681186      2560.00
     308.000     0.999658      2681318      2925.71
     310.000     0.999707      2681440      3413.33
     316.000     0.999756      2681564      4096.00
     320.000     0.999780      2681638      4551.11
     323.000     0.999805      2681691      5120.00
     329.000     0.999829      2681770      5851.43
     338.000     0.999854      2681835      6826.67
     348.000     0.999878      2681891      8192.00
     355.000     0.999890      2681924      9102.22
     365.000     0.999902      2681956     10240.00
     373.000     0.999915      2681985     11702.86
     381.000     0.999927      2682018     13653.33
     404.000     0.999939      2682051     16384.00
     435.000     0.999945      2682067     18204.44
     470.000     0.999951      2682086     20480.00
     499.000     0.999957      2682101     23405.71
     533.000     0.999963      2682121     27306.67
     549.000     0.999969      2682133     32768.00
     551.000     0.999973      2682150     36408.89
     551.000     0.999976      2682150     40960.00
    1705.000     0.999979      2682157     46811.43
    1732.000     0.999982      2682168     54613.33
    1743.000     0.999985      2682175     65536.00
    1746.000     0.999986      2682182     72817.78
    1746.000     0.999988      2682182     81920.00
   43103.000     0.999989      2682186     93622.86
   43423.000     0.999991      2682214    109226.67
   43423.000     1.000000      2682214          inf
#[Mean    =      108.011, StdDeviation   =      143.159]
#[Max     =    43423.000, Total count    =      2682214]
#[Buckets =            6, SubBuckets     =         2048]
