       Value   Percentile   TotalCount 1/(1-Percentile)

     319.000     0.000000            1         1.00
     633.000     0.100000        31077         1.11
     752.000     0.200000        62100         1.25
     834.000     0.300000        93016         1.43
     893.000     0.400000       124431         1.67
     944.000     0.500000       155191         2.00
     970.000     0.550000       171001         2.22
     996.000     0.600000       186625         2.50
    1020.000     0.650000       201634         2.86
    1047.000     0.700000       217221         3.33
    1074.000     0.750000       232724         4.00
    1088.000     0.775000       240832         4.44
    1102.000     0.800000       248483         5.00
    1116.000     0.825000       255941         5.71
    1133.000     0.850000       263857         6.67
    1154.000     0.875000       271377         8.00
    1166.000     0.887500       275390         8.89
    1179.000     0.900000       279195        10.00
    1194.000     0.912500       282906        11.43
    1215.000     0.925000       286951        13.33
    1237.000     0.937500       290769        16.00
    1249.000     0.943750       292757        17.78
    1261.000     0.950000       294552        20.00
    1276.000     0.956250       296595        22.86
    1293.000     0.962500       298456        26.67
    1313.000     0.968750       300356        32.00
    1325.000     0.971875       301355        35.56
    1337.000     0.975000       302346        40.00
    1350.000     0.978125       303289        45.71
    1367.000     0.981250       304239        53.33
    1387.000     0.984375       305198        64.00
    1398.000     0.985938       305715        71.11
    1410.000     0.987500       306164        80.00
    1424.000     0.989062       306645        91.43
    1442.000     0.990625       307146       106.67
    1460.000     0.992188       307620       128.00
    1472.000     0.992969       307880       142.22
    1483.000     0.993750       308106       160.00
    1495.000     0.994531       308343       182.86
    1511.000     0.995313       308586       213.33
    1524.000     0.996094       308820       256.00
    1535.000     0.996484       308952       284.44
    1544.000     0.996875       309066       320.00
    1557.000     0.997266       309189       365.71
    1573.000     0.997656       309307       426.67
    1590.000     0.998047       309430       512.00
    1604.000     0.998242       309493       568.89
    1615.000     0.998437       309548       640.00
    1623.000     0.998633       309621       731.43
    1631.000     0.998828       309673       853.33
    1653.000     0.999023       309731      1024.00
    1670.000     0.999121       309761      1137.78
    1677.000     0.999219       309789      1280.00
    1688.000     0.999316       309820      1462.86
    1702.000     0.999414       309850      1706.67
    1747.000     0.999512       309880      2048.00
    1760.000     0.999561       309895      2275.56
    1814.000     0.999609       309910      2560.00
    1839.000     0.999658       309928      2925.71
    1875.000     0.999707       309941      3413.33
    1987.000     0.999756       309956      4096.00
    2121.000     0.999780       309964      4551.11
    2371.000     0.999805       309971      5120.00
    2379.000     0.999829       309980      5851.43
    2389.000     0.999854       309987      6826.67
    2479.000     0.999878       309997      8192.00
    2479.000     0.999890       309997      9102.22
    2483.000     0.999902       310001     10240.00
   42463.000     0.999915       310005     11702.86
   42687.000     0.999927       310009     13653.33
   43327.000     0.999939       310013     16384.00
   43359.000     0.999945       310014     18204.44
   43391.000     0.999951       310016     20480.00
   43455.000     0.999957       310019     23405.71
   43487.000     0.999963       310020     27306.67
   43519.000     0.999969       310022     32768.00
   43551.000     0.999973       310023     36408.89
   43583.000     0.999976       310025     40960.00
   43583.000     0.999979       310025     46811.43
   43615.000     0.999982       310026     54613.33
   43647.000     0.999985       310028     65536.00
   43647.000     0.999986       310028     72817.78
   43647.000     0.999988       310028     81920.00
   43647.000     0.999989       310028     93622.86
   43679.000     0.999991       310029    109226.67
   43679.000     0.999992       310029    131072.00
   43679.000     0.999993       310029    145635.56
   43775.000     0.999994       310031    163840.00
   43775.000     1.000000       310031          inf
#[Mean    =      935.404, StdDeviation   =      460.333]
#[Max     =    43775.000, Total count    =       310031]
#[Buckets =            6, SubBuckets     =         2048]
