       Value   Percentile   TotalCount 1/(1-Percentile)

      59.000     0.000000            1         1.00
     768.000     0.100000       823783         1.11
    1444.000     0.200000      1647788         1.25
    2297.000     0.300000      2470671         1.43
    3257.000     0.400000      3295719         1.67
    4259.000     0.500000      4120760         2.00
    4767.000     0.550000      4531941         2.22
    5283.000     0.600000      4942415         2.50
    5811.000     0.650000      5353005         2.86
    6367.000     0.700000      5766725         3.33
    6963.000     0.750000      6178034         4.00
    7283.000     0.775000      6382500         4.44
    7631.000     0.800000      6590402         5.00
    8003.000     0.825000      6794398         5.71
    8423.000     0.850000      7001671         6.67
    8895.000     0.875000      7207205         8.00
    9159.000     0.887500      7309604         8.89
    9455.000     0.900000      7413289        10.00
    9783.000     0.912500      7516217        11.43
   10151.000     0.925000      7618522        13.33
   10583.000     0.937500      7721888        16.00
   10823.000     0.943750      7772294        17.78
   11095.000     0.950000      7823821        20.00
   11399.000     0.956250      7874980        22.86
   11751.000     0.962500      7926567        26.67
   12167.000     0.968750      7978413        32.00
   12399.000     0.971875      8004252        35.56
   12655.000     0.975000      8029494        40.00
   12951.000     0.978125      8055488        45.71
   13287.000     0.981250      8080822        53.33
   13687.000     0.984375      8106742        64.00
   13911.000     0.985938      8119366        71.11
   14167.000     0.987500      8132452        80.00
   14447.000     0.989062      8144996        91.43
   14775.000     0.990625      8157947       106.67
   15159.000     0.992188      8170739       128.00
   15383.000     0.992969      8177204       142.22
   15631.000     0.993750      8183692       160.00
   15911.000     0.994531      8190072       182.86
   16239.000     0.995313      8196602       213.33
   16623.000     0.996094      8202913       256.00
   16863.000     0.996484      8206283       284.44
   17103.000     0.996875      8209367       320.00
   17391.000     0.997266      8212639       365.71
   17727.000     0.997656      8215833       426.67
   18111.000     0.998047      8219010       512.00
   18335.000     0.998242      8220630       568.89
   18575.000     0.998437      8222218       640.00
   18863.000     0.998633      8223842       731.43
   19183.000     0.998828      8225444       853.33
   19567.000     0.999023      8227028      1024.00
   19807.000     0.999121      8227873      1137.78
   20047.000     0.999219      8228641      1280.00
   20335.000     0.999316      8229446      1462.86
   20671.000     0.999414      8230256      1706.67
   21055.000     0.999512      8231052      2048.00
   21263.000     0.999561      8231447      2275.56
   21503.000     0.999609      8231853      2560.00
   21775.000     0.999658      8232250      2925.71
   22079.000     0.999707      8232651      3413.33
   22447.000     0.999756      8233064      4096.00
   22703.000     0.999780      8233253      4551.11
   22991.000     0.999805      8233459      5120.00
   23295.000     0.999829      8233664      5851.43
   23615.000     0.999854      8233857      6826.67
   24063.000     0.999878      8234058      8192.00
   24351.000     0.999890      8234159      9102.22
   24671.000     0.999902      8234263     10240.00
   25103.000     0.999915      8234359     11702.86
   25551.000     0.999927      8234465     13653.33
   25983.000     0.999939      8234561     16384.00
   26319.000     0.999945      8234610     18204.44
   26783.000     0.999951      8234660     20480.00
   27215.000     0.999957      8234712     23405.71
   27839.000     0.999963      8234762     27306.67
   28639.000     0.999969      8234811     32768.00
   29039.000     0.999973      8234838     36408.89
   29327.000     0.999976      8234861     40960.00
   29695.000     0.999979      8234887     46811.43
   30383.000     0.999982      8234912     54613.33
   31087.000     0.999985      8234937     65536.00
   31327.000     0.999986      8234950     72817.78
   35423.000     0.999988      8234962     81920.00
   36223.000     0.999989      8234975     93622.86
   36511.000     0.999991      8234987    109226.67
   36767.000     0.999992      8235000    131072.00
   37279.000     0.999993      8235006    145635.56
   41471.000     0.999994      8235012    163840.00
   41759.000     0.999995      8235019    187245.71
   42175.000     0.999995      8235025    218453.33
   42463.000     0.999996      8235032    262144.00
   42527.000     0.999997      8235034    291271.11
   42591.000     0.999997      8235038    327680.00
   42719.000     0.999997      8235041    374491.43
   42879.000     0.999998      8235047    436906.67
   42879.000     0.999998      8235047    524288.00
   42911.000     0.999998      8235048    582542.22
   43007.000     0.999998      8235051    655360.00
   43103.000     0.999999      8235053    748982.86
   43103.000     0.999999      8235053    873813.33
   43167.000     0.999999      8235055   1048576.00
   43167.000     0.999999      8235055   1165084.44
   43263.000     0.999999      8235057   1310720.00
   43263.000     0.999999      8235057   1497965.71
   43359.000     0.999999      8235058   1747626.67
   43423.000     1.000000      8235059   2097152.00
   43423.000     1.000000      8235059   2330168.89
   43423.000     1.000000      8235059   2621440.00
   43551.000     1.000000      8235060   2995931.43
   43551.000     1.000000      8235060   3495253.33
   43647.000     1.000000      8235061   4194304.00
   43647.000     1.000000      8235061   4660337.78
   43647.000     1.000000      8235061   5242880.00
   43647.000     1.000000      8235061   5991862.86
   43647.000     1.000000      8235061   6990506.67
   43743.000     1.000000      8235062   8388608.00
   43743.000     1.000000      8235062          inf
#[Mean    =     4770.312, StdDeviation   =     3457.015]
#[Max     =    43743.000, Total count    =      8235062]
#[Buckets =            6, SubBuckets     =         2048]
