       Value   Percentile   TotalCount 1/(1-Percentile)

      53.000     0.000000            1         1.00
     534.000     0.100000       923423         1.11
     788.000     0.200000      1849455         1.25
    1051.000     0.300000      2772021         1.43
    1350.000     0.400000      3693785         1.67
    1725.000     0.500000      4617857         2.00
    1958.000     0.550000      5078918         2.22
    2233.000     0.600000      5540771         2.50
    2559.000     0.650000      6002635         2.86
    2949.000     0.700000      6463937         3.33
    3435.000     0.750000      6926520         4.00
    3729.000     0.775000      7157586         4.44
    4067.000     0.800000      7387673         5.00
    4463.000     0.825000      7618462         5.71
    4931.000     0.850000      7848802         6.67
    5507.000     0.875000      8080009         8.00
    5855.000     0.887500      8195719         8.89
    6255.000     0.900000      8311430        10.00
    6719.000     0.912500      8426754        11.43
    7267.000     0.925000      8541477        13.33
    7947.000     0.937500      8656823        16.00
    8351.000     0.943750      8714613        17.78
    8815.000     0.950000      8772493        20.00
    9359.000     0.956250      8830048        22.86
   10015.000     0.962500      8887999        26.67
   10839.000     0.968750      8945675        32.00
   11335.000     0.971875      8974548        35.56
   11903.000     0.975000      9003286        40.00
   12559.000     0.978125      9032107        45.71
   13295.000     0.981250      9060751        53.33
   14127.000     0.984375      9089659        64.00
   14583.000     0.985938      9104035        71.11
   15079.000     0.987500      9118471        80.00
   15623.000     0.989062      9132891        91.43
   16223.000     0.990625      9147456       106.67
   16879.000     0.992188      9161789       128.00
   17247.000     0.992969      9169250       142.22
   17631.000     0.993750      9176422       160.00
   18031.000     0.994531      9183415       182.86
   18479.000     0.995313      9190727       213.33
   18959.000     0.996094      9197821       256.00
   19231.000     0.996484      9201544       284.44
   19519.000     0.996875      9205099       320.00
   19839.000     0.997266      9208774       365.71
   20191.000     0.997656      9212266       426.67
   20623.000     0.998047      9215949       512.00
   20863.000     0.998242      9217734       568.89
   21135.000     0.998437      9219524       640.00
   21439.000     0.998633      9221310       731.43
   21791.000     0.998828      9223092       853.33
   22207.000     0.999023      9224884      1024.00
   22463.000     0.999121      9225813      1137.78
   22735.000     0.999219      9226696      1280.00
   23055.000     0.999316      9227606      1462.86
   23423.000     0.999414      9228487      1706.67
   23903.000     0.999512      9229382      2048.00
   24159.000     0.999561      9229833      2275.56
   24479.000     0.999609      9230284      2560.00
   24863.000     0.999658      9230737      2925.71
   25279.000     0.999707      9231178      3413.33
   25823.000     0.999756      9231634      4096.00
   26095.000     0.999780      9231850      4551.11
   26495.000     0.999805      9232081      5120.00
   26911.000     0.999829      9232302      5851.43
   27423.000     0.999854      9232537      6826.67
   27951.000     0.999878      9232752      8192.00
   28303.000     0.999890      9232865      9102.22
   28719.000     0.999902      9232977     10240.00
   29231.000     0.999915      9233093     11702.86
   29695.000     0.999927      9233204     13653.33
   30335.000     0.999939      9233316     16384.00
   30799.000     0.999945      9233372     18204.44
   31311.000     0.999951      9233428     20480.00
   31743.000     0.999957      9233486     23405.71
   32303.000     0.999963      9233540     27306.67
   32959.000     0.999969      9233598     32768.00
   33471.000     0.999973      9233625     36408.89
   33887.000     0.999976      9233654     40960.00
   34495.000     0.999979      9233681     46811.43
   35103.000     0.999982      9233710     54613.33
   35935.000     0.999985      9233738     65536.00
   36319.000     0.999986      9233753     72817.78
   36927.000     0.999988      9233767     81920.00
   37439.000     0.999989      9233780     93622.86
   38367.000     0.999991      9233794    109226.67
   39551.000     0.999992      9233808    131072.00
   40031.000     0.999993      9233815    145635.56
   40575.000     0.999994      9233822    163840.00
   41471.000     0.999995      9233829    187245.71
   42655.000     0.999995      9233836    218453.33
   43327.000     0.999996      9233844    262144.00
   44447.000     0.999997      9233847    291271.11
   44927.000     0.999997      9233851    327680.00
   45311.000     0.999997      9233854    374491.43
   46175.000     0.999998      9233857    436906.67
   46879.000     0.999998      9233861    524288.00
   47455.000     0.999998      9233863    582542.22
   47487.000     0.999998      9233864    655360.00
   47775.000     0.999999      9233866    748982.86
   48351.000     0.999999      9233868    873813.33
   48607.000     0.999999      9233871   1048576.00
   48607.000     0.999999      9233871   1165084.44
   48607.000     0.999999      9233871   1310720.00
   49215.000     0.999999      9233872   1497965.71
   49791.000     0.999999      9233873   1747626.67
   50047.000     1.000000      9233874   2097152.00
   50367.000     1.000000      9233875   2330168.89
   50367.000     1.000000      9233875   2621440.00
   50367.000     1.000000      9233875   2995931.43
   50527.000     1.000000      9233876   3495253.33
   50527.000     1.000000      9233876   4194304.00
   50943.000     1.000000      9233877   4660337.78
   50943.000     1.000000      9233877   5242880.00
   50943.000     1.000000      9233877   5991862.86
   50943.000     1.000000      9233877   6990506.67
   50943.000     1.000000      9233877   8388608.00
   51807.000     1.000000      9233878   9320675.55
   51807.000     1.000000      9233878          inf
#[Mean    =     2784.511, StdDeviation   =     3063.840]
#[Max     =    51807.000, Total count    =      9233878]
#[Buckets =            6, SubBuckets     =         2048]
