       Value   Percentile   TotalCount 1/(1-Percentile)

      87.000     0.000000            1         1.00
     115.000     0.100000       145223         1.11
     120.000     0.200000       290089         1.25
     124.000     0.300000       434929         1.43
     128.000     0.400000       590039         1.67
     131.000     0.500000       705082         2.00
     133.000     0.550000       777361         2.22
     135.000     0.600000       845792         2.50
     137.000     0.650000       908616         2.86
     140.000     0.700000       991943         3.33
     142.000     0.750000      1039366         4.00
     144.000     0.775000      1081551         4.44
     146.000     0.800000      1118655         5.00
     148.000     0.825000      1151223         5.71
     150.000     0.850000      1179657         6.67
     153.000     0.875000      1215773         8.00
     155.000     0.887500      1236126         8.89
     157.000     0.900000      1253796        10.00
     159.000     0.912500      1269125        11.43
     161.000     0.925000      1282488        13.33
     164.000     0.937500      1299483        16.00
     166.000     0.943750      1309220        17.78
     168.000     0.950000      1317609        20.00
     170.000     0.956250      1325097        22.86
     173.000     0.962500      1334935        26.67
     176.000     0.968750      1343296        32.00
     178.000     0.971875      1348077        35.56
     180.000     0.975000      1352546        40.00
     182.000     0.978125      1356498        45.71
     184.000     0.981250      1360120        53.33
     187.000     0.984375      1364821        64.00
     188.000     0.985938      1366223        71.11
     190.000     0.987500      1368817        80.00
     192.000     0.989062      1371001        91.43
     194.000     0.990625      1372956       106.67
     196.000     0.992188      1374722       128.00
     198.000     0.992969      1376307       142.22
     199.000     0.993750      1377003       160.00
     201.000     0.994531      1378249       182.86
     203.000     0.995313      1379347       213.33
     205.000     0.996094      1380190       256.00
     206.000     0.996484      1380586       284.44
     208.000     0.996875      1381271       320.00
     209.000     0.997266      1381567       365.71
     211.000     0.997656      1382150       426.67
     214.000     0.998047      1382813       512.00
     215.000     0.998242      1382989       568.89
     216.000     0.998437      1383167       640.00
     218.000     0.998633      1383454       731.43
     220.000     0.998828      1383715       853.33
     223.000     0.999023      1383985      1024.00
     225.000     0.999121      1384132      1137.78
     227.000     0.999219      1384244      1280.00
     230.000     0.999316      1384416      1462.86
     233.000     0.999414      1384533      1706.67
     237.000     0.999512      1384672      2048.00
     239.000     0.999561      1384733      2275.56
     241.000     0.999609      1384782      2560.00
     245.000     0.999658      1384852      2925.71
     250.000     0.999707      1384921      3413.33
     257.000     0.999756      1384991      4096.00
     262.000     0.999780      1385016      4551.11
     270.000     0.999805      1385048      5120.00
     283.000     0.999829      1385082      5851.43
     399.000     0.999854      1385117      6826.67
     626.000     0.999878      1385149      8192.00
    1082.000     0.999890      1385166      9102.22
    1449.000     0.999902      1385183     10240.00
    2807.000     0.999915      1385200     11702.86
    5191.000     0.999927      1385217     13653.33
   19311.000     0.999939      1385234     16384.00
   21263.000     0.999945      1385242     18204.44
   26079.000     0.999951      1385251     20480.00
   27903.000     0.999957      1385259     23405.71
   31983.000     0.999963      1385268     27306.67
   37951.000     0.999969      1385276     32768.00
   38943.000     0.999973      1385280     36408.89
   41567.000     0.999976      1385285     40960.00
   42047.000     0.999979      1385289     46811.43
   43583.000     0.999982      1385293     54613.33
   45855.000     0.999985      1385297     65536.00
   46431.000     0.999986      1385299     72817.78
   46815.000     0.999988      1385302     81920.00
   47199.000     0.999989      1385304     93622.86
   47935.000     0.999991      1385306    109226.67
   49951.000     0.999992      1385308    131072.00
   49983.000     0.999993      1385309    145635.56
   50143.000     0.999994      1385310    163840.00
   50943.000     0.999995      1385312    187245.71
   50943.000     0.999995      1385312    218453.33
   52351.000     0.999996      1385313    262144.00
   52703.000     0.999997      1385314    291271.11
   52703.000     0.999997      1385314    327680.00
   53151.000     0.999997      1385315    374491.43
   53151.000     0.999998      1385315    436906.67
   53919.000     0.999998      1385316    524288.00
   53919.000     0.999998      1385316    582542.22
   53919.000     0.999998      1385316    655360.00
   57055.000     0.999999      1385317    748982.86
   57055.000     0.999999      1385317    873813.33
   57055.000     0.999999      1385317   1048576.00
   57055.000     0.999999      1385317   1165084.44
   57055.000     0.999999      1385317   1310720.00
   57247.000     0.999999      1385318   1497965.71
   57247.000     1.000000      1385318          inf
#[Mean    =      136.596, StdDeviation   =      299.709]
#[Max     =    57247.000, Total count    =      1385318]
#[Buckets =            6, SubBuckets     =         2048]
