       Value   Percentile   TotalCount 1/(1-Percentile)

      77.000     0.000000            1         1.00
      83.000     0.100000        33670         1.11
      84.000     0.200000        39852         1.25
     131.000     0.300000        55293         1.43
     158.000     0.400000        73707         1.67
     164.000     0.500000        96395         2.00
     166.000     0.550000       102144         2.22
     171.000     0.600000       110485         2.50
     187.000     0.650000       119719         2.86
     196.000     0.700000       132834         3.33
     197.000     0.750000       145323         4.00
     197.000     0.775000       145323         4.44
     198.000     0.800000       158302         5.00
     198.000     0.825000       158302         5.71
     198.000     0.850000       158302         6.67
     199.000     0.875000       164332         8.00
     199.000     0.887500       164332         8.89
     200.000     0.900000       166776        10.00
     201.000     0.912500       168328        11.43
     203.000     0.925000       170636        13.33
     205.000     0.937500       172544        16.00
     207.000     0.943750       174330        17.78
     208.000     0.950000       174956        20.00
     210.000     0.956250       176238        22.86
     211.000     0.962500       177194        26.67
     212.000     0.968750       178335        32.00
     213.000     0.971875       179317        35.56
     214.000     0.975000       180064        40.00
     214.000     0.978125       180064        45.71
     215.000     0.981250       180706        53.33
     216.000     0.984375       181217        64.00
     217.000     0.985938       181552        71.11
     218.000     0.987500       181846        80.00
     219.000     0.989062       182116        91.43
     220.000     0.990625       182319       106.67
     222.000     0.992188       182620       128.00
     223.000     0.992969       182735       142.22
     225.000     0.993750       182950       160.00
     226.000     0.994531       183067       182.86
     227.000     0.995313       183149       213.33
     229.000     0.996094       183293       256.00
     231.000     0.996484       183392       284.44
     232.000     0.996875       183428       320.00
     235.000     0.997266       183514       365.71
     239.000     0.997656       183574       426.67
     248.000     0.998047       183643       512.00
     254.000     0.998242       183688       568.89
     258.000     0.998437       183718       640.00
     260.000     0.998633       183767       731.43
     263.000     0.998828       183785       853.33
     272.000     0.999023       183821      1024.00
     278.000     0.999121       183839      1137.78
     299.000     0.999219       183857      1280.00
     357.000     0.999316       183875      1462.86
     379.000     0.999414       183893      1706.67
     402.000     0.999512       183912      2048.00
     419.000     0.999561       183921      2275.56
     422.000     0.999609       183929      2560.00
     425.000     0.999658       183942      2925.71
     426.000     0.999707       183947      3413.33
     435.000     0.999756       183956      4096.00
     438.000     0.999780       183960      4551.11
     500.000     0.999805       183965      5120.00
     596.000     0.999829       183969      5851.43
    2845.000     0.999854       183974      6826.67
    3043.000     0.999878       183978      8192.00
    3085.000     0.999890       183980      9102.22
    3223.000     0.999902       183983     10240.00
    3249.000     0.999915       183985     11702.86
    3365.000     0.999927       183987     13653.33
    3397.000     0.999939       183989     16384.00
    3417.000     0.999945       183990     18204.44
    3595.000     0.999951       183992     20480.00
    3617.000     0.999957       183993     23405.71
    3793.000     0.999963       183994     27306.67
   18463.000     0.999969       183995     32768.00
   18463.000     0.999973       183995     36408.89
   18479.000     0.999976       183996     40960.00
   18639.000     0.999979       183997     46811.43
   18639.000     0.999982       183997     54613.33
   18751.000     0.999985       183998     65536.00
   18751.000     0.999986       183998     72817.78
   18751.000     0.999988       183998     81920.00
   18911.000     0.999989       183999     93622.86
   18911.000     0.999991       183999    109226.67
   18911.000     0.999992       183999    131072.00
   18911.000     0.999993       183999    145635.56
   18911.000     0.999994       183999    163840.00
   20847.000     0.999995       184000    187245.71
   20847.000     1.000000       184000          inf
#[Mean    =      154.009, StdDeviation   =      122.282]
#[Max     =    20847.000, Total count    =       184000]
#[Buckets =            5, SubBuckets     =         2048]
