       Value   Percentile   TotalCount 1/(1-Percentile)

      74.000     0.000000            1         1.00
    1721.000     0.100000      1408595         1.11
    2279.000     0.200000      2824511         1.25
    2567.000     0.300000      4233314         1.43
    2807.000     0.400000      5635695         1.67
    3071.000     0.500000      7047484         2.00
    3223.000     0.550000      7752697         2.22
    3405.000     0.600000      8456170         2.50
    3651.000     0.650000      9156240         2.86
    3997.000     0.700000      9861657         3.33
    4467.000     0.750000     10564295         4.00
    4775.000     0.775000     10917834         4.44
    5231.000     0.800000     11268987         5.00
    6103.000     0.825000     11620835         5.71
    8583.000     0.850000     11973270         6.67
   12047.000     0.875000     12324911         8.00
   13239.000     0.887500     12500609         8.89
   14095.000     0.900000     12676898        10.00
   14807.000     0.912500     12854150        11.43
   15519.000     0.925000     13029946        13.33
   16431.000     0.937500     13205002        16.00
   17103.000     0.943750     13293246        17.78
   18127.000     0.950000     13381569        20.00
   19583.000     0.956250     13469772        22.86
   21247.000     0.962500     13557431        26.67
   22879.000     0.968750     13645540        32.00
   23807.000     0.971875     13689452        35.56
   24959.000     0.975000     13733495        40.00
   26607.000     0.978125     13777103        45.71
   28335.000     0.981250     13821172        53.33
   29775.000     0.984375     13865159        64.00
   30479.000     0.985938     13887414        71.11
   31231.000     0.987500     13909321        80.00
   32047.000     0.989062     13931207        91.43
   32959.000     0.990625     13953358       106.67
   34111.000     0.992188     13975126       128.00
   34911.000     0.992969     13986242       142.22
   35839.000     0.993750     13997221       160.00
   36895.000     0.994531     14008394       182.86
   38207.000     0.995313     14019293       213.33
   39839.000     0.996094     14030278       256.00
   40735.000     0.996484     14035725       284.44
   41663.000     0.996875     14041193       320.00
   42719.000     0.997266     14046737       365.71
   43743.000     0.997656     14052248       426.67
   44703.000     0.998047     14057654       512.00
   45247.000     0.998242     14060484       568.89
   45791.000     0.998437     14063269       640.00
   46335.000     0.998633     14065985       731.43
   46879.000     0.998828     14068690       853.33
   47455.000     0.999023     14071449      1024.00
   47775.000     0.999121     14072906      1137.78
   48095.000     0.999219     14074182      1280.00
   48479.000     0.999316     14075607      1462.86
   48863.000     0.999414     14076973      1706.67
   49247.000     0.999512     14078284      2048.00
   49471.000     0.999561     14079015      2275.56
   49695.000     0.999609     14079657      2560.00
   49983.000     0.999658     14080412      2925.71
   50271.000     0.999707     14081036      3413.33
   50687.000     0.999756     14081755      4096.00
   50943.000     0.999780     14082081      4551.11
   51263.000     0.999805     14082417      5120.00
   51615.000     0.999829     14082751      5851.43
   52095.000     0.999854     14083096      6826.67
   52767.000     0.999878     14083439      8192.00
   53375.000     0.999890     14083614      9102.22
   54879.000     0.999902     14083784     10240.00
   56863.000     0.999915     14083955     11702.86
   58207.000     0.999927     14084125     13653.33
   59615.000     0.999939     14084296     16384.00
   60767.000     0.999945     14084385     18204.44
   62495.000     0.999951     14084468     20480.00
   63647.000     0.999957     14084555     23405.71
   64415.000     0.999963     14084641     27306.67
   65151.000     0.999969     14084730     32768.00
   65663.000     0.999973     14084771     36408.89
   66239.000     0.999976     14084812     40960.00
   67263.000     0.999979     14084860     46811.43
   69567.000     0.999982     14084898     54613.33
   75455.000     0.999985     14084941     65536.00
   80063.000     0.999986     14084963     72817.78
   81855.000     0.999988     14084984     81920.00
   82367.000     0.999989     14085006     93622.86
   83519.000     0.999991     14085027    109226.67
   86463.000     0.999992     14085048    131072.00
   87423.000     0.999993     14085059    145635.56
   87935.000     0.999994     14085070    163840.00
   88831.000     0.999995     14085080    187245.71
   89279.000     0.999995     14085093    218453.33
   89791.000     0.999996     14085103    262144.00
   90111.000     0.999997     14085108    291271.11
   90239.000     0.999997     14085113    327680.00
   90751.000     0.999997     14085118    374491.43
   91263.000     0.999998     14085123    436906.67
   91583.000     0.999998     14085130    524288.00
   91839.000     0.999998     14085131    582542.22
   92031.000     0.999998     14085134    655360.00
   92415.000     0.999999     14085137    748982.86
   92671.000     0.999999     14085139    873813.33
   93311.000     0.999999     14085143   1048576.00
   93311.000     0.999999     14085143   1165084.44
   93823.000     0.999999     14085146   1310720.00
   93823.000     0.999999     14085146   1497965.71
   93951.000     0.999999     14085147   1747626.67
   94079.000     1.000000     14085149   2097152.00
   94079.000     1.000000     14085149   2330168.89
   94207.000     1.000000     14085150   2621440.00
   94271.000     1.000000     14085151   2995931.43
   94271.000     1.000000     14085151   3495253.33
   94335.000     1.000000     14085152   4194304.00
   94335.000     1.000000     14085152   4660337.78
   94399.000     1.000000     14085153   5242880.00
   94399.000     1.000000     14085153   5991862.86
   94399.000     1.000000     14085153   6990506.67
   94463.000     1.000000     14085154   8388608.00
   94463.000     1.000000     14085154   9320675.55
   94463.000     1.000000     14085154  10485760.00
   94463.000     1.000000     14085154  11983725.71
   94463.000     1.000000     14085154  13981013.34
  108799.000     1.000000     14085155  16777216.00
  108799.000     1.000000     14085155          inf
#[Mean    =     5311.419, StdDeviation   =     6337.015]
#[Max     =   108799.000, Total count    =     14085155]
#[Buckets =            7, SubBuckets     =         2048]
