       Value   Percentile   TotalCount 1/(1-Percentile)

      46.000     0.000000            2         1.00
     262.000     0.100000      1399872         1.11
     342.000     0.200000      2798080         1.25
     423.000     0.300000      4196296         1.43
     518.000     0.400000      5584440         1.67
     645.000     0.500000      6986075         2.00
     731.000     0.550000      7678809         2.22
     851.000     0.600000      8375639         2.50
    1029.000     0.650000      9072437         2.86
    1309.000     0.700000      9768918         3.33
    1664.000     0.750000     10467373         4.00
    1856.000     0.775000     10815219         4.44
    2081.000     0.800000     11164074         5.00
    2379.000     0.825000     11513694         5.71
    2807.000     0.850000     11861722         6.67
    3515.000     0.875000     12210590         8.00
    4119.000     0.887500     12385551         8.89
    5091.000     0.900000     12559428        10.00
    6823.000     0.912500     12733917        11.43
   10351.000     0.925000     12908222        13.33
   14967.000     0.937500     13082785        16.00
   16991.000     0.943750     13170244        17.78
   19151.000     0.950000     13256962        20.00
   21727.000     0.956250     13344253        22.86
   25391.000     0.962500     13431703        26.67
   29519.000     0.968750     13518937        32.00
   31391.000     0.971875     13562343        35.56
   33183.000     0.975000     13606547        40.00
   35199.000     0.978125     13650029        45.71
   37503.000     0.981250     13693182        53.33
   40543.000     0.984375     13736787        64.00
   43231.000     0.985938     13758495        71.11
   49951.000     0.987500     13780262        80.00
   59263.000     0.989062     13802059        91.43
   72767.000     0.990625     13823945       106.67
   92351.000     0.992188     13845714       128.00
  102079.000     0.992969     13856602       142.22
  112639.000     0.993750     13867504       160.00
  126143.000     0.994531     13878378       182.86
  140927.000     0.995313     13889329       213.33
  153215.000     0.996094     13900248       256.00
  160895.000     0.996484     13905641       284.44
  168575.000     0.996875     13911101       320.00
  176511.000     0.997266     13916632       365.71
  183423.000     0.997656     13922051       426.67
  187519.000     0.998047     13927536       512.00
  189055.000     0.998242     13930415       568.89
  190079.000     0.998437     13932895       640.00
  191359.000     0.998633     13935744       731.43
  192767.000     0.998828     13938487       853.33
  195071.000     0.999023     13941128      1024.00
  198015.000     0.999121     13942461      1137.78
  200959.000     0.999219     13943811      1280.00
  203903.000     0.999316     13945153      1462.86
  211839.000     0.999414     13946519      1706.67
  225407.000     0.999512     13947875      2048.00
  234239.000     0.999561     13948558      2275.56
  242815.000     0.999609     13949235      2560.00
  256383.000     0.999658     13949920      2925.71
  271615.000     0.999707     13950599      3413.33
  292095.000     0.999756     13951283      4096.00
  310527.000     0.999780     13951622      4551.11
  320255.000     0.999805     13951967      5120.00
  332287.000     0.999829     13952304      5851.43
  356607.000     0.999854     13952641      6826.67
  369919.000     0.999878     13952991      8192.00
  372479.000     0.999890     13953163      9102.22
  373247.000     0.999902     13953344     10240.00
  376319.000     0.999915     13953499     11702.86
  381183.000     0.999927     13953664     13653.33
  386303.000     0.999939     13953841     16384.00
  388607.000     0.999945     13953923     18204.44
  390143.000     0.999951     13954007     20480.00
  397311.000     0.999957     13954089     23405.71
  412159.000     0.999963     13954178     27306.67
  459007.000     0.999969     13954262     32768.00
  472319.000     0.999973     13954303     36408.89
  479743.000     0.999976     13954345     40960.00
  541695.000     0.999979     13954387     46811.43
  566783.000     0.999982     13954431     54613.33
  570367.000     0.999985     13954486     65536.00
  570879.000     0.999986     13954524     72817.78
  570879.000     0.999988     13954524     81920.00
  571391.000     0.999989     13954536     93622.86
  571903.000     0.999991     13954566    109226.67
  572415.000     0.999992     13954598    131072.00
  572415.000     0.999993     13954598    145635.56
  572927.000     0.999994     13954603    163840.00
  573951.000     0.999995     13954611    187245.71
  575999.000     0.999995     13954625    218453.33
  580607.000     0.999996     13954637    262144.00
  581119.000     0.999997     13954639    291271.11
  613375.000     0.999997     13954643    327680.00
  618495.000     0.999997     13954648    374491.43
  623615.000     0.999998     13954655    436906.67
  624639.000     0.999998     13954659    524288.00
  628223.000     0.999998     13954662    582542.22
  628735.000     0.999998     13954664    655360.00
  665087.000     0.999999     13954667    748982.86
  665599.000     0.999999     13954672    873813.33
  665599.000     0.999999     13954672   1048576.00
  666111.000     0.999999     13954675   1165084.44
  666111.000     0.999999     13954675   1310720.00
  666623.000     0.999999     13954679   1497965.71
  666623.000     0.999999     13954679   1747626.67
  666623.000     1.000000     13954679   2097152.00
  806911.000     1.000000     13954681   2330168.89
  806911.000     1.000000     13954681   2621440.00
  806911.000     1.000000     13954681   2995931.43
  809983.000     1.000000     13954682   3495253.33
  809983.000     1.000000     13954682   4194304.00
  814591.000     1.000000     13954683   4660337.78
  814591.000     1.000000     13954683   5242880.00
  814591.000     1.000000     13954683   5991862.86
  815103.000     1.000000     13954684   6990506.67
  815103.000     1.000000     13954684   8388608.00
  815103.000     1.000000     13954684   9320675.55
  815103.000     1.000000     13954684  10485760.00
  815103.000     1.000000     13954684  11983725.71
  821247.000     1.000000     13954685  13981013.34
  821247.000     1.000000     13954685          inf
#[Mean    =     4076.183, StdDeviation   =    16542.756]
#[Max     =   821247.000, Total count    =     13954685]
#[Buckets =           10, SubBuckets     =         2048]
