       Value   Percentile   TotalCount 1/(1-Percentile)

      48.000     0.000000            1         1.00
     295.000     0.100000      1197608         1.11
     373.000     0.200000      2403052         1.25
     443.000     0.300000      3592870         1.43
     518.000     0.400000      4790316         1.67
     608.000     0.500000      5992692         2.00
     665.000     0.550000      6588527         2.22
     738.000     0.600000      7180280         2.50
     840.000     0.650000      7777537         2.86
     998.000     0.700000      8375560         3.33
    1339.000     0.750000      8972865         4.00
    1639.000     0.775000      9272095         4.44
    1958.000     0.800000      9571476         5.00
    2197.000     0.825000      9870144         5.71
    2423.000     0.850000     10169003         6.67
    2661.000     0.875000     10469554         8.00
    2791.000     0.887500     10617854         8.89
    2951.000     0.900000     10767002        10.00
    3217.000     0.912500     10917216        11.43
    3777.000     0.925000     11066285        13.33
    4871.000     0.937500     11215739        16.00
    5887.000     0.943750     11290356        17.78
    7159.000     0.950000     11365196        20.00
    8415.000     0.956250     11440114        22.86
    9511.000     0.962500     11514681        26.67
   10655.000     0.968750     11589719        32.00
   11287.000     0.971875     11627065        35.56
   12063.000     0.975000     11664222        40.00
   13655.000     0.978125     11701634        45.71
   18895.000     0.981250     11738981        53.33
   39327.000     0.984375     11776367        64.00
   60607.000     0.985938     11795056        71.11
   99839.000     0.987500     11813741        80.00
  138495.000     0.989062     11832486        91.43
  160767.000     0.990625     11851213       106.67
  178559.000     0.992188     11869852       128.00
  184063.000     0.992969     11879345       142.22
  187135.000     0.993750     11888678       160.00
  188671.000     0.994531     11897885       182.86
  189823.000     0.995313     11907975       213.33
  190719.000     0.996094     11916662       256.00
  191231.000     0.996484     11921919       284.44
  191615.000     0.996875     11925905       320.00
  192255.000     0.997266     11931365       365.71
  193023.000     0.997656     11935362       426.67
  194815.000     0.998047     11940094       512.00
  196479.000     0.998242     11942360       568.89
  198783.000     0.998437     11944695       640.00
  202367.000     0.998633     11946929       731.43
  211455.000     0.998828     11949265       853.33
  241663.000     0.999023     11951600      1024.00
  257535.000     0.999121     11952764      1137.78
  292351.000     0.999219     11953938      1280.00
  331263.000     0.999316     11955109      1462.86
  353023.000     0.999414     11956294      1706.67
  373503.000     0.999512     11957442      2048.00
  384511.000     0.999561     11958024      2275.56
  389119.000     0.999609     11958638      2560.00
  391935.000     0.999658     11959221      2925.71
  406783.000     0.999707     11959819      3413.33
  418303.000     0.999756     11960372      4096.00
  445183.000     0.999780     11960656      4551.11
  484351.000     0.999805     11960944      5120.00
  535551.000     0.999829     11961263      5851.43
  572415.000     0.999854     11961526      6826.67
  582655.000     0.999878     11961840      8192.00
  590847.000     0.999890     11961988      9102.22
  592895.000     0.999902     11962114     10240.00
  599551.000     0.999915     11962263     11702.86
  610303.000     0.999927     11962401     13653.33
  639999.000     0.999939     11962555     16384.00
  643583.000     0.999945     11962621     18204.44
  650239.000     0.999951     11962693     20480.00
  686079.000     0.999957     11962768     23405.71
  739327.000     0.999963     11962840     27306.67
  756735.000     0.999969     11962915     32768.00
  769535.000     0.999973     11962956     36408.89
  777215.000     0.999976     11962985     40960.00
  780799.000     0.999979     11963024     46811.43
  793087.000     0.999982     11963061     54613.33
  841727.000     0.999985     11963095     65536.00
  858111.000     0.999986     11963113     72817.78
  865791.000     0.999988     11963133     81920.00
  876031.000     0.999989     11963151     93622.86
  926719.000     0.999991     11963168    109226.67
  992255.000     0.999992     11963187    131072.00
 1040383.000     0.999993     11963196    145635.56
 1041407.000     0.999994     11963205    163840.00
 1042431.000     0.999995     11963217    187245.71
 1049599.000     0.999995     11963228    218453.33
 1062911.000     0.999996     11963232    262144.00
 1092607.000     0.999997     11963240    291271.11
 1093631.000     0.999997     11963244    327680.00
 1111039.000     0.999997     11963246    374491.43
 1159167.000     0.999998     11963251    436906.67
 1182719.000     0.999998     11963257    524288.00
 1182719.000     0.999998     11963257    582542.22
 1210367.000     0.999998     11963263    655360.00
 1210367.000     0.999999     11963263    748982.86
 1211391.000     0.999999     11963265    873813.33
 1220607.000     0.999999     11963266   1048576.00
 1248255.000     0.999999     11963267   1165084.44
 1251327.000     0.999999     11963269   1310720.00
 1252351.000     0.999999     11963271   1497965.71
 1252351.000     0.999999     11963271   1747626.67
 1331199.000     1.000000     11963274   2097152.00
 1331199.000     1.000000     11963274   2330168.89
 1331199.000     1.000000     11963274   2621440.00
 1331199.000     1.000000     11963274   2995931.43
 1331199.000     1.000000     11963274   3495253.33
 1353727.000     1.000000     11963276   4194304.00
 1353727.000     1.000000     11963276   4660337.78
 1353727.000     1.000000     11963276   5242880.00
 1353727.000     1.000000     11963276   5991862.86
 1353727.000     1.000000     11963276   6990506.67
 1353727.000     1.000000     11963276   8388608.00
 1353727.000     1.000000     11963276   9320675.55
 1353727.000     1.000000     11963276  10485760.00
 1402879.000     1.000000     11963277  11983725.71
 1402879.000     1.000000     11963277          inf
#[Mean    =     3948.435, StdDeviation   =    23198.514]
#[Max     =  1402879.000, Total count    =     11963277]
#[Buckets =           11, SubBuckets     =         2048]
