       Value   Percentile   TotalCount 1/(1-Percentile)

     120.000     0.000000            1         1.00
     146.000     0.100000         6440         1.11
     158.000     0.200000        11231         1.25
     167.000     0.300000        17153         1.43
     169.000     0.400000        29307         1.67
     169.000     0.500000        29307         2.00
     170.000     0.550000        36345         2.22
     170.000     0.600000        36345         2.50
     170.000     0.650000        36345         2.86
     171.000     0.700000        40214         3.33
     172.000     0.750000        41755         4.00
     174.000     0.775000        43417         4.44
     175.000     0.800000        44656         5.00
     177.000     0.825000        46793         5.71
     178.000     0.850000        47925         6.67
     179.000     0.875000        49457         8.00
     179.000     0.887500        49457         8.89
     180.000     0.900000        50913        10.00
     180.000     0.912500        50913        11.43
     181.000     0.925000        51762        13.33
     182.000     0.937500        52273        16.00
     183.000     0.943750        52617        17.78
     184.000     0.950000        52985        20.00
     185.000     0.956250        53365        22.86
     186.000     0.962500        53716        26.67
     187.000     0.968750        54012        32.00
     188.000     0.971875        54207        35.56
     189.000     0.975000        54371        40.00
     190.000     0.978125        54486        45.71
     192.000     0.981250        54684        53.33
     194.000     0.984375        54841        64.00
     195.000     0.985938        54907        71.11
     196.000     0.987500        54993        80.00
     197.000     0.989062        55069        91.43
     198.000     0.990625        55130       106.67
     199.000     0.992188        55197       128.00
     201.000     0.992969        55251       142.22
     204.000     0.993750        55285       160.00
     207.000     0.994531        55326       182.86
     212.000     0.995313        55370       213.33
     221.000     0.996094        55414       256.00
     232.000     0.996484        55437       284.44
     234.000     0.996875        55488       320.00
     234.000     0.997266        55488       365.71
     235.000     0.997656        55534       426.67
     235.000     0.998047        55534       512.00
     235.000     0.998242        55534       568.89
     236.000     0.998437        55584       640.00
     236.000     0.998633        55584       731.43
     236.000     0.998828        55584       853.33
     236.000     0.999023        55584      1024.00
     236.000     0.999121        55584      1137.78
     237.000     0.999219        55596      1280.00
     237.000     0.999316        55596      1462.86
     238.000     0.999414        55604      1706.67
     238.000     0.999512        55604      2048.00
     240.000     0.999561        55606      2275.56
     243.000     0.999609        55609      2560.00
     245.000     0.999658        55611      2925.71
     249.000     0.999707        55614      3413.33
     271.000     0.999756        55617      4096.00
     278.000     0.999780        55618      4551.11
     282.000     0.999805        55620      5120.00
     283.000     0.999829        55621      5851.43
     331.000     0.999854        55622      6826.67
     341.000     0.999878        55624      8192.00
     341.000     0.999890        55624      9102.22
     398.000     0.999902        55625     10240.00
     590.000     0.999915        55626     11702.86
     590.000     0.999927        55626     13653.33
     772.000     0.999939        55627     16384.00
     772.000     0.999945        55627     18204.44
    1374.000     0.999951        55628     20480.00
    1374.000     0.999957        55628     23405.71
    1374.000     0.999963        55628     27306.67
    1568.000     0.999969        55629     32768.00
    1568.000     0.999973        55629     36408.89
    1568.000     0.999976        55629     40960.00
    1568.000     0.999979        55629     46811.43
    1568.000     0.999982        55629     54613.33
    2353.000     0.999985        55630     65536.00
    2353.000     1.000000        55630          inf
#[Mean    =      167.095, StdDeviation   =       18.401]
#[Max     =     2353.000, Total count    =        55630]
#[Buckets =            2, SubBuckets     =         2048]
