       Value   Percentile   TotalCount 1/(1-Percentile)

     218.000     0.000000            1         1.00
   26671.000     0.100000       231992         1.11
   28367.000     0.200000       463268         1.25
   29839.000     0.300000       694989         1.43
   31215.000     0.400000       926443         1.67
   32463.000     0.500000      1156880         2.00
   33055.000     0.550000      1275101         2.22
   33631.000     0.600000      1390582         2.50
   34239.000     0.650000      1503116         2.86
   34943.000     0.700000      1622125         3.33
   35679.000     0.750000      1734659         4.00
   36095.000     0.775000      1793910         4.44
   36511.000     0.800000      1849828         5.00
   36959.000     0.825000      1909482         5.71
   37407.000     0.850000      1966202         6.67
   37887.000     0.875000      2024402         8.00
   38143.000     0.887500      2054901         8.89
   38367.000     0.900000      2080449        10.00
   38655.000     0.912500      2111743        11.43
   38911.000     0.925000      2138125        13.33
   39231.000     0.937500      2168658        16.00
   39391.000     0.943750      2183161        17.78
   39551.000     0.950000      2197198        20.00
   39711.000     0.956250      2210845        22.86
   39903.000     0.962500      2226074        26.67
   40095.000     0.968750      2239882        32.00
   40223.000     0.971875      2248349        35.56
   40319.000     0.975000      2253929        40.00
   40447.000     0.978125      2261073        45.71
   40607.000     0.981250      2268647        53.33
   40767.000     0.984375      2275313        64.00
   40895.000     0.985938      2279795        71.11
   40991.000     0.987500      2282692        80.00
   41151.000     0.989062      2286586        91.43
   41311.000     0.990625      2289664       106.67
   41631.000     0.992188      2293357       128.00
   41919.000     0.992969      2295178       142.22
   42399.000     0.993750      2296852       160.00
   43135.000     0.994531      2298707       182.86
   43967.000     0.995313      2300521       213.33
   44959.000     0.996094      2302337       256.00
   45439.000     0.996484      2303201       284.44
   46079.000     0.996875      2304087       320.00
   46687.000     0.997266      2304990       365.71
   47423.000     0.997656      2305900       426.67
   48191.000     0.998047      2306789       512.00
   48671.000     0.998242      2307242       568.89
   49183.000     0.998437      2307705       640.00
   49727.000     0.998633      2308144       731.43
   50527.000     0.998828      2308592       853.33
   51391.000     0.999023      2309045      1024.00
   51839.000     0.999121      2309274      1137.78
   52319.000     0.999219      2309492      1280.00
   52863.000     0.999316      2309722      1462.86
   53471.000     0.999414      2309954      1706.67
   54079.000     0.999512      2310167      2048.00
   54463.000     0.999561      2310289      2275.56
   54815.000     0.999609      2310394      2560.00
   55167.000     0.999658      2310510      2925.71
   55647.000     0.999707      2310623      3413.33
   56191.000     0.999756      2310735      4096.00
   56447.000     0.999780      2310792      4551.11
   56831.000     0.999805      2310850      5120.00
   57119.000     0.999829      2310905      5851.43
   57471.000     0.999854      2310958      6826.67
   57887.000     0.999878      2311016      8192.00
   58303.000     0.999890      2311042      9102.22
   58623.000     0.999902      2311070     10240.00
   58911.000     0.999915      2311098     11702.86
   59391.000     0.999927      2311128     13653.33
   59839.000     0.999939      2311154     16384.00
   60255.000     0.999945      2311169     18204.44
   60511.000     0.999951      2311183     20480.00
   60735.000     0.999957      2311198     23405.71
   61119.000     0.999963      2311212     27306.67
   61471.000     0.999969      2311225     32768.00
   61663.000     0.999973      2311233     36408.89
   62047.000     0.999976      2311239     40960.00
   62239.000     0.999979      2311246     46811.43
   62815.000     0.999982      2311254     54613.33
   63007.000     0.999985      2311260     65536.00
   63167.000     0.999986      2311264     72817.78
   63263.000     0.999988      2311267     81920.00
   63423.000     0.999989      2311271     93622.86
   63679.000     0.999991      2311274    109226.67
   64063.000     0.999992      2311279    131072.00
   64287.000     0.999993      2311280    145635.56
   64319.000     0.999994      2311281    163840.00
   64383.000     0.999995      2311283    187245.71
   64447.000     0.999995      2311285    218453.33
   64511.000     0.999996      2311287    262144.00
   64543.000     0.999997      2311289    291271.11
   64543.000     0.999997      2311289    327680.00
   64543.000     0.999997      2311289    374491.43
   64575.000     0.999998      2311290    436906.67
   64671.000     0.999998      2311291    524288.00
   65311.000     0.999998      2311292    582542.22
   65311.000     0.999998      2311292    655360.00
   65311.000     0.999999      2311292    748982.86
   65375.000     0.999999      2311293    873813.33
   65375.000     0.999999      2311293   1048576.00
   65471.000     0.999999      2311294   1165084.44
   65471.000     0.999999      2311294   1310720.00
   65471.000     0.999999      2311294   1497965.71
   65471.000     0.999999      2311294   1747626.67
   65471.000     1.000000      2311294   2097152.00
   65599.000     1.000000      2311295   2330168.89
   65599.000     1.000000      2311295          inf
#[Mean    =    32459.385, StdDeviation   =     4456.738]
#[Max     =    65599.000, Total count    =      2311295]
#[Buckets =            7, SubBuckets     =         2048]
