       Value   Percentile   TotalCount 1/(1-Percentile)

      52.000     0.000000            1         1.00
     311.000     0.100000       695300         1.11
     489.000     0.200000      1391914         1.25
     727.000     0.300000      2087840         1.43
    1089.000     0.400000      2781668         1.67
    1707.000     0.500000      3476352         2.00
    2215.000     0.550000      3824547         2.22
    2979.000     0.600000      4171479         2.50
    4099.000     0.650000      4519933         2.86
    5615.000     0.700000      4867301         3.33
    7487.000     0.750000      5214136         4.00
    8583.000     0.775000      5388011         4.44
    9855.000     0.800000      5561987         5.00
   11319.000     0.825000      5735904         5.71
   12895.000     0.850000      5909434         6.67
   14511.000     0.875000      6083251         8.00
   16367.000     0.900000      6257242        10.00
   17487.000     0.912500      6344827        11.43
   18767.000     0.925000      6431721        13.33
   20271.000     0.937500      6517875        16.00
   21135.000     0.943750      6561523        17.78
   22079.000     0.950000      6604777        20.00
   23231.000     0.956250      6648159        22.86
   24687.000     0.962500      6691808        26.67
   26879.000     0.968750      6734951        32.00
   28927.000     0.971875      6756726        35.56
   36319.000     0.975000      6778366        40.00
  122175.000     0.978125      6800140        45.71
  135679.000     0.981250      6821904        53.33
  145791.000     0.984375      6843665        64.00
  157823.000     0.987500      6865312        80.00
  166911.000     0.989063      6876237        91.43
  180479.000     0.990625      6887014       106.67
  204415.000     0.992188      6897903       128.00
  253055.000     0.993750      6908743       160.00
  267007.000     0.994531      6914162       182.86
  277247.000     0.995313      6919591       213.33
  289535.000     0.996094      6925070       256.00
  296191.000     0.996484      6927748       284.44
  304127.000     0.996875      6930450       320.00
  315135.000     0.997266      6933165       365.71
  328703.000     0.997656      6935924       426.67
  341247.000     0.998047      6938593       512.00
  348671.000     0.998242      6939994       568.89
  355071.000     0.998437      6941301       640.00
  361727.000     0.998633      6942718       731.43
  368639.000     0.998828      6944040       853.33
  376831.000     0.999023      6945409      1024.00
  381695.000     0.999121      6946079      1137.78
  385791.000     0.999219      6946738      1280.00
  390655.000     0.999316      6947413      1462.86
  395775.000     0.999414      6948113      1706.67
  402687.000     0.999512      6948782      2048.00
  407039.000     0.999561      6949128      2275.56
  411391.000     0.999609      6949460      2560.00
  416511.000     0.999658      6949789      2925.71
  421631.000     0.999707      6950133      3413.33
  428799.000     0.999756      6950473      4096.00
  437247.000     0.999805      6950804      5120.00
  441855.000     0.999829      6950982      5851.43
  447743.000     0.999854      6951161      6826.67
  453119.000     0.999878      6951313      8192.00
  458751.000     0.999902      6951487     10240.00
  461567.000     0.999915      6951572     11702.86
  464383.000     0.999927      6951657     13653.33
  467711.000     0.999939      6951742     16384.00
  472319.000     0.999951      6951823     20480.00
  474367.000     0.999957      6951865     23405.71
  477439.000     0.999963      6951917     27306.67
  479487.000     0.999969      6951949     32768.00
  481535.000     0.999973      6951972     36408.89
  483071.000     0.999976      6951993     40960.00
  485631.000     0.999979      6952014     46811.43
  486911.000     0.999982      6952036     54613.33
  489727.000     0.999985      6952055     65536.00
  491007.000     0.999986      6952066     72817.78
  494079.000     0.999988      6952077     81920.00
  495871.000     0.999989      6952090     93622.86
  496895.000     0.999991      6952098    109226.67
  500479.000     0.999992      6952109    131072.00
  501247.000     0.999993      6952114    145635.56
  502527.000     0.999994      6952119    163840.00
  504319.000     0.999995      6952124    187245.71
  505343.000     0.999995      6952132    218453.33
  505855.000     0.999996      6952136    262144.00
  506111.000     0.999997      6952140    291271.11
  506111.000     0.999997      6952140    327680.00
  506623.000     0.999997      6952143    374491.43
  507135.000     0.999998      6952146    436906.67
  507647.000     0.999998      6952149    524288.00
  507903.000     0.999998      6952151    582542.22
  507903.000     0.999998      6952151    655360.00
  508159.000     0.999999      6952153    748982.86
  510207.000     0.999999      6952154    873813.33
  510719.000     0.999999      6952155   1048576.00
  510975.000     0.999999      6952156   1165084.44
  510975.000     0.999999      6952156   1310720.00
  512511.000     0.999999      6952157   1497965.71
  513023.000     0.999999      6952158   1747626.67
  513023.000     1.000000      6952158   2097152.00
  513535.000     1.000000      6952159   2330168.89
  513535.000     1.000000      6952159   2621440.00
  513535.000     1.000000      6952159   2995931.43
  514047.000     1.000000      6952160   3495253.33
  514047.000     1.000000      6952160   4194304.00
  514047.000     1.000000      6952160   4660337.78
  514047.000     1.000000      6952160   5242880.00
  514047.000     1.000000      6952160   5991862.86
  515839.000     1.000000      6952161   6990506.67
  515839.000     1.000000      6952161          inf
#[Mean    =     9402.176, StdDeviation   =    32706.769]
#[Max     =   515839.000, Total count    =      6952161]
#[Buckets =            9, SubBuckets     =         2048]
