       Value   Percentile   TotalCount 1/(1-Percentile)

     718.000     0.000000            1         1.00
   13487.000     0.100000        73441         1.11
   13559.000     0.200000       151431         1.25
   13599.000     0.300000       222259         1.43
   13631.000     0.400000       296276         1.67
   13663.000     0.500000       380657         2.00
   13679.000     0.550000       422601         2.22
   13687.000     0.600000       443296         2.50
   13703.000     0.650000       484666         2.86
   13719.000     0.700000       524157         3.33
   13735.000     0.750000       559261         4.00
   13743.000     0.775000       575922         4.44
   13751.000     0.800000       590441         5.00
   13767.000     0.825000       616819         5.71
   13775.000     0.850000       628235         6.67
   13791.000     0.875000       648586         8.00
   13799.000     0.887500       657977         8.89
   13807.000     0.900000       666342        10.00
   13815.000     0.912500       673688        11.43
   13823.000     0.925000       680645        13.33
   13839.000     0.937500       692739        16.00
   13839.000     0.943750       692739        17.78
   13847.000     0.950000       697828        20.00
   13855.000     0.956250       701678        22.86
   13871.000     0.962500       708221        26.67
   13879.000     0.968750       711323        32.00
   13887.000     0.971875       714224        35.56
   13895.000     0.975000       716926        40.00
   13903.000     0.978125       719343        45.71
   13903.000     0.981250       719343        53.33
   13919.000     0.984375       723288        64.00
   13919.000     0.985938       723288        71.11
   13927.000     0.987500       724726        80.00
   13935.000     0.989062       726096        91.43
   13943.000     0.990625       727156       106.67
   13951.000     0.992188       728326       128.00
   13951.000     0.992969       728326       142.22
   13959.000     0.993750       729049       160.00
   13959.000     0.994531       729049       182.86
   13967.000     0.995313       729731       213.33
   13975.000     0.996094       730238       256.00
   13983.000     0.996484       730681       284.44
   13991.000     0.996875       731101       320.00
   13991.000     0.997266       731101       365.71
   13999.000     0.997656       731506       426.67
   14007.000     0.998047       731819       512.00
   14007.000     0.998242       731819       568.89
   14015.000     0.998437       732183       640.00
   14015.000     0.998633       732183       731.43
   14015.000     0.998828       732183       853.33
   14023.000     0.999023       732440      1024.00
   14023.000     0.999121       732440      1137.78
   14023.000     0.999219       732440      1280.00
   14031.000     0.999316       732608      1462.86
   14031.000     0.999414       732608      1706.67
   14039.000     0.999512       732683      2048.00
   14039.000     0.999561       732683      2275.56
   14047.000     0.999609       732720      2560.00
   14063.000     0.999658       732759      2925.71
   14087.000     0.999707       732788      3413.33
   21407.000     0.999756       732821      4096.00
   22447.000     0.999780       732839      4551.11
   23967.000     0.999805       732858      5120.00
   24127.000     0.999829       732875      5851.43
   24319.000     0.999854       732895      6826.67
   26895.000     0.999878       732912      8192.00
   27023.000     0.999890       732919      9102.22
   27183.000     0.999902       732928     10240.00
   27279.000     0.999915       732937     11702.86
   27327.000     0.999927       732948     13653.33
   27391.000     0.999939       732961     16384.00
   27391.000     0.999945       732961     18204.44
   27423.000     0.999951       732965     20480.00
   27439.000     0.999957       732969     23405.71
   27471.000     0.999963       732975     27306.67
   27487.000     0.999969       732979     32768.00
   27487.000     0.999973       732979     36408.89
   27503.000     0.999976       732984     40960.00
   27503.000     0.999979       732984     46811.43
   27519.000     0.999982       732988     54613.33
   27519.000     0.999985       732988     65536.00
   27551.000     0.999986       732989     72817.78
   27567.000     0.999988       732994     81920.00
   27567.000     0.999989       732994     93622.86
   27567.000     0.999991       732994    109226.67
   27567.000     0.999992       732994    131072.00
   27567.000     0.999993       732994    145635.56
   27583.000     0.999994       732996    163840.00
   27583.000     0.999995       732996    187245.71
   27583.000     0.999995       732996    218453.33
   27663.000     0.999996       732997    262144.00
   27663.000     0.999997       732997    291271.11
   27663.000     0.999997       732997    327680.00
   27679.000     0.999997       732998    374491.43
   27679.000     0.999998       732998    436906.67
   27679.000     0.999998       732998    524288.00
   27679.000     0.999998       732998    582542.22
   27679.000     0.999998       732998    655360.00
   27727.000     0.999999       732999    748982.86
   27727.000     1.000000       732999          inf
#[Mean    =    13641.852, StdDeviation   =      364.914]
#[Max     =    27727.000, Total count    =       732999]
#[Buckets =            5, SubBuckets     =         2048]
