       Value   Percentile   TotalCount 1/(1-Percentile)

      44.000     0.000000            1         1.00
     266.000     0.100000      1348589         1.11
     390.000     0.200000      2699727         1.25
     521.000     0.300000      4043207         1.43
     692.000     0.400000      5394900         1.67
     958.000     0.500000      6741571         2.00
    1170.000     0.550000      7414075         2.22
    1494.000     0.600000      8087031         2.50
    1995.000     0.650000      8760389         2.86
    2757.000     0.700000      9433934         3.33
    3953.000     0.750000     10108276         4.00
    5003.000     0.775000     10444922         4.44
    6915.000     0.800000     10781797         5.00
    9519.000     0.825000     11119251         5.71
   12599.000     0.850000     11455562         6.67
   16287.000     0.875000     11792419         8.00
   18031.000     0.887500     11960819         8.89
   19647.000     0.900000     12130947        10.00
   21183.000     0.912500     12298069        11.43
   22879.000     0.925000     12466237        13.33
   24863.000     0.937500     12634740        16.00
   26095.000     0.943750     12719426        17.78
   27519.000     0.950000     12803237        20.00
   29263.000     0.956250     12887819        22.86
   31215.000     0.962500     12971722        26.67
   33279.000     0.968750     13055833        32.00
   34303.000     0.971875     13098004        35.56
   35359.000     0.975000     13140115        40.00
   36447.000     0.978125     13182202        45.71
   37599.000     0.981250     13224341        53.33
   38815.000     0.984375     13266642        64.00
   39519.000     0.985938     13288257        71.11
   40287.000     0.987500     13309138        80.00
   41151.000     0.989062     13329708        91.43
   42175.000     0.990625     13350767       106.67
   43455.000     0.992188     13371907       128.00
   44223.000     0.992969     13382533       142.22
   45087.000     0.993750     13392731       160.00
   46111.000     0.994531     13403251       182.86
   47327.000     0.995313     13413800       213.33
   48735.000     0.996094     13424329       256.00
   49535.000     0.996484     13429732       284.44
   50367.000     0.996875     13434907       320.00
   51359.000     0.997266     13440175       365.71
   52607.000     0.997656     13445407       426.67
   54079.000     0.998047     13450640       512.00
   55103.000     0.998242     13453334       568.89
   56543.000     0.998437     13455927       640.00
   58879.000     0.998633     13458545       731.43
   69951.000     0.998828     13461160       853.33
   87615.000     0.999023     13463789      1024.00
   98111.000     0.999121     13465111      1137.78
  111423.000     0.999219     13466424      1280.00
  133375.000     0.999316     13467739      1462.86
  151167.000     0.999414     13469055      1706.67
  163071.000     0.999512     13470374      2048.00
  172927.000     0.999561     13471027      2275.56
  188415.000     0.999609     13471699      2560.00
  190079.000     0.999658     13472350      2925.71
  190975.000     0.999707     13473120      3413.33
  191743.000     0.999756     13473729      4096.00
  192127.000     0.999780     13474059      4551.11
  193023.000     0.999805     13474317      5120.00
  194047.000     0.999829     13474655      5851.43
  194943.000     0.999854     13474987      6826.67
  197759.000     0.999878     13475313      8192.00
  198527.000     0.999890     13475474      9102.22
  200959.000     0.999902     13475632     10240.00
  215295.000     0.999915     13475797     11702.86
  242815.000     0.999927     13475961     13653.33
  245503.000     0.999939     13476132     16384.00
  272639.000     0.999945     13476209     18204.44
  277247.000     0.999951     13476302     20480.00
  297727.000     0.999957     13476375     23405.71
  309503.000     0.999963     13476455     27306.67
  325631.000     0.999969     13476539     32768.00
  338687.000     0.999973     13476580     36408.89
  353791.000     0.999976     13476621     40960.00
  398335.000     0.999979     13476661     46811.43
  492543.000     0.999982     13476704     54613.33
  494079.000     0.999985     13476744     65536.00
  494335.000     0.999986     13476767     72817.78
  494591.000     0.999988     13476786     81920.00
  495103.000     0.999989     13476826     93622.86
  495103.000     0.999991     13476826    109226.67
  495359.000     0.999992     13476850    131072.00
  495615.000     0.999993     13476859    145635.56
  496895.000     0.999994     13476868    163840.00
  500735.000     0.999995     13476877    187245.71
  503039.000     0.999995     13476889    218453.33
  503295.000     0.999996     13476898    262144.00
  503551.000     0.999997     13476904    291271.11
  503807.000     0.999997     13476910    327680.00
  509183.000     0.999997     13476913    374491.43
  525823.000     0.999998     13476918    436906.67
  568831.000     0.999998     13476923    524288.00
  575999.000     0.999998     13476925    582542.22
  582655.000     0.999998     13476928    655360.00
  590335.000     0.999999     13476931    748982.86
  602623.000     0.999999     13476939    873813.33
  602623.000     0.999999     13476939   1048576.00
  602623.000     0.999999     13476939   1165084.44
  602623.000     0.999999     13476939   1310720.00
  603135.000     0.999999     13476946   1497965.71
  603135.000     0.999999     13476946   1747626.67
  603135.000     1.000000     13476946   2097152.00
  603135.000     1.000000     13476946   2330168.89
  603135.000     1.000000     13476946   2621440.00
  603135.000     1.000000     13476946   2995931.43
  603135.000     1.000000     13476946   3495253.33
  603135.000     1.000000     13476946   4194304.00
  603135.000     1.000000     13476946   4660337.78
  603135.000     1.000000     13476946   5242880.00
  603135.000     1.000000     13476946   5991862.86
  603647.000     1.000000     13476948   6990506.67
  603647.000     1.000000     13476948          inf
#[Mean    =     5380.365, StdDeviation   =    10894.683]
#[Max     =   603647.000, Total count    =     13476948]
#[Buckets =           10, SubBuckets     =         2048]
