       Value   Percentile   TotalCount 1/(1-Percentile)

      43.000     0.000000            1         1.00
     313.000     0.100000       894454         1.11
     465.000     0.200000      1788746         1.25
     636.000     0.300000      2684991         1.43
     836.000     0.400000      3580390         1.67
    1089.000     0.500000      4470746         2.00
    1253.000     0.550000      4918298         2.22
    1457.000     0.600000      5365664         2.50
    1719.000     0.650000      5813031         2.86
    2057.000     0.700000      6260776         3.33
    2489.000     0.750000      6707366         4.00
    2757.000     0.775000      6930655         4.44
    3085.000     0.800000      7153960         5.00
    3513.000     0.825000      7376946         5.71
    4075.000     0.850000      7600440         6.67
    4767.000     0.875000      7823846         8.00
    5163.000     0.887500      7936133         8.89
    5595.000     0.900000      8047290        10.00
    6091.000     0.912500      8159371        11.43
    6663.000     0.925000      8271128        13.33
    7347.000     0.937500      8382306        16.00
    7759.000     0.943750      8438255        17.78
    8231.000     0.950000      8494742        20.00
    8767.000     0.956250      8550463        22.86
    9399.000     0.962500      8606050        26.67
   10183.000     0.968750      8662006        32.00
   10647.000     0.971875      8689622        35.56
   11191.000     0.975000      8717669        40.00
   11823.000     0.978125      8745591        45.71
   12599.000     0.981250      8773608        53.33
   13567.000     0.984375      8801533        64.00
   14151.000     0.985938      8815433        71.11
   14823.000     0.987500      8829480        80.00
   15575.000     0.989062      8843326        91.43
   16463.000     0.990625      8857336       106.67
   17551.000     0.992188      8871363       128.00
   18191.000     0.992969      8878371       142.22
   18911.000     0.993750      8885277       160.00
   19727.000     0.994531      8892223       182.86
   20687.000     0.995313      8899174       213.33
   21839.000     0.996094      8906188       256.00
   22527.000     0.996484      8909672       284.44
   23311.000     0.996875      8913167       320.00
   24207.000     0.997266      8916690       365.71
   25247.000     0.997656      8920152       426.67
   26511.000     0.998047      8923650       512.00
   27247.000     0.998242      8925394       568.89
   28079.000     0.998437      8927141       640.00
   29007.000     0.998633      8928880       731.43
   30111.000     0.998828      8930628       853.33
   31359.000     0.999023      8932360      1024.00
   32095.000     0.999121      8933227      1137.78
   32927.000     0.999219      8934114      1280.00
   33855.000     0.999316      8934986      1462.86
   34911.000     0.999414      8935856      1706.67
   36031.000     0.999512      8936722      2048.00
   36639.000     0.999561      8937162      2275.56
   37311.000     0.999609      8937596      2560.00
   38047.000     0.999658      8938047      2925.71
   38847.000     0.999707      8938484      3413.33
   39679.000     0.999756      8938904      4096.00
   40191.000     0.999780      8939132      4551.11
   40671.000     0.999805      8939342      5120.00
   41215.000     0.999829      8939563      5851.43
   41887.000     0.999854      8939786      6826.67
   42687.000     0.999878      8939999      8192.00
   43167.000     0.999890      8940104      9102.22
   43615.000     0.999902      8940212     10240.00
   44255.000     0.999915      8940322     11702.86
   44863.000     0.999927      8940433     13653.33
   45567.000     0.999939      8940541     16384.00
   45951.000     0.999945      8940597     18204.44
   46303.000     0.999951      8940649     20480.00
   46623.000     0.999957      8940704     23405.71
   47103.000     0.999963      8940759     27306.67
   47711.000     0.999969      8940813     32768.00
   48031.000     0.999973      8940840     36408.89
   48415.000     0.999976      8940868     40960.00
   48927.000     0.999979      8940896     46811.43
   49567.000     0.999982      8940924     54613.33
   50239.000     0.999985      8940949     65536.00
   50559.000     0.999986      8940963     72817.78
   50943.000     0.999988      8940977     81920.00
   51519.000     0.999989      8940991     93622.86
   52063.000     0.999991      8941006    109226.67
   52703.000     0.999992      8941018    131072.00
   53119.000     0.999993      8941024    145635.56
   53439.000     0.999994      8941031    163840.00
   53759.000     0.999995      8941038    187245.71
   54271.000     0.999995      8941045    218453.33
   54847.000     0.999996      8941051    262144.00
   55007.000     0.999997      8941055    291271.11
   55263.000     0.999997      8941058    327680.00
   55615.000     0.999997      8941062    374491.43
   56127.000     0.999998      8941065    436906.67
   56959.000     0.999998      8941068    524288.00
   57407.000     0.999998      8941070    582542.22
   57695.000     0.999998      8941072    655360.00
   57983.000     0.999999      8941074    748982.86
   58015.000     0.999999      8941076    873813.33
   58559.000     0.999999      8941077   1048576.00
   58687.000     0.999999      8941078   1165084.44
   58815.000     0.999999      8941079   1310720.00
   58943.000     0.999999      8941080   1497965.71
   58943.000     0.999999      8941080   1747626.67
   59295.000     1.000000      8941081   2097152.00
   59839.000     1.000000      8941082   2330168.89
   59839.000     1.000000      8941082   2621440.00
   60159.000     1.000000      8941084   2995931.43
   60159.000     1.000000      8941084   3495253.33
   60159.000     1.000000      8941084   4194304.00
   60159.000     1.000000      8941084   4660337.78
   60159.000     1.000000      8941084   5242880.00
   60159.000     1.000000      8941084   5991862.86
   60159.000     1.000000      8941084   6990506.67
   60159.000     1.000000      8941084   8388608.00
   60543.000     1.000000      8941085   9320675.55
   60543.000     1.000000      8941085          inf
#[Mean    =     2248.018, StdDeviation   =     3258.910]
#[Max     =    60543.000, Total count    =      8941085]
#[Buckets =            6, SubBuckets     =         2048]
