       Value   Percentile   TotalCount 1/(1-Percentile)

     381.000     0.000000            1         1.00
   11615.000     0.100000       290022         1.11
   13839.000     0.200000       580512         1.25
   15935.000     0.300000       870293         1.43
   18303.000     0.400000      1160140         1.67
   21071.000     0.500000      1450030         2.00
   22575.000     0.550000      1594419         2.22
   24207.000     0.600000      1740366         2.50
   26015.000     0.650000      1885139         2.86
   28095.000     0.700000      2029450         3.33
   30623.000     0.750000      2174689         4.00
   32159.000     0.775000      2246985         4.44
   33951.000     0.800000      2319225         5.00
   36127.000     0.825000      2391674         5.71
   38815.000     0.850000      2464037         6.67
   42239.000     0.875000      2536797         8.00
   44319.000     0.887500      2572971         8.89
   46687.000     0.900000      2609151        10.00
   49535.000     0.912500      2645427        11.43
   53023.000     0.925000      2681382        13.33
   57343.000     0.937500      2717726        16.00
   59935.000     0.943750      2735812        17.78
   62751.000     0.950000      2753993        20.00
   65919.000     0.956250      2772010        22.86
   69567.000     0.962500      2790087        26.67
   73983.000     0.968750      2808236        32.00
   76479.000     0.971875      2817230        35.56
   79231.000     0.975000      2826433        40.00
   82239.000     0.978125      2835356        45.71
   85823.000     0.981250      2844530        53.33
   89791.000     0.984375      2853478        64.00
   92095.000     0.985938      2858063        71.11
   94847.000     0.987500      2862598        80.00
   97983.000     0.989062      2867085        91.43
  101823.000     0.990625      2871611       106.67
  107071.000     0.992188      2876131       128.00
  110399.000     0.992969      2878377       142.22
  114495.000     0.993750      2880643       160.00
  119359.000     0.994531      2882920       182.86
  125375.000     0.995313      2885171       213.33
  133119.000     0.996094      2887444       256.00
  138239.000     0.996484      2888559       284.44
  144255.000     0.996875      2889703       320.00
  150399.000     0.997266      2890840       365.71
  157311.000     0.997656      2891968       426.67
  163839.000     0.998047      2893088       512.00
  167295.000     0.998242      2893657       568.89
  170879.000     0.998437      2894226       640.00
  174847.000     0.998633      2894795       731.43
  178815.000     0.998828      2895364       853.33
  183679.000     0.999023      2895928      1024.00
  186239.000     0.999121      2896210      1137.78
  188671.000     0.999219      2896503      1280.00
  191231.000     0.999316      2896775      1462.86
  194175.000     0.999414      2897059      1706.67
  197375.000     0.999512      2897343      2048.00
  199039.000     0.999561      2897481      2275.56
  200447.000     0.999609      2897618      2560.00
  202367.000     0.999658      2897768      2925.71
  204159.000     0.999707      2897903      3413.33
  206079.000     0.999756      2898042      4096.00
  207231.000     0.999780      2898117      4551.11
  208255.000     0.999805      2898187      5120.00
  209663.000     0.999829      2898254      5851.43
  211071.000     0.999854      2898326      6826.67
  212991.000     0.999878      2898396      8192.00
  213631.000     0.999890      2898431      9102.22
  215039.000     0.999902      2898468     10240.00
  216191.000     0.999915      2898505     11702.86
  217087.000     0.999927      2898542     13653.33
  218367.000     0.999939      2898578     16384.00
  219007.000     0.999945      2898590     18204.44
  220159.000     0.999951      2898609     20480.00
  221311.000     0.999957      2898626     23405.71
  222463.000     0.999963      2898644     27306.67
  224127.000     0.999969      2898661     32768.00
  225151.000     0.999973      2898671     36408.89
  226559.000     0.999976      2898680     40960.00
  228607.000     0.999979      2898690     46811.43
  229375.000     0.999982      2898697     54613.33
  230655.000     0.999985      2898705     65536.00
  231423.000     0.999986      2898710     72817.78
  232063.000     0.999988      2898714     81920.00
  235519.000     0.999989      2898719     93622.86
  236415.000     0.999991      2898723    109226.67
  236799.000     0.999992      2898727    131072.00
  237311.000     0.999993      2898730    145635.56
  237439.000     0.999994      2898732    163840.00
  238335.000     0.999995      2898734    187245.71
  238975.000     0.999995      2898736    218453.33
  239487.000     0.999996      2898738    262144.00
  242559.000     0.999997      2898740    291271.11
  244863.000     0.999997      2898741    327680.00
  245247.000     0.999997      2898742    374491.43
  245503.000     0.999998      2898743    436906.67
  246271.000     0.999998      2898745    524288.00
  246271.000     0.999998      2898745    582542.22
  246271.000     0.999998      2898745    655360.00
  246655.000     0.999999      2898746    748982.86
  246655.000     0.999999      2898746    873813.33
  247423.000     0.999999      2898747   1048576.00
  247423.000     0.999999      2898747   1165084.44
  247423.000     0.999999      2898747   1310720.00
  252671.000     0.999999      2898748   1497965.71
  252671.000     0.999999      2898748   1747626.67
  252671.000     1.000000      2898748   2097152.00
  252671.000     1.000000      2898748   2330168.89
  252671.000     1.000000      2898748   2621440.00
  252799.000     1.000000      2898749   2995931.43
  252799.000     1.000000      2898749          inf
#[Mean    =    26358.315, StdDeviation   =    19077.565]
#[Max     =   252799.000, Total count    =      2898749]
#[Buckets =            8, SubBuckets     =         2048]
