       Value   Percentile   TotalCount 1/(1-Percentile)

      62.000     0.000000            1         1.00
     797.000     0.100000       582191         1.11
    1608.000     0.200000      1163855         1.25
    2647.000     0.300000      1746383         1.43
    3823.000     0.400000      2327706         1.67
    5143.000     0.500000      2910087         2.00
    5831.000     0.550000      3201725         2.22
    6519.000     0.600000      3492339         2.50
    7211.000     0.650000      3783161         2.86
    7919.000     0.700000      4073106         3.33
    8663.000     0.750000      4364073         4.00
    9055.000     0.775000      4510303         4.44
    9471.000     0.800000      4657085         5.00
    9903.000     0.825000      4800906         5.71
   10391.000     0.850000      4948049         6.67
   10927.000     0.875000      5091547         8.00
   11231.000     0.887500      5164636         8.89
   11559.000     0.900000      5237017        10.00
   11927.000     0.912500      5310107        11.43
   12343.000     0.925000      5382865        13.33
   12831.000     0.937500      5455567        16.00
   13111.000     0.943750      5492041        17.78
   13423.000     0.950000      5528604        20.00
   13767.000     0.956250      5564430        22.86
   14167.000     0.962500      5600574        26.67
   14647.000     0.968750      5637196        32.00
   14927.000     0.971875      5655474        35.56
   15231.000     0.975000      5673335        40.00
   15575.000     0.978125      5691485        45.71
   15975.000     0.981250      5709600        53.33
   16463.000     0.984375      5728281        64.00
   16735.000     0.985938      5737379        71.11
   17023.000     0.987500      5746176        80.00
   17359.000     0.989062      5755306        91.43
   17743.000     0.990625      5764313       106.67
   18191.000     0.992188      5773356       128.00
   18447.000     0.992969      5778030       142.22
   18735.000     0.993750      5782548       160.00
   19039.000     0.994531      5786862       182.86
   19407.000     0.995313      5791456       213.33
   19839.000     0.996094      5795967       256.00
   20095.000     0.996484      5798231       284.44
   20383.000     0.996875      5800535       320.00
   20703.000     0.997266      5802780       365.71
   21071.000     0.997656      5805046       426.67
   21535.000     0.998047      5807380       512.00
   21791.000     0.998242      5808495       568.89
   22079.000     0.998437      5809640       640.00
   22415.000     0.998633      5810745       731.43
   22815.000     0.998828      5811866       853.33
   23295.000     0.999023      5813025      1024.00
   23567.000     0.999121      5813587      1137.78
   23839.000     0.999219      5814158      1280.00
   24159.000     0.999316      5814709      1462.86
   24543.000     0.999414      5815290      1706.67
   24975.000     0.999512      5815850      2048.00
   25199.000     0.999561      5816139      2275.56
   25455.000     0.999609      5816430      2560.00
   25743.000     0.999658      5816698      2925.71
   26111.000     0.999707      5816977      3413.33
   26543.000     0.999756      5817260      4096.00
   26799.000     0.999780      5817410      4551.11
   27055.000     0.999805      5817549      5120.00
   27343.000     0.999829      5817696      5851.43
   27631.000     0.999854      5817831      6826.67
   28015.000     0.999878      5817972      8192.00
   28239.000     0.999890      5818043      9102.22
   28511.000     0.999902      5818113     10240.00
   28767.000     0.999915      5818183     11702.86
   29103.000     0.999927      5818254     13653.33
   29567.000     0.999939      5818327     16384.00
   29855.000     0.999945      5818363     18204.44
   30063.000     0.999951      5818397     20480.00
   30431.000     0.999957      5818432     23405.71
   30767.000     0.999963      5818467     27306.67
   31455.000     0.999969      5818503     32768.00
   31887.000     0.999973      5818521     36408.89
   32271.000     0.999976      5818538     40960.00
   33535.000     0.999979      5818556     46811.43
   34975.000     0.999982      5818576     54613.33
   35391.000     0.999985      5818592     65536.00
   35615.000     0.999986      5818601     72817.78
   35743.000     0.999988      5818609     81920.00
   36255.000     0.999989      5818618     93622.86
   40127.000     0.999991      5818629    109226.67
   40287.000     0.999992      5818636    131072.00
   40703.000     0.999993      5818641    145635.56
   46079.000     0.999994      5818645    163840.00
   49279.000     0.999995      5818649    187245.71
   52703.000     0.999995      5818654    218453.33
   56255.000     0.999996      5818658    262144.00
   63391.000     0.999997      5818661    291271.11
   63647.000     0.999997      5818663    327680.00
   64031.000     0.999997      5818665    374491.43
   64287.000     0.999998      5818667    436906.67
   64703.000     0.999998      5818669    524288.00
   64767.000     0.999998      5818673    582542.22
   64767.000     0.999998      5818673    655360.00
   64767.000     0.999999      5818673    748982.86
   64799.000     0.999999      5818674    873813.33
   64831.000     0.999999      5818675   1048576.00
   64863.000     0.999999      5818678   1165084.44
   64863.000     0.999999      5818678   1310720.00
   64863.000     0.999999      5818678   1497965.71
   64863.000     0.999999      5818678   1747626.67
   64863.000     1.000000      5818678   2097152.00
   64863.000     1.000000      5818678   2330168.89
   64863.000     1.000000      5818678   2621440.00
   64991.000     1.000000      5818680   2995931.43
   64991.000     1.000000      5818680          inf
#[Mean    =     5779.890, StdDeviation   =     4260.145]
#[Max     =    64991.000, Total count    =      5818680]
#[Buckets =            6, SubBuckets     =         2048]
