       Value   Percentile   TotalCount 1/(1-Percentile)

      62.000     0.000000            1         1.00
      88.000     0.100000       167724         1.11
      94.000     0.200000       326572         1.25
     101.000     0.300000       476209         1.43
     107.000     0.400000       616397         1.67
     113.000     0.500000       772697         2.00
     116.000     0.550000       847896         2.22
     119.000     0.600000       922700         2.50
     123.000     0.650000      1016803         2.86
     126.000     0.700000      1081006         3.33
     130.000     0.750000      1155564         4.00
     133.000     0.775000      1201634         4.44
     136.000     0.800000      1239366         5.00
     139.000     0.825000      1271175         5.71
     144.000     0.850000      1310665         6.67
     151.000     0.875000      1347774         8.00
     155.000     0.887500      1363218         8.89
     162.000     0.900000      1384399        10.00
     169.000     0.912500      1402863        11.43
     177.000     0.925000      1423094        13.33
     184.000     0.937500      1441578        16.00
     188.000     0.943750      1452015        17.78
     191.000     0.950000      1459584        20.00
     196.000     0.956250      1470705        22.86
     200.000     0.962500      1478926        26.67
     205.000     0.968750      1487999        32.00
     209.000     0.971875      1494135        35.56
     212.000     0.975000      1498259        40.00
     216.000     0.978125      1502995        45.71
     221.000     0.981250      1507702        53.33
     227.000     0.984375      1512268        64.00
     231.000     0.985938      1514783        71.11
     235.000     0.987500      1517036        80.00
     240.000     0.989062      1519571        91.43
     245.000     0.990625      1521835       106.67
     251.000     0.992188      1524138       128.00
     254.000     0.992969      1525225       142.22
     258.000     0.993750      1526574       160.00
     262.000     0.994531      1527902       182.86
     265.000     0.995313      1528873       213.33
     269.000     0.996094      1530201       256.00
     271.000     0.996484      1530769       284.44
     273.000     0.996875      1531275       320.00
     276.000     0.997266      1531931       365.71
     279.000     0.997656      1532521       426.67
     283.000     0.998047      1533091       512.00
     285.000     0.998242      1533354       568.89
     287.000     0.998437      1533581       640.00
     291.000     0.998633      1533939       731.43
     295.000     0.998828      1534214       853.33
     300.000     0.999023      1534518      1024.00
     302.000     0.999121      1534639      1137.78
     305.000     0.999219      1534778      1280.00
     309.000     0.999316      1534961      1462.86
     312.000     0.999414      1535097      1706.67
     316.000     0.999512      1535232      2048.00
     319.000     0.999561      1535304      2275.56
     323.000     0.999609      1535391      2560.00
     327.000     0.999658      1535462      2925.71
     331.000     0.999707      1535524      3413.33
     337.000     0.999756      1535604      4096.00
     339.000     0.999780      1535636      4551.11
     342.000     0.999805      1535684      5120.00
     345.000     0.999829      1535718      5851.43
     349.000     0.999854      1535756      6826.67
     353.000     0.999878      1535789      8192.00
     355.000     0.999890      1535808      9102.22
     357.000     0.999902      1535827     10240.00
     360.000     0.999915      1535844     11702.86
     364.000     0.999927      1535860     13653.33
     369.000     0.999939      1535878     16384.00
     373.000     0.999945      1535887     18204.44
     385.000     0.999951      1535897     20480.00
     400.000     0.999957      1535907     23405.71
     412.000     0.999963      1535916     27306.67
     435.000     0.999969      1535925     32768.00
     451.000     0.999973      1535929     36408.89
     503.000     0.999976      1535934     40960.00
     527.000     0.999979      1535939     46811.43
     545.000     0.999982      1535943     54613.33
     764.000     0.999985      1535948     65536.00
    1042.000     0.999986      1535950     72817.78
    1508.000     0.999988      1535953     81920.00
    1551.000     0.999989      1535955     93622.86
    1579.000     0.999991      1535957    109226.67
    1773.000     0.999992      1535960    131072.00
    1827.000     0.999993      1535961    145635.56
    1837.000     0.999994      1535962    163840.00
    1858.000     0.999995      1535963    187245.71
    1865.000     0.999995      1535964    218453.33
    1903.000     0.999996      1535966    262144.00
    1903.000     0.999997      1535966    291271.11
    1929.000     0.999997      1535967    327680.00
    1929.000     0.999997      1535967    374491.43
    1977.000     0.999998      1535968    436906.67
    1983.000     0.999998      1535969    524288.00
    1983.000     0.999998      1535969    582542.22
    1983.000     0.999998      1535969    655360.00
    1983.000     0.999999      1535969    748982.86
    3339.000     0.999999      1535970    873813.33
    3339.000     0.999999      1535970   1048576.00
    3339.000     0.999999      1535970   1165084.44
    3339.000     0.999999      1535970   1310720.00
    3339.000     0.999999      1535970   1497965.71
    5391.000     0.999999      1535971   1747626.67
    5391.000     1.000000      1535971          inf
#[Mean    =      119.967, StdDeviation   =       34.261]
#[Max     =     5391.000, Total count    =      1535971]
#[Buckets =            3, SubBuckets     =         2048]
