       Value   Percentile   TotalCount 1/(1-Percentile)

      41.000     0.000000            1         1.00
      56.000     0.100000       267239         1.11
      62.000     0.200000       496542         1.25
      66.000     0.300000       747065         1.43
      72.000     0.400000       977717         1.67
      75.000     0.500000      1163952         2.00
      77.000     0.550000      1275285         2.22
      80.000     0.600000      1411850         2.50
      82.000     0.650000      1518613         2.86
      84.000     0.700000      1632580         3.33
      87.000     0.750000      1752143         4.00
      89.000     0.775000      1803433         4.44
      92.000     0.800000      1855517         5.00
      95.000     0.825000      1924269         5.71
      97.000     0.850000      1983743         6.67
      99.000     0.875000      2029055         8.00
     101.000     0.887500      2057770         8.89
     104.000     0.900000      2086728        10.00
     108.000     0.912500      2115678        11.43
     114.000     0.925000      2143088        13.33
     139.000     0.937500      2169712        16.00
     161.000     0.943750      2186648        17.78
     162.000     0.950000      2198906        20.00
     163.000     0.956250      2223331        22.86
     164.000     0.962500      2255505        26.67
     164.000     0.968750      2255505        32.00
     164.000     0.971875      2255505        35.56
     165.000     0.975000      2281696        40.00
     165.000     0.978125      2281696        45.71
     165.000     0.981250      2281696        53.33
     165.000     0.984375      2281696        64.00
     165.000     0.985938      2281696        71.11
     166.000     0.987500      2294949        80.00
     166.000     0.989062      2294949        91.43
     166.000     0.990625      2294949       106.67
     167.000     0.992188      2300063       128.00
     167.000     0.992969      2300063       142.22
     167.000     0.993750      2300063       160.00
     168.000     0.994531      2302165       182.86
     169.000     0.995313      2303106       213.33
     174.000     0.996094      2305080       256.00
     176.000     0.996484      2305848       284.44
     178.000     0.996875      2306905       320.00
     180.000     0.997266      2307951       365.71
     181.000     0.997656      2308441       426.67
     184.000     0.998047      2309589       512.00
     185.000     0.998242      2309868       568.89
     187.000     0.998437      2310452       640.00
     188.000     0.998633      2310699       731.43
     191.000     0.998828      2311257       853.33
     194.000     0.999023      2311648      1024.00
     196.000     0.999121      2311853      1137.78
     198.000     0.999219      2312045      1280.00
     200.000     0.999316      2312262      1462.86
     203.000     0.999414      2312565      1706.67
     205.000     0.999512      2312798      2048.00
     206.000     0.999561      2312910      2275.56
     207.000     0.999609      2313000      2560.00
     208.000     0.999658      2313089      2925.71
     209.000     0.999707      2313173      3413.33
     211.000     0.999756      2313316      4096.00
     212.000     0.999780      2313370      4551.11
     213.000     0.999805      2313436      5120.00
     214.000     0.999829      2313513      5851.43
     214.000     0.999854      2313513      6826.67
     215.000     0.999878      2313582      8192.00
     216.000     0.999890      2313616      9102.22
     216.000     0.999902      2313616     10240.00
     218.000     0.999915      2313649     11702.86
     220.000     0.999927      2313671     13653.33
     223.000     0.999939      2313698     16384.00
     225.000     0.999945      2313715     18204.44
     227.000     0.999951      2313732     20480.00
     229.000     0.999957      2313749     23405.71
     230.000     0.999963      2313759     27306.67
     232.000     0.999969      2313771     32768.00
     234.000     0.999973      2313777     36408.89
     237.000     0.999976      2313783     40960.00
     241.000     0.999979      2313791     46811.43
     243.000     0.999982      2313799     54613.33
     246.000     0.999985      2313804     65536.00
     265.000     0.999986      2313808     72817.78
     306.000     0.999988      2313811     81920.00
     384.000     0.999989      2313815     93622.86
     433.000     0.999991      2313818    109226.67
     505.000     0.999992      2313822    131072.00
     535.000     0.999993      2313824    145635.56
     553.000     0.999994      2313825    163840.00
     595.000     0.999995      2313827    187245.71
     693.000     0.999995      2313829    218453.33
     739.000     0.999996      2313831    262144.00
     787.000     0.999997      2313832    291271.11
     787.000     0.999997      2313832    327680.00
     795.000     0.999997      2313833    374491.43
     796.000     0.999998      2313834    436906.67
    1076.000     0.999998      2313835    524288.00
    1151.000     0.999998      2313836    582542.22
    1151.000     0.999998      2313836    655360.00
    1151.000     0.999999      2313836    748982.86
    1321.000     0.999999      2313837    873813.33
    1321.000     0.999999      2313837   1048576.00
    1422.000     0.999999      2313838   1165084.44
    1422.000     0.999999      2313838   1310720.00
    1422.000     0.999999      2313838   1497965.71
    1422.000     0.999999      2313838   1747626.67
    1422.000     1.000000      2313838   2097152.00
    1462.000     1.000000      2313839   2330168.89
    1462.000     1.000000      2313839          inf
#[Mean    =       80.255, StdDeviation   =       26.947]
#[Max     =     1462.000, Total count    =      2313839]
#[Buckets =            1, SubBuckets     =         2048]
