       Value   Percentile   TotalCount 1/(1-Percentile)

      58.000     0.000000            1         1.00
     290.000     0.100000       970867         1.11
     442.000     0.200000      1931605         1.25
     721.000     0.300000      2896623         1.43
    1236.000     0.400000      3861035         1.67
    2077.000     0.500000      4825782         2.00
    2671.000     0.550000      5308191         2.22
    3453.000     0.600000      5791020         2.50
    4527.000     0.650000      6273235         2.86
    5955.000     0.700000      6756684         3.33
    7707.000     0.750000      7238788         4.00
    8711.000     0.775000      7479501         4.44
    9815.000     0.800000      7721552         5.00
   11015.000     0.825000      7962375         5.71
   12423.000     0.850000      8203439         6.67
   14199.000     0.875000      8445078         8.00
   15287.000     0.887500      8565218         8.89
   16591.000     0.900000      8686965        10.00
   18095.000     0.912500      8807330        11.43
   19855.000     0.925000      8927177        13.33
   21855.000     0.937500      9047754        16.00
   22991.000     0.943750      9108692        17.78
   24223.000     0.950000      9168884        20.00
   25599.000     0.956250      9229269        22.86
   27183.000     0.962500      9289108        26.67
   29135.000     0.968750      9349612        32.00
   30271.000     0.971875      9379603        35.56
   31535.000     0.975000      9409775        40.00
   32959.000     0.978125      9439897        45.71
   34559.000     0.981250      9470078        53.33
   36543.000     0.984375      9500286        64.00
   37727.000     0.985938      9515437        71.11
   39135.000     0.987500      9530408        80.00
   40767.000     0.989062      9545448        91.43
   42559.000     0.990625      9560540       106.67
   44575.000     0.992188      9575592       128.00
   45791.000     0.992969      9583210       142.22
   47103.000     0.993750      9590620       160.00
   48639.000     0.994531      9598134       182.86
   50495.000     0.995313      9605713       213.33
   52799.000     0.996094      9613248       256.00
   54207.000     0.996484      9616980       284.44
   55839.000     0.996875      9620745       320.00
   57791.000     0.997266      9624512       365.71
   60255.000     0.997656      9628295       426.67
   63231.000     0.998047      9632058       512.00
   64863.000     0.998242      9633947       568.89
   66815.000     0.998437      9635830       640.00
   69055.000     0.998633      9637716       731.43
   71999.000     0.998828      9639587       853.33
   76159.000     0.999023      9641483      1024.00
   79039.000     0.999121      9642410      1137.78
   82431.000     0.999219      9643364      1280.00
   86335.000     0.999316      9644310      1462.86
   90751.000     0.999414      9645240      1706.67
   98175.000     0.999512      9646180      2048.00
  104255.000     0.999561      9646650      2275.56
  111167.000     0.999609      9647124      2560.00
  116031.000     0.999658      9647595      2925.71
  122495.000     0.999707      9648066      3413.33
  131007.000     0.999756      9648541      4096.00
  134911.000     0.999780      9648771      4551.11
  138751.000     0.999805      9649008      5120.00
  145535.000     0.999829      9649242      5851.43
  171775.000     0.999854      9649479      6826.67
  192255.000     0.999878      9649714      8192.00
  202751.000     0.999890      9649832      9102.22
  209791.000     0.999902      9649949     10240.00
  220543.000     0.999915      9650069     11702.86
  225407.000     0.999927      9650185     13653.33
  232831.000     0.999939      9650304     16384.00
  237055.000     0.999945      9650362     18204.44
  246655.000     0.999951      9650420     20480.00
  257791.000     0.999957      9650480     23405.71
  261503.000     0.999963      9650538     27306.67
  263935.000     0.999969      9650602     32768.00
  266239.000     0.999973      9650627     36408.89
  268543.000     0.999976      9650660     40960.00
  269823.000     0.999979      9650687     46811.43
  272895.000     0.999982      9650716     54613.33
  276479.000     0.999985      9650744     65536.00
  278527.000     0.999986      9650762     72817.78
  281343.000     0.999988      9650775     81920.00
  283647.000     0.999989      9650788     93622.86
  285695.000     0.999991      9650806    109226.67
  287487.000     0.999992      9650820    131072.00
  287743.000     0.999993      9650826    145635.56
  288255.000     0.999994      9650833    163840.00
  288511.000     0.999995      9650840    187245.71
  288767.000     0.999995      9650848    218453.33
  289279.000     0.999996      9650857    262144.00
  289791.000     0.999997      9650858    291271.11
  290815.000     0.999997      9650862    327680.00
  291327.000     0.999997      9650869    374491.43
  291327.000     0.999998      9650869    436906.67
  291839.000     0.999998      9650873    524288.00
  292607.000     0.999998      9650875    582542.22
  312575.000     0.999998      9650877    655360.00
  312831.000     0.999999      9650881    748982.86
  312831.000     0.999999      9650881    873813.33
  313087.000     0.999999      9650883   1048576.00
  313087.000     0.999999      9650883   1165084.44
  313343.000     0.999999      9650885   1310720.00
  313343.000     0.999999      9650885   1497965.71
  314623.000     0.999999      9650886   1747626.67
  315135.000     1.000000      9650891   2097152.00
  315135.000     1.000000      9650891          inf
#[Mean    =     5945.399, StdDeviation   =     9472.653]
#[Max     =   315135.000, Total count    =      9650891]
#[Buckets =            9, SubBuckets     =         2048]
