       Value   Percentile   TotalCount 1/(1-Percentile)

      74.000     0.000000            1         1.00
     258.000     0.100000       490536         1.11
     397.000     0.200000       981252         1.25
     604.000     0.300000      1469788         1.43
     987.000     0.400000      1960119         1.67
    1751.000     0.500000      2449320         2.00
    2415.000     0.550000      2694527         2.22
    3463.000     0.600000      2939207         2.50
    5135.000     0.650000      3184043         2.86
    7371.000     0.700000      3429146         3.33
   10055.000     0.750000      3673956         4.00
   11759.000     0.775000      3796560         4.44
   14031.000     0.800000      3918683         5.00
   17151.000     0.825000      4041282         5.71
   20959.000     0.850000      4163729         6.67
   26111.000     0.875000      4286067         8.00
   29375.000     0.887500      4347473         8.89
   32863.000     0.900000      4408890        10.00
   36479.000     0.912500      4470090        11.43
   40351.000     0.925000      4531336        13.33
   44991.000     0.937500      4592391        16.00
   47903.000     0.943750      4622954        17.78
   51583.000     0.950000      4653546        20.00
   57311.000     0.956250      4684123        22.86
   74623.000     0.962500      4714603        26.67
  158079.000     0.968750      4745278        32.00
  168447.000     0.971875      4760523        35.56
  176511.000     0.975000      4776026        40.00
  184319.000     0.978125      4791191        45.71
  192255.000     0.981250      4806601        53.33
  200703.000     0.984375      4821853        64.00
  205951.000     0.985938      4829525        71.11
  211199.000     0.987500      4837097        80.00
  217087.000     0.989062      4844826        91.43
  224127.000     0.990625      4852403       106.67
  232575.000     0.992188      4860103       128.00
  236927.000     0.992969      4863878       142.22
  241535.000     0.993750      4867677       160.00
  246015.000     0.994531      4871543       182.86
  250751.000     0.995313      4875392       213.33
  256639.000     0.996094      4879229       256.00
  259327.000     0.996484      4881150       284.44
  262143.000     0.996875      4882993       320.00
  265471.000     0.997266      4885016       365.71
  268543.000     0.997656      4886859       426.67
  272895.000     0.998047      4888743       512.00
  275455.000     0.998242      4889743       568.89
  277759.000     0.998437      4890675       640.00
  280319.000     0.998633      4891625       731.43
  283391.000     0.998828      4892619       853.33
  286975.000     0.999023      4893501      1024.00
  289279.000     0.999121      4894019      1137.78
  291839.000     0.999219      4894478      1280.00
  294399.000     0.999316      4894940      1462.86
  297727.000     0.999414      4895437      1706.67
  301567.000     0.999512      4895919      2048.00
  303871.000     0.999561      4896155      2275.56
  306431.000     0.999609      4896374      2560.00
  309503.000     0.999658      4896629      2925.71
  312575.000     0.999707      4896863      3413.33
  315647.000     0.999756      4897101      4096.00
  317183.000     0.999780      4897208      4551.11
  318719.000     0.999805      4897338      5120.00
  320255.000     0.999829      4897449      5851.43
  322303.000     0.999854      4897587      6826.67
  323839.000     0.999878      4897689      8192.00
  325375.000     0.999890      4897754      9102.22
  326911.000     0.999902      4897820     10240.00
  328191.000     0.999915      4897871     11702.86
  329983.000     0.999927      4897928     13653.33
  331775.000     0.999939      4897988     16384.00
  333055.000     0.999945      4898016     18204.44
  334847.000     0.999951      4898048     20480.00
  337151.000     0.999957      4898076     23405.71
  340223.000     0.999963      4898105     27306.67
  344063.000     0.999969      4898138     32768.00
  344831.000     0.999973      4898152     36408.89
  347135.000     0.999976      4898166     40960.00
  351743.000     0.999979      4898181     46811.43
  355071.000     0.999982      4898195     54613.33
  360191.000     0.999985      4898212     65536.00
  360703.000     0.999986      4898217     72817.78
  365567.000     0.999988      4898225     81920.00
  369919.000     0.999989      4898232     93622.86
  374527.000     0.999991      4898240    109226.67
  381951.000     0.999992      4898247    131072.00
  382975.000     0.999993      4898251    145635.56
  383743.000     0.999994      4898255    163840.00
  384255.000     0.999995      4898258    187245.71
  397055.000     0.999995      4898262    218453.33
  402943.000     0.999996      4898266    262144.00
  406527.000     0.999997      4898268    291271.11
  408063.000     0.999997      4898270    327680.00
  409599.000     0.999997      4898271    374491.43
  410879.000     0.999998      4898273    436906.67
  412927.000     0.999998      4898275    524288.00
  413695.000     0.999998      4898276    582542.22
  415743.000     0.999998      4898277    655360.00
  417535.000     0.999999      4898278    748982.86
  418815.000     0.999999      4898279    873813.33
  419583.000     0.999999      4898280   1048576.00
  419583.000     0.999999      4898280   1165084.44
  419839.000     0.999999      4898281   1310720.00
  419839.000     0.999999      4898281   1497965.71
  423935.000     0.999999      4898282   1747626.67
  423935.000     1.000000      4898282   2097152.00
  423935.000     1.000000      4898282   2330168.89
  430335.000     1.000000      4898283   2621440.00
  430335.000     1.000000      4898283   2995931.43
  430335.000     1.000000      4898283   3495253.33
  430335.000     1.000000      4898283   4194304.00
  430335.000     1.000000      4898283   4660337.78
  435711.000     1.000000      4898284   5242880.00
  435711.000     1.000000      4898284          inf
#[Mean    =    14427.944, StdDeviation   =    38804.224]
#[Max     =   435711.000, Total count    =      4898284]
#[Buckets =            9, SubBuckets     =         2048]
