       Value   Percentile   TotalCount 1/(1-Percentile)

     865.000     0.000000            1         1.00
    8167.000     0.100000       116295         1.11
    8335.000     0.200000       235255         1.25
    8455.000     0.300000       347693         1.43
    8559.000     0.400000       465629         1.67
    8655.000     0.500000       576914         2.00
    8711.000     0.550000       640133         2.22
    8759.000     0.600000       691288         2.50
    8815.000     0.650000       748336         2.86
    8879.000     0.700000       810061         3.33
    8943.000     0.750000       863468         4.00
    8983.000     0.775000       893269         4.44
    9023.000     0.800000       921433         5.00
    9071.000     0.825000       950307         5.71
    9127.000     0.850000       979889         6.67
    9199.000     0.875000      1008284         8.00
    9239.000     0.887500      1022886         8.89
    9279.000     0.900000      1035677        10.00
    9327.000     0.912500      1050121        11.43
    9375.000     0.925000      1063344        13.33
    9447.000     0.937500      1079427        16.00
    9471.000     0.943750      1085322        17.78
    9511.000     0.950000      1093115        20.00
    9551.000     0.956250      1100475        22.86
    9591.000     0.962500      1107564        26.67
    9631.000     0.968750      1114330        32.00
    9655.000     0.971875      1117492        35.56
    9687.000     0.975000      1121468        40.00
    9711.000     0.978125      1124723        45.71
    9743.000     0.981250      1128577        53.33
    9767.000     0.984375      1131442        64.00
    9783.000     0.985938      1133145        71.11
    9799.000     0.987500      1134986        80.00
    9823.000     0.989062      1137144        91.43
    9847.000     0.990625      1138962       106.67
    9871.000     0.992188      1140498       128.00
    9887.000     0.992969      1141413       142.22
    9903.000     0.993750      1142222       160.00
    9927.000     0.994531      1143406       182.86
    9943.000     0.995313      1144268       213.33
    9967.000     0.996094      1144990       256.00
    9983.000     0.996484      1145410       284.44
    9999.000     0.996875      1145875       320.00
   10015.000     0.997266      1146309       365.71
   10031.000     0.997656      1146731       426.67
   10047.000     0.998047      1147164       512.00
   10055.000     0.998242      1147354       568.89
   10063.000     0.998437      1147592       640.00
   10079.000     0.998633      1147759       731.43
   10111.000     0.998828      1148002       853.33
   10127.000     0.999023      1148189      1024.00
   10143.000     0.999121      1148315      1137.78
   10159.000     0.999219      1148408      1280.00
   10175.000     0.999316      1148522      1462.86
   10207.000     0.999414      1148644      1706.67
   10247.000     0.999512      1148743      2048.00
   10263.000     0.999561      1148798      2275.56
   10287.000     0.999609      1148859      2560.00
   10343.000     0.999658      1148912      2925.71
   10615.000     0.999707      1148963      3413.33
   11079.000     0.999756      1149021      4096.00
   11215.000     0.999780      1149050      4551.11
   11255.000     0.999805      1149077      5120.00
   11399.000     0.999829      1149112      5851.43
   11423.000     0.999854      1149131      6826.67
   11799.000     0.999878      1149161      8192.00
   11823.000     0.999890      1149175      9102.22
   11855.000     0.999902      1149190     10240.00
   12119.000     0.999915      1149201     11702.86
   12271.000     0.999927      1149222     13653.33
   12279.000     0.999939      1149233     16384.00
   12287.000     0.999945      1149245     18204.44
   12287.000     0.999951      1149245     20480.00
   12295.000     0.999957      1149254     23405.71
   12303.000     0.999963      1149262     27306.67
   12311.000     0.999969      1149272     32768.00
   12311.000     0.999973      1149272     36408.89
   12311.000     0.999976      1149272     40960.00
   12319.000     0.999979      1149281     46811.43
   12319.000     0.999982      1149281     54613.33
   12327.000     0.999985      1149286     65536.00
   12327.000     0.999986      1149286     72817.78
   12327.000     0.999988      1149286     81920.00
   12335.000     0.999989      1149289     93622.86
   12335.000     0.999991      1149289    109226.67
   12343.000     0.999992      1149291    131072.00
   12359.000     0.999993      1149293    145635.56
   12359.000     0.999994      1149293    163840.00
   12359.000     0.999995      1149293    187245.71
   12367.000     0.999995      1149294    218453.33
   12599.000     0.999996      1149299    262144.00
   12599.000     1.000000      1149299          inf
#[Mean    =     8689.901, StdDeviation   =      438.821]
#[Max     =    12599.000, Total count    =      1149299]
#[Buckets =            4, SubBuckets     =         2048]
