       Value   Percentile   TotalCount 1/(1-Percentile)

      48.000     0.000000            1         1.00
     139.000     0.100000       159203         1.11
     222.000     0.200000       316031         1.25
   35295.000     0.300000       474416         1.43
   44767.000     0.400000       632220         1.67
   46847.000     0.500000       791521         2.00
   50111.000     0.550000       869000         2.22
   55391.000     0.600000       948420         2.50
   56895.000     0.650000      1026983         2.86
   58623.000     0.700000      1106450         3.33
   65983.000     0.750000      1185814         4.00
   67071.000     0.775000      1226247         4.44
   67839.000     0.800000      1264317         5.00
   68607.000     0.825000      1303934         5.71
   69631.000     0.850000      1343808         6.67
   71743.000     0.875000      1382584         8.00
   78399.000     0.900000      1422135        10.00
   79615.000     0.912500      1442011        11.43
   81215.000     0.925000      1461500        13.33
   90495.000     0.937500      1481040        16.00
   98815.000     0.943750      1490903        17.78
  113727.000     0.950000      1500859        20.00
  123071.000     0.956250      1510742        22.86
  124863.000     0.962500      1520729        26.67
  126335.000     0.968750      1530464        32.00
  129215.000     0.971875      1535346        35.56
  133503.000     0.975000      1540510        40.00
  135039.000     0.978125      1545328        45.71
  136319.000     0.981250      1550570        53.33
  137343.000     0.984375      1555294        64.00
  139775.000     0.987500      1560092        80.00
  144127.000     0.989063      1562482        91.43
  147711.000     0.990625      1565009       106.67
  156543.000     0.992188      1567461       128.00
  165119.000     0.993750      1569888       160.00
  168703.000     0.994531      1571139       182.86
  170623.000     0.995313      1572386       213.33
  173311.000     0.996094      1573594       256.00
  177407.000     0.996484      1574212       284.44
  179199.000     0.996875      1574855       320.00
  180991.000     0.997266      1575481       365.71
  182783.000     0.997656      1576070       426.67
  187903.000     0.998047      1576677       512.00
  190975.000     0.998242      1576986       568.89
  196479.000     0.998437      1577296       640.00
  201343.000     0.998633      1577599       731.43
  206335.000     0.998828      1577909       853.33
  213375.000     0.999023      1578223      1024.00
  216447.000     0.999121      1578379      1137.78
  222463.000     0.999219      1578525      1280.00
  225279.000     0.999316      1578680      1462.86
  235647.000     0.999414      1578836      1706.67
  258303.000     0.999512      1578989      2048.00
  264959.000     0.999561      1579067      2275.56
  270847.000     0.999609      1579145      2560.00
  272639.000     0.999658      1579238      2925.71
  273407.000     0.999707      1579300      3413.33
  276223.000     0.999756      1579373      4096.00
  288767.000     0.999805      1579469      5120.00
  289023.000     0.999829      1579504      5851.43
  289279.000     0.999854      1579549      6826.67
  289535.000     0.999878      1579581      8192.00
  289791.000     0.999902      1579610     10240.00
  290047.000     0.999915      1579627     11702.86
  294143.000     0.999927      1579645     13653.33
  294911.000     0.999939      1579664     16384.00
  300543.000     0.999951      1579683     20480.00
  305663.000     0.999957      1579691     23405.71
  311295.000     0.999963      1579715     27306.67
  311295.000     0.999969      1579715     32768.00
  311295.000     0.999973      1579715     36408.89
  311551.000     0.999976      1579746     40960.00
  311551.000     0.999979      1579746     46811.43
  311551.000     0.999982      1579746     54613.33
  311551.000     0.999985      1579746     65536.00
  311551.000     0.999986      1579746     72817.78
  311551.000     0.999988      1579746     81920.00
  311551.000     0.999989      1579746     93622.86
  311551.000     0.999991      1579746    109226.67
  311551.000     0.999992      1579746    131072.00
  311807.000     0.999993      1579749    145635.56
  311807.000     0.999994      1579749    163840.00
  315391.000     0.999995      1579751    187245.71
  315391.000     0.999995      1579751    218453.33
  315647.000     0.999996      1579754    262144.00
  315647.000     0.999997      1579754    291271.11
  315647.000     0.999997      1579754    327680.00
  315647.000     0.999997      1579754    374491.43
  315903.000     0.999998      1579757    436906.67
  315903.000     0.999998      1579757    524288.00
  315903.000     0.999998      1579757    582542.22
  315903.000     0.999998      1579757    655360.00
  315903.000     0.999999      1579757    748982.86
  315903.000     0.999999      1579757    873813.33
  315903.000     0.999999      1579757   1048576.00
  315903.000     0.999999      1579757   1165084.44
  315903.000     0.999999      1579757   1310720.00
  315903.000     0.999999      1579757   1497965.71
  316159.000     0.999999      1579758   1747626.67
  316159.000     1.000000      1579758          inf
#[Mean    =    45773.375, StdDeviation   =    34701.342]
#[Max     =   316159.000, Total count    =      1579758]
#[Buckets =            9, SubBuckets     =         2048]
