       Value   Percentile   TotalCount 1/(1-Percentile)

      70.000     0.000000            2         1.00
     606.000     0.100000       830569         1.11
     974.000     0.200000      1661234         1.25
    1488.000     0.300000      2491642         1.43
    2263.000     0.400000      3322043         1.67
    3301.000     0.500000      4151261         2.00
    3917.000     0.550000      4566808         2.22
    4671.000     0.600000      4982772         2.50
    5583.000     0.650000      5396160         2.86
    6607.000     0.700000      5810950         3.33
    7723.000     0.750000      6226432         4.00
    8335.000     0.775000      6435788         4.44
    8991.000     0.800000      6642210         5.00
    9743.000     0.825000      6848730         5.71
   10631.000     0.850000      7056422         6.67
   11751.000     0.875000      7263947         8.00
   12447.000     0.887500      7367643         8.89
   13295.000     0.900000      7471636        10.00
   14351.000     0.912500      7575604        11.43
   15759.000     0.925000      7679235        13.33
   17743.000     0.937500      7782836        16.00
   19087.000     0.943750      7834959        17.78
   20639.000     0.950000      7886607        20.00
   22511.000     0.956250      7938287        22.86
   24831.000     0.962500      7990019        26.67
   27743.000     0.968750      8042046        32.00
   29583.000     0.971875      8067867        35.56
   31903.000     0.975000      8093865        40.00
   34815.000     0.978125      8119906        45.71
   38527.000     0.981250      8145698        53.33
   43423.000     0.984375      8171756        64.00
   46399.000     0.985938      8184681        71.11
   50239.000     0.987500      8197619        80.00
   54815.000     0.989062      8210571        91.43
   59999.000     0.990625      8223557       106.67
   66495.000     0.992188      8236463       128.00
   70463.000     0.992969      8243004       142.22
   74943.000     0.993750      8249429       160.00
   80511.000     0.994531      8255943       182.86
   86399.000     0.995313      8262425       213.33
   93759.000     0.996094      8268939       256.00
   97983.000     0.996484      8272130       284.44
  102847.000     0.996875      8275385       320.00
  108607.000     0.997266      8278637       365.71
  114879.000     0.997656      8281877       426.67
  122943.000     0.998047      8285115       512.00
  127103.000     0.998242      8286719       568.89
  132351.000     0.998437      8288372       640.00
  140159.000     0.998633      8289996       731.43
  149119.000     0.998828      8291587       853.33
  158847.000     0.999023      8293210      1024.00
  164095.000     0.999121      8294028      1137.78
  171263.000     0.999219      8294833      1280.00
  180351.000     0.999316      8295650      1462.86
  189055.000     0.999414      8296454      1706.67
  199167.000     0.999512      8297258      2048.00
  205823.000     0.999561      8297673      2275.56
  211071.000     0.999609      8298075      2560.00
  218239.000     0.999658      8298477      2925.71
  231167.000     0.999707      8298884      3413.33
  243583.000     0.999756      8299285      4096.00
  247039.000     0.999780      8299490      4551.11
  252031.000     0.999805      8299690      5120.00
  264191.000     0.999829      8299896      5851.43
  291071.000     0.999854      8300096      6826.67
  305663.000     0.999878      8300299      8192.00
  316927.000     0.999890      8300400      9102.22
  320511.000     0.999902      8300509     10240.00
  323071.000     0.999915      8300608     11702.86
  357375.000     0.999927      8300703     13653.33
  435967.000     0.999939      8300805     16384.00
  483839.000     0.999945      8300855     18204.44
  502271.000     0.999951      8300906     20480.00
  556031.000     0.999957      8300958     23405.71
  582143.000     0.999963      8301008     27306.67
  645119.000     0.999969      8301058     32768.00
  648191.000     0.999973      8301088     36408.89
  649727.000     0.999976      8301109     40960.00
  657919.000     0.999979      8301142     46811.43
  658943.000     0.999982      8301161     54613.33
  660991.000     0.999985      8301188     65536.00
  661503.000     0.999986      8301206     72817.78
  662015.000     0.999988      8301244     81920.00
  662015.000     0.999989      8301244     93622.86
  662015.000     0.999991      8301244    109226.67
  662527.000     0.999992      8301269    131072.00
  662527.000     0.999993      8301269    145635.56
  662527.000     0.999994      8301269    163840.00
  662527.000     0.999995      8301269    187245.71
  663039.000     0.999995      8301289    218453.33
  663039.000     0.999996      8301289    262144.00
  663039.000     0.999997      8301289    291271.11
  663039.000     0.999997      8301289    327680.00
  663039.000     0.999997      8301289    374491.43
  663551.000     0.999998      8301304    436906.67
  663551.000     0.999998      8301304    524288.00
  663551.000     0.999998      8301304    582542.22
  663551.000     0.999998      8301304    655360.00
  663551.000     0.999999      8301304    748982.86
  663551.000     0.999999      8301304    873813.33
  663551.000     0.999999      8301304   1048576.00
  663551.000     0.999999      8301304   1165084.44
  664063.000     0.999999      8301305   1310720.00
  664575.000     0.999999      8301307   1497965.71
  664575.000     0.999999      8301307   1747626.67
  665087.000     1.000000      8301310   2097152.00
  665087.000     1.000000      8301310   2330168.89
  665087.000     1.000000      8301310   2621440.00
  665087.000     1.000000      8301310   2995931.43
  665087.000     1.000000      8301310   3495253.33
  665087.000     1.000000      8301310   4194304.00
  665087.000     1.000000      8301310   4660337.78
  665087.000     1.000000      8301310   5242880.00
  665087.000     1.000000      8301310   5991862.86
  665087.000     1.000000      8301310   6990506.67
  665599.000     1.000000      8301311   8388608.00
  665599.000     1.000000      8301311          inf
#[Mean    =     6588.678, StdDeviation   =    13231.841]
#[Max     =   665599.000, Total count    =      8301311]
#[Buckets =           10, SubBuckets     =         2048]
