       Value   Percentile   TotalCount 1/(1-Percentile)

      65.000     0.000000            1         1.00
     539.000     0.100000       788959         1.11
     818.000     0.200000      1576337         1.25
    1089.000     0.300000      2363399         1.43
    1394.000     0.400000      3151322         1.67
    1809.000     0.500000      3938809         2.00
    2093.000     0.550000      4333256         2.22
    2435.000     0.600000      4726891         2.50
    2845.000     0.650000      5121604         2.86
    3339.000     0.700000      5514111         3.33
    3955.000     0.750000      5908492         4.00
    4327.000     0.775000      6106300         4.44
    4767.000     0.800000      6302097         5.00
    5343.000     0.825000      6499576         5.71
    6207.000     0.850000      6696214         6.67
    7887.000     0.875000      6892593         8.00
    9279.000     0.887500      6991227         8.89
   10983.000     0.900000      7089461        10.00
   13135.000     0.912500      7188140        11.43
   16159.000     0.925000      7286386        13.33
   20079.000     0.937500      7385047        16.00
   22479.000     0.943750      7434053        17.78
   25407.000     0.950000      7483430        20.00
   28671.000     0.956250      7532722        22.86
   31775.000     0.962500      7581934        26.67
   34719.000     0.968750      7631120        32.00
   36191.000     0.971875      7655583        35.56
   37727.000     0.975000      7680201        40.00
   39359.000     0.978125      7704928        45.71
   41119.000     0.981250      7729567        53.33
   43103.000     0.984375      7754157        64.00
   44223.000     0.985938      7766367        71.11
   45471.000     0.987500      7778963        80.00
   46879.000     0.989062      7791159        91.43
   48479.000     0.990625      7803356       106.67
   50431.000     0.992188      7815673       128.00
   51551.000     0.992969      7821743       142.22
   52831.000     0.993750      7827932       160.00
   54207.000     0.994531      7834080       182.86
   55775.000     0.995313      7840273       213.33
   57599.000     0.996094      7846414       256.00
   58687.000     0.996484      7849470       284.44
   59935.000     0.996875      7852557       320.00
   61407.000     0.997266      7855584       365.71
   63167.000     0.997656      7858688       426.67
   65343.000     0.998047      7861766       512.00
   66623.000     0.998242      7863335       568.89
   67903.000     0.998437      7864853       640.00
   69247.000     0.998633      7866369       731.43
   70783.000     0.998828      7867938       853.33
   72447.000     0.999023      7869431      1024.00
   73407.000     0.999121      7870228      1137.78
   74367.000     0.999219      7870998      1280.00
   75391.000     0.999316      7871753      1462.86
   76543.000     0.999414      7872545      1706.67
   77759.000     0.999512      7873287      2048.00
   78463.000     0.999561      7873662      2275.56
   79231.000     0.999609      7874050      2560.00
   80063.000     0.999658      7874435      2925.71
   81023.000     0.999707      7874821      3413.33
   82047.000     0.999756      7875212      4096.00
   82559.000     0.999780      7875386      4551.11
   83199.000     0.999805      7875585      5120.00
   83967.000     0.999829      7875780      5851.43
   84735.000     0.999854      7875969      6826.67
   85695.000     0.999878      7876158      8192.00
   86143.000     0.999890      7876253      9102.22
   86719.000     0.999902      7876356     10240.00
   87231.000     0.999915      7876446     11702.86
   87871.000     0.999927      7876548     13653.33
   88447.000     0.999939      7876636     16384.00
   88767.000     0.999945      7876687     18204.44
   89215.000     0.999951      7876736     20480.00
   89663.000     0.999957      7876780     23405.71
   90175.000     0.999963      7876831     27306.67
   90623.000     0.999969      7876877     32768.00
   90879.000     0.999973      7876900     36408.89
   91135.000     0.999976      7876925     40960.00
   91391.000     0.999979      7876950     46811.43
   91903.000     0.999982      7876971     54613.33
   92415.000     0.999985      7876995     65536.00
   92735.000     0.999986      7877007     72817.78
   93119.000     0.999988      7877022     81920.00
   93439.000     0.999989      7877031     93622.86
   93631.000     0.999991      7877043    109226.67
   93951.000     0.999992      7877057    131072.00
   94079.000     0.999993      7877061    145635.56
   94399.000     0.999994      7877067    163840.00
   94847.000     0.999995      7877073    187245.71
   95167.000     0.999995      7877079    218453.33
   95487.000     0.999996      7877087    262144.00
   95551.000     0.999997      7877088    291271.11
   95871.000     0.999997      7877091    327680.00
   96383.000     0.999997      7877094    374491.43
   96575.000     0.999998      7877097    436906.67
   97087.000     0.999998      7877101    524288.00
   97407.000     0.999998      7877102    582542.22
   97535.000     0.999998      7877104    655360.00
   97919.000     0.999999      7877105    748982.86
   98495.000     0.999999      7877106    873813.33
   99711.000     0.999999      7877109   1048576.00
   99711.000     0.999999      7877109   1165084.44
   99711.000     0.999999      7877109   1310720.00
  100031.000     0.999999      7877110   1497965.71
  100735.000     0.999999      7877112   1747626.67
  100735.000     1.000000      7877112   2097152.00
  100735.000     1.000000      7877112   2330168.89
  100735.000     1.000000      7877112   2621440.00
  100927.000     1.000000      7877113   2995931.43
  100927.000     1.000000      7877113   3495253.33
  102527.000     1.000000      7877114   4194304.00
  102527.000     1.000000      7877114   4660337.78
  102527.000     1.000000      7877114   5242880.00
  102527.000     1.000000      7877114   5991862.86
  102527.000     1.000000      7877114   6990506.67
  105215.000     1.000000      7877115   8388608.00
  105215.000     1.000000      7877115          inf
#[Mean    =     4897.259, StdDeviation   =     9268.977]
#[Max     =   105215.000, Total count    =      7877115]
#[Buckets =            7, SubBuckets     =         2048]
