       Value   Percentile   TotalCount 1/(1-Percentile)

      58.000     0.000000            1         1.00
     322.000     0.100000       911431         1.11
     447.000     0.200000      1812508         1.25
     577.000     0.300000      2720326         1.43
     722.000     0.400000      3622621         1.67
     898.000     0.500000      4526658         2.00
    1006.000     0.550000      4976724         2.22
    1139.000     0.600000      5431186         2.50
    1310.000     0.650000      5882229         2.86
    1554.000     0.700000      6334065         3.33
    1946.000     0.750000      6786685         4.00
    2245.000     0.775000      7013036         4.44
    2655.000     0.800000      7238838         5.00
    3169.000     0.825000      7465636         5.71
    3745.000     0.850000      7691579         6.67
    4419.000     0.875000      7917462         8.00
    4819.000     0.887500      8030866         8.89
    5275.000     0.900000      8144362        10.00
    5783.000     0.912500      8257516        11.43
    6343.000     0.925000      8370293        13.33
    6979.000     0.937500      8483027        16.00
    7339.000     0.943750      8539542        17.78
    7735.000     0.950000      8596203        20.00
    8179.000     0.956250      8652716        22.86
    8687.000     0.962500      8709611        26.67
    9279.000     0.968750      8766093        32.00
    9623.000     0.971875      8794068        35.56
   10015.000     0.975000      8822303        40.00
   10479.000     0.978125      8850871        45.71
   11023.000     0.981250      8878931        53.33
   11711.000     0.984375      8907165        64.00
   12135.000     0.985938      8921380        71.11
   12623.000     0.987500      8935385        80.00
   13207.000     0.989062      8949527        91.43
   13935.000     0.990625      8963770       106.67
   14847.000     0.992188      8977872       128.00
   15407.000     0.992969      8984928       142.22
   16047.000     0.993750      8992003       160.00
   16783.000     0.994531      8999131       182.86
   17599.000     0.995313      9006132       213.33
   18495.000     0.996094      9013184       256.00
   18991.000     0.996484      9016758       284.44
   19503.000     0.996875      9020236       320.00
   20079.000     0.997266      9023845       365.71
   20671.000     0.997656      9027281       426.67
   21375.000     0.998047      9030834       512.00
   21759.000     0.998242      9032608       568.89
   22175.000     0.998437      9034372       640.00
   22639.000     0.998633      9036134       731.43
   23151.000     0.998828      9037913       853.33
   23727.000     0.999023      9039697      1024.00
   24031.000     0.999121      9040538      1137.78
   24367.000     0.999219      9041436      1280.00
   24719.000     0.999316      9042327      1462.86
   25119.000     0.999414      9043220      1706.67
   25567.000     0.999512      9044082      2048.00
   25807.000     0.999561      9044508      2275.56
   26079.000     0.999609      9044954      2560.00
   26399.000     0.999658      9045400      2925.71
   26719.000     0.999707      9045836      3413.33
   27071.000     0.999756      9046278      4096.00
   27295.000     0.999780      9046512      4551.11
   27503.000     0.999805      9046717      5120.00
   27775.000     0.999829      9046944      5851.43
   28047.000     0.999854      9047171      6826.67
   28383.000     0.999878      9047385      8192.00
   28575.000     0.999890      9047495      9102.22
   28767.000     0.999902      9047604     10240.00
   29007.000     0.999915      9047719     11702.86
   29199.000     0.999927      9047827     13653.33
   29503.000     0.999939      9047936     16384.00
   29679.000     0.999945      9047987     18204.44
   29903.000     0.999951      9048043     20480.00
   30095.000     0.999957      9048099     23405.71
   30335.000     0.999963      9048155     27306.67
   30639.000     0.999969      9048210     32768.00
   30799.000     0.999973      9048236     36408.89
   30991.000     0.999976      9048264     40960.00
   31167.000     0.999979      9048292     46811.43
   31455.000     0.999982      9048322     54613.33
   31743.000     0.999985      9048346     65536.00
   31871.000     0.999986      9048360     72817.78
   32095.000     0.999988      9048375     81920.00
   32287.000     0.999989      9048389     93622.86
   32543.000     0.999991      9048402    109226.67
   32799.000     0.999992      9048416    131072.00
   32927.000     0.999993      9048422    145635.56
   33055.000     0.999994      9048431    163840.00
   33215.000     0.999995      9048437    187245.71
   33311.000     0.999995      9048443    218453.33
   33631.000     0.999996      9048452    262144.00
   33663.000     0.999997      9048454    291271.11
   33759.000     0.999997      9048458    327680.00
   33887.000     0.999997      9048460    374491.43
   33983.000     0.999998      9048464    436906.67
   34207.000     0.999998      9048467    524288.00
   34271.000     0.999998      9048469    582542.22
   34367.000     0.999998      9048471    655360.00
   34399.000     0.999999      9048472    748982.86
   34527.000     0.999999      9048475    873813.33
   34559.000     0.999999      9048476   1048576.00
   34719.000     0.999999      9048478   1165084.44
   34719.000     0.999999      9048478   1310720.00
   34719.000     0.999999      9048478   1497965.71
   34847.000     0.999999      9048479   1747626.67
   34911.000     1.000000      9048480   2097152.00
   35071.000     1.000000      9048481   2330168.89
   35071.000     1.000000      9048481   2621440.00
   35071.000     1.000000      9048481   2995931.43
   35199.000     1.000000      9048482   3495253.33
   35199.000     1.000000      9048482   4194304.00
   35231.000     1.000000      9048483   4660337.78
   35231.000     1.000000      9048483   5242880.00
   35231.000     1.000000      9048483   5991862.86
   35231.000     1.000000      9048483   6990506.67
   35231.000     1.000000      9048483   8388608.00
   35679.000     1.000000      9048484   9320675.55
   35679.000     1.000000      9048484          inf
#[Mean    =     1965.483, StdDeviation   =     2810.075]
#[Max     =    35679.000, Total count    =      9048484]
#[Buckets =            6, SubBuckets     =         2048]
