       Value   Percentile   TotalCount 1/(1-Percentile)

     141.000     0.000000            1         1.00
     516.000     0.100000       353328         1.11
     703.000     0.200000       704231         1.25
    1135.000     0.300000      1054856         1.43
    3315.000     0.400000      1406662         1.67
    6895.000     0.500000      1758075         2.00
    8959.000     0.550000      1934274         2.22
   11015.000     0.600000      2109752         2.50
   13503.000     0.650000      2285555         2.86
   16039.000     0.700000      2461270         3.33
   19615.000     0.750000      2637463         4.00
   22223.000     0.775000      2725329         4.44
   25695.000     0.800000      2813165         5.00
   29567.000     0.825000      2900902         5.71
   34143.000     0.850000      2989130         6.67
   39519.000     0.875000      3076883         8.00
   42783.000     0.887500      3120940         8.89
   46207.000     0.900000      3164655        10.00
   49791.000     0.912500      3208638        11.43
   53503.000     0.925000      3252523        13.33
   58431.000     0.937500      3296469        16.00
   61631.000     0.943750      3318387        17.78
   65535.000     0.950000      3340333        20.00
   69951.000     0.956250      3362518        22.86
   77951.000     0.962500      3384271        26.67
   95615.000     0.968750      3406263        32.00
  105919.000     0.971875      3417243        35.56
  119103.000     0.975000      3428196        40.00
  139135.000     0.978125      3439224        45.71
  166527.000     0.981250      3450182        53.33
  199423.000     0.984375      3461190        64.00
  220287.000     0.985938      3466650        71.11
  242559.000     0.987500      3472161        80.00
  266751.000     0.989062      3477644        91.43
  295935.000     0.990625      3483160       106.67
  331007.000     0.992188      3488651       128.00
  350719.000     0.992969      3491382       142.22
  370431.000     0.993750      3494136       160.00
  392959.000     0.994531      3496886       182.86
  420607.000     0.995313      3499617       213.33
  463359.000     0.996094      3502371       256.00
  484607.000     0.996484      3503745       284.44
  510207.000     0.996875      3505107       320.00
  543231.000     0.997266      3506484       365.71
  574975.000     0.997656      3507862       426.67
  623615.000     0.998047      3509227       512.00
  646655.000     0.998242      3509925       568.89
  672767.000     0.998437      3510606       640.00
  707071.000     0.998633      3511287       731.43
  741887.000     0.998828      3511974       853.33
  784383.000     0.999023      3512666      1024.00
  808959.000     0.999121      3513003      1137.78
  831999.000     0.999219      3513357      1280.00
  849407.000     0.999316      3513690      1462.86
  876031.000     0.999414      3514035      1706.67
  916479.000     0.999512      3514377      2048.00
  937471.000     0.999561      3514552      2275.56
  968191.000     0.999609      3514721      2560.00
 1013759.000     0.999658      3514893      2925.71
 1120255.000     0.999707      3515063      3413.33
 1147903.000     0.999756      3515237      4096.00
 1167359.000     0.999780      3515321      4551.11
 1185791.000     0.999805      3515409      5120.00
 1205247.000     0.999829      3515495      5851.43
 1216511.000     0.999854      3515578      6826.67
 1227775.000     0.999878      3515664      8192.00
 1232895.000     0.999890      3515714      9102.22
 1240063.000     0.999902      3515753     10240.00
 1257471.000     0.999915      3515793     11702.86
 1276927.000     0.999927      3515838     13653.33
 1285119.000     0.999939      3515882     16384.00
 1293311.000     0.999945      3515901     18204.44
 1306623.000     0.999951      3515922     20480.00
 1318911.000     0.999957      3515943     23405.71
 1354751.000     0.999963      3515965     27306.67
 1384447.000     0.999969      3515987     32768.00
 1396735.000     0.999973      3515997     36408.89
 1703935.000     0.999976      3516008     40960.00
 1728511.000     0.999979      3516019     46811.43
 1732607.000     0.999982      3516029     54613.33
 1744895.000     0.999985      3516040     65536.00
 1748991.000     0.999986      3516053     72817.78
 1748991.000     0.999988      3516053     81920.00
 1752063.000     0.999989      3516058     93622.86
 1756159.000     0.999991      3516063    109226.67
 1763327.000     0.999992      3516067    131072.00
 1766399.000     0.999993      3516070    145635.56
 1767423.000     0.999994      3516072    163840.00
 1775615.000     0.999995      3516076    187245.71
 1777663.000     0.999995      3516077    218453.33
 1783807.000     0.999996      3516082    262144.00
 1783807.000     0.999997      3516082    291271.11
 1784831.000     0.999997      3516084    327680.00
 1784831.000     0.999997      3516084    374491.43
 1789951.000     0.999998      3516085    436906.67
 1790975.000     0.999998      3516087    524288.00
 1790975.000     0.999998      3516087    582542.22
 1793023.000     0.999998      3516088    655360.00
 1794047.000     0.999999      3516090    748982.86
 1794047.000     0.999999      3516090    873813.33
 1794047.000     0.999999      3516090   1048576.00
 1794047.000     0.999999      3516090   1165084.44
 1796095.000     0.999999      3516091   1310720.00
 1796095.000     0.999999      3516091   1497965.71
 1796095.000     0.999999      3516091   1747626.67
 1799167.000     1.000000      3516093   2097152.00
 1799167.000     1.000000      3516093          inf
#[Mean    =    21064.352, StdDeviation   =    58837.202]
#[Max     =  1799167.000, Total count    =      3516093]
#[Buckets =           11, SubBuckets     =         2048]
