       Value   Percentile   TotalCount 1/(1-Percentile)

     234.000     0.000000            1         1.00
    1853.000     0.100000       350890         1.11
    4739.000     0.200000       702032         1.25
    8519.000     0.300000      1053381         1.43
   11791.000     0.400000      1403587         1.67
   15455.000     0.500000      1754372         2.00
   17359.000     0.550000      1929909         2.22
   19327.000     0.600000      2105785         2.50
   21551.000     0.650000      2281158         2.86
   23999.000     0.700000      2456391         3.33
   26719.000     0.750000      2632223         4.00
   28271.000     0.775000      2719316         4.44
   30143.000     0.800000      2806852         5.00
   32703.000     0.825000      2894984         5.71
   35711.000     0.850000      2982467         6.67
   39295.000     0.875000      3069975         8.00
   41151.000     0.887500      3113817         8.89
   42911.000     0.900000      3157957        10.00
   45023.000     0.912500      3201989        11.43
   47935.000     0.925000      3245499        13.33
   51967.000     0.937500      3289364        16.00
   54495.000     0.943750      3311191        17.78
   57343.000     0.950000      3333223        20.00
   60895.000     0.956250      3355019        22.86
   66047.000     0.962500      3377135        26.67
   73663.000     0.968750      3398919        32.00
   79359.000     0.971875      3409907        35.56
   86079.000     0.975000      3420841        40.00
   93503.000     0.978125      3431792        45.71
  102783.000     0.981250      3442740        53.33
  113407.000     0.984375      3453717        64.00
  118783.000     0.985938      3459196        71.11
  125183.000     0.987500      3464685        80.00
  132607.000     0.989062      3470150        91.43
  141183.000     0.990625      3475638       106.67
  150911.000     0.992188      3481122       128.00
  156671.000     0.992969      3483870       142.22
  163711.000     0.993750      3486587       160.00
  171391.000     0.994531      3489368       182.86
  179839.000     0.995313      3492095       213.33
  191231.000     0.996094      3494823       256.00
  197887.000     0.996484      3496191       284.44
  205695.000     0.996875      3497569       320.00
  214015.000     0.997266      3498925       365.71
  222975.000     0.997656      3500304       426.67
  236927.000     0.998047      3501663       512.00
  246527.000     0.998242      3502343       568.89
  256767.000     0.998437      3503032       640.00
  265983.000     0.998633      3503714       731.43
  277247.000     0.998828      3504420       853.33
  290303.000     0.999023      3505084      1024.00
  301055.000     0.999121      3505428      1137.78
  315135.000     0.999219      3505774      1280.00
  325631.000     0.999316      3506119      1462.86
  340991.000     0.999414      3506455      1706.67
  360447.000     0.999512      3506805      2048.00
  374783.000     0.999561      3506969      2275.56
  398591.000     0.999609      3507140      2560.00
  413183.000     0.999658      3507311      2925.71
  423167.000     0.999707      3507483      3413.33
  437247.000     0.999756      3507655      4096.00
  444159.000     0.999780      3507740      4551.11
  451327.000     0.999805      3507825      5120.00
  463615.000     0.999829      3507912      5851.43
  475135.000     0.999854      3507999      6826.67
  487167.000     0.999878      3508083      8192.00
  491263.000     0.999890      3508126      9102.22
  494847.000     0.999902      3508171     10240.00
  500223.000     0.999915      3508211     11702.86
  509951.000     0.999927      3508255     13653.33
  515839.000     0.999939      3508296     16384.00
  517887.000     0.999945      3508318     18204.44
  521983.000     0.999951      3508340     20480.00
  527871.000     0.999957      3508361     23405.71
  543231.000     0.999963      3508384     27306.67
  555519.000     0.999969      3508403     32768.00
  557567.000     0.999973      3508415     36408.89
  558591.000     0.999976      3508427     40960.00
  560127.000     0.999979      3508437     46811.43
  563199.000     0.999982      3508449     54613.33
  565759.000     0.999985      3508458     65536.00
  567295.000     0.999986      3508463     72817.78
  584191.000     0.999988      3508468     81920.00
  591359.000     0.999989      3508473     93622.86
  608767.000     0.999991      3508478    109226.67
  636415.000     0.999992      3508484    131072.00
  638463.000     0.999993      3508487    145635.56
  642559.000     0.999994      3508489    163840.00
  645631.000     0.999995      3508492    187245.71
  653311.000     0.999995      3508495    218453.33
  654847.000     0.999996      3508497    262144.00
  655359.000     0.999997      3508498    291271.11
  664575.000     0.999997      3508501    327680.00
  664575.000     0.999997      3508501    374491.43
  665087.000     0.999998      3508502    436906.67
  666111.000     0.999998      3508505    524288.00
  666111.000     0.999998      3508505    582542.22
  666111.000     0.999998      3508505    655360.00
  741887.000     0.999999      3508506    748982.86
  741887.000     0.999999      3508506    873813.33
  742399.000     0.999999      3508507   1048576.00
  742399.000     0.999999      3508507   1165084.44
  747519.000     0.999999      3508508   1310720.00
  747519.000     0.999999      3508508   1497965.71
  747519.000     0.999999      3508508   1747626.67
  749567.000     1.000000      3508510   2097152.00
  749567.000     1.000000      3508510          inf
#[Mean    =    21404.846, StdDeviation   =    27074.060]
#[Max     =   749567.000, Total count    =      3508510]
#[Buckets =           10, SubBuckets     =         2048]
