       Value   Percentile   TotalCount 1/(1-Percentile)

      48.000     0.000000            1         1.00
      64.000     0.100000        63082         1.11
      64.000     0.200000        63082         1.25
      65.000     0.300000       111271         1.43
      68.000     0.400000       120847         1.67
      88.000     0.500000       151134         2.00
     103.000     0.550000       165200         2.22
     106.000     0.600000       197836         2.50
     106.000     0.650000       197836         2.86
     108.000     0.700000       209971         3.33
     121.000     0.750000       224793         4.00
     129.000     0.775000       233745         4.44
     130.000     0.800000       239841         5.00
     131.000     0.825000       249087         5.71
     132.000     0.850000       260524         6.67
     133.000     0.875000       270157         8.00
     133.000     0.887500       270157         8.89
     133.000     0.900000       270157        10.00
     134.000     0.912500       274231        11.43
     135.000     0.925000       279036        13.33
     136.000     0.937500       284912        16.00
     136.000     0.943750       284912        17.78
     136.000     0.950000       284912        20.00
     137.000     0.956250       288291        22.86
     137.000     0.962500       288291        26.67
     138.000     0.968750       290151        32.00
     139.000     0.971875       291645        35.56
     140.000     0.975000       292754        40.00
     141.000     0.978125       293641        45.71
     142.000     0.981250       294428        53.33
     143.000     0.984375       295152        64.00
     144.000     0.985938       295856        71.11
     144.000     0.987500       295856        80.00
     145.000     0.989062       296382        91.43
     146.000     0.990625       296762       106.67
     148.000     0.992188       297296       128.00
     149.000     0.992969       297524       142.22
     150.000     0.993750       297666       160.00
     152.000     0.994531       297966       182.86
     154.000     0.995313       298112       213.33
     159.000     0.996094       298361       256.00
     163.000     0.996484       298455       284.44
     171.000     0.996875       298568       320.00
     173.000     0.997266       298705       365.71
     175.000     0.997656       298852       426.67
     177.000     0.998047       298952       512.00
     178.000     0.998242       298987       568.89
     179.000     0.998437       299032       640.00
     181.000     0.998633       299092       731.43
     185.000     0.998828       299152       853.33
     195.000     0.999023       299204      1024.00
     204.000     0.999121       299231      1137.78
     210.000     0.999219       299262      1280.00
     216.000     0.999316       299292      1462.86
     224.000     0.999414       299320      1706.67
     233.000     0.999512       299359      2048.00
     234.000     0.999561       299367      2275.56
     239.000     0.999609       299381      2560.00
     240.000     0.999658       299392      2925.71
     243.000     0.999707       299410      3413.33
     247.000     0.999756       299421      4096.00
     251.000     0.999780       299428      4551.11
     256.000     0.999805       299437      5120.00
     259.000     0.999829       299443      5851.43
     262.000     0.999854       299450      6826.67
     264.000     0.999878       299459      8192.00
     267.000     0.999890       299462      9102.22
     270.000     0.999902       299464     10240.00
     279.000     0.999915       299468     11702.86
     283.000     0.999927       299473     13653.33
     284.000     0.999939       299476     16384.00
     285.000     0.999945       299477     18204.44
     286.000     0.999951       299479     20480.00
     290.000     0.999957       299482     23405.71
     291.000     0.999963       299483     27306.67
     292.000     0.999969       299484     32768.00
     295.000     0.999973       299485     36408.89
     303.000     0.999976       299486     40960.00
     310.000     0.999979       299488     46811.43
     310.000     0.999982       299488     54613.33
     311.000     0.999985       299489     65536.00
     311.000     0.999986       299489     72817.78
     316.000     0.999988       299490     81920.00
     316.000     0.999989       299490     93622.86
     318.000     0.999991       299491    109226.67
     318.000     0.999992       299491    131072.00
     318.000     0.999993       299491    145635.56
     322.000     0.999994       299492    163840.00
     322.000     0.999995       299492    187245.71
     322.000     0.999995       299492    218453.33
     322.000     0.999996       299492    262144.00
     322.000     0.999997       299492    291271.11
     467.000     0.999997       299493    327680.00
     467.000     1.000000       299493          inf
#[Mean    =       93.761, StdDeviation   =       29.103]
#[Max     =      467.000, Total count    =       299493]
#[Buckets =            1, SubBuckets     =         2048]
