       Value   Percentile   TotalCount 1/(1-Percentile)

      69.000     0.000000            1         1.00
     116.000     0.100000       113880         1.11
     127.000     0.200000       231864         1.25
     136.000     0.300000       345095         1.43
     144.000     0.400000       449434         1.67
     153.000     0.500000       563601         2.00
     158.000     0.550000       623114         2.22
     163.000     0.600000       678994         2.50
     169.000     0.650000       738955         2.86
     175.000     0.700000       791906         3.33
     182.000     0.750000       845885         4.00
     186.000     0.775000       872133         4.44
     191.000     0.800000       901461         5.00
     197.000     0.825000       931238         5.71
     203.000     0.850000       956120         6.67
     212.000     0.875000       985635         8.00
     217.000     0.887500       998943         8.89
     223.000     0.900000      1012803        10.00
     230.000     0.912500      1026206        11.43
     238.000     0.925000      1039055        13.33
     249.000     0.937500      1053712        16.00
     255.000     0.943750      1060332        17.78
     263.000     0.950000      1067847        20.00
     271.000     0.956250      1074288        22.86
     282.000     0.962500      1081397        26.67
     297.000     0.968750      1088364        32.00
     307.000     0.971875      1091672        35.56
     321.000     0.975000      1095167        40.00
     343.000     0.978125      1098728        45.71
     384.000     0.981250      1102175        53.33
     458.000     0.984375      1105702        64.00
     491.000     0.985938      1107466        71.11
     520.000     0.987500      1109222        80.00
     547.000     0.989062      1110946        91.43
     578.000     0.990625      1112748       106.67
     616.000     0.992188      1114461       128.00
     640.000     0.992969      1115342       142.22
     669.000     0.993750      1116218       160.00
     701.000     0.994531      1117100       182.86
     733.000     0.995313      1117975       213.33
     767.000     0.996094      1118859       256.00
     786.000     0.996484      1119283       284.44
     811.000     0.996875      1119732       320.00
     840.000     0.997266      1120160       365.71
     876.000     0.997656      1120608       426.67
     915.000     0.998047      1121046       512.00
     934.000     0.998242      1121257       568.89
     954.000     0.998437      1121481       640.00
     982.000     0.998633      1121697       731.43
    1011.000     0.998828      1121921       853.33
    1044.000     0.999023      1122140      1024.00
    1066.000     0.999121      1122246      1137.78
    1087.000     0.999219      1122354      1280.00
    1106.000     0.999316      1122469      1462.86
    1132.000     0.999414      1122575      1706.67
    1162.000     0.999512      1122683      2048.00
    1178.000     0.999561      1122739      2275.56
    1197.000     0.999609      1122798      2560.00
    1218.000     0.999658      1122848      2925.71
    1241.000     0.999707      1122905      3413.33
    1266.000     0.999756      1122958      4096.00
    1283.000     0.999780      1122987      4551.11
    1295.000     0.999805      1123014      5120.00
    1315.000     0.999829      1123041      5851.43
    1330.000     0.999854      1123068      6826.67
    1347.000     0.999878      1123094      8192.00
    1361.000     0.999890      1123109      9102.22
    1376.000     0.999902      1123124     10240.00
    1389.000     0.999915      1123136     11702.86
    1409.000     0.999927      1123150     13653.33
    1428.000     0.999939      1123163     16384.00
    1440.000     0.999945      1123170     18204.44
    1467.000     0.999951      1123177     20480.00
    1487.000     0.999957      1123184     23405.71
    1502.000     0.999963      1123190     27306.67
    1528.000     0.999969      1123197     32768.00
    1552.000     0.999973      1123201     36408.89
    1574.000     0.999976      1123204     40960.00
    1594.000     0.999979      1123208     46811.43
    1614.000     0.999982      1123211     54613.33
    1625.000     0.999985      1123214     65536.00
    1640.000     0.999986      1123216     72817.78
    1657.000     0.999988      1123218     81920.00
    1675.000     0.999989      1123220     93622.86
    1701.000     0.999991      1123221    109226.67
    1710.000     0.999992      1123223    131072.00
    1735.000     0.999993      1123224    145635.56
    1738.000     0.999994      1123225    163840.00
    1754.000     0.999995      1123226    187245.71
    1754.000     0.999995      1123226    218453.33
    1800.000     0.999996      1123227    262144.00
    1816.000     0.999997      1123228    291271.11
    1816.000     0.999997      1123228    327680.00
    1867.000     0.999997      1123229    374491.43
    1867.000     0.999998      1123229    436906.67
    1867.000     0.999998      1123229    524288.00
    1897.000     0.999998      1123230    582542.22
    1897.000     0.999998      1123230    655360.00
    1897.000     0.999999      1123230    748982.86
    1897.000     0.999999      1123230    873813.33
    1897.000     0.999999      1123230   1048576.00
    2043.000     0.999999      1123231   1165084.44
    2043.000     1.000000      1123231          inf
#[Mean    =      169.538, StdDeviation   =       81.796]
#[Max     =     2043.000, Total count    =      1123231]
#[Buckets =            1, SubBuckets     =         2048]
