       Value   Percentile   TotalCount 1/(1-Percentile)

     154.000     0.000000            1         1.00
     602.000     0.100000       332443         1.11
     944.000     0.200000       665194         1.25
    1566.000     0.300000       997157         1.43
    2983.000     0.400000      1329442         1.67
    5547.000     0.500000      1661659         2.00
    7691.000     0.550000      1828069         2.22
   10767.000     0.600000      1994202         2.50
   15079.000     0.650000      2160225         2.86
   20383.000     0.700000      2326397         3.33
   27007.000     0.750000      2492551         4.00
   30751.000     0.775000      2575758         4.44
   34975.000     0.800000      2658846         5.00
   39775.000     0.825000      2741723         5.71
   45151.000     0.850000      2825129         6.67
   51359.000     0.875000      2908149         8.00
   55135.000     0.887500      2949462         8.89
   59775.000     0.900000      2990982        10.00
   65599.000     0.912500      3032656        11.43
   73983.000     0.925000      3074206        13.33
   88127.000     0.937500      3115687        16.00
   96575.000     0.943750      3136375        17.78
  104767.000     0.950000      3157248        20.00
  113279.000     0.956250      3178010        22.86
  122175.000     0.962500      3198678        26.67
  132223.000     0.968750      3219441        32.00
  138239.000     0.971875      3230023        35.56
  143999.000     0.975000      3240212        40.00
  149375.000     0.978125      3250628        45.71
  155135.000     0.981250      3261140        53.33
  161535.000     0.984375      3271444        64.00
  165375.000     0.985938      3276675        71.11
  169983.000     0.987500      3281797        80.00
  175743.000     0.989062      3287012        91.43
  183935.000     0.990625      3292169       106.67
  193919.000     0.992188      3297335       128.00
  199295.000     0.992969      3299909       142.22
  205311.000     0.993750      3302542       160.00
  211071.000     0.994531      3305104       182.86
  218239.000     0.995313      3307695       213.33
  228479.000     0.996094      3310312       256.00
  234239.000     0.996484      3311588       284.44
  242687.000     0.996875      3312896       320.00
  255487.000     0.997266      3314187       365.71
  271615.000     0.997656      3315485       426.67
  301311.000     0.998047      3316789       512.00
  310271.000     0.998242      3317453       568.89
  317695.000     0.998437      3318087       640.00
  324863.000     0.998633      3318733       731.43
  344063.000     0.998828      3319383       853.33
  360703.000     0.999023      3320028      1024.00
  368895.000     0.999121      3320362      1137.78
  379391.000     0.999219      3320678      1280.00
  395263.000     0.999316      3321006      1462.86
  414719.000     0.999414      3321331      1706.67
  432127.000     0.999512      3321649      2048.00
  444159.000     0.999561      3321817      2275.56
  455679.000     0.999609      3321974      2560.00
  466687.000     0.999658      3322138      2925.71
  484095.000     0.999707      3322298      3413.33
  499199.000     0.999756      3322460      4096.00
  507903.000     0.999780      3322541      4551.11
  515583.000     0.999805      3322623      5120.00
  520703.000     0.999829      3322711      5851.43
  527359.000     0.999854      3322787      6826.67
  536575.000     0.999878      3322866      8192.00
  542207.000     0.999890      3322908      9102.22
  548351.000     0.999902      3322949     10240.00
  556031.000     0.999915      3322991     11702.86
  563199.000     0.999927      3323032     13653.33
  568319.000     0.999939      3323073     16384.00
  572415.000     0.999945      3323089     18204.44
  576511.000     0.999951      3323110     20480.00
  584191.000     0.999957      3323130     23405.71
  588287.000     0.999963      3323150     27306.67
  595455.000     0.999969      3323170     32768.00
  601087.000     0.999973      3323182     36408.89
  606719.000     0.999976      3323190     40960.00
  612863.000     0.999979      3323204     46811.43
  625663.000     0.999982      3323211     54613.33
  635391.000     0.999985      3323221     65536.00
  638975.000     0.999986      3323226     72817.78
  642047.000     0.999988      3323232     81920.00
  645631.000     0.999989      3323237     93622.86
  648191.000     0.999991      3323241    109226.67
  654335.000     0.999992      3323248    131072.00
  655871.000     0.999993      3323250    145635.56
  656895.000     0.999994      3323251    163840.00
  661503.000     0.999995      3323254    187245.71
  669695.000     0.999995      3323256    218453.33
  733183.000     0.999996      3323259    262144.00
  734719.000     0.999997      3323260    291271.11
  736767.000     0.999997      3323261    327680.00
  750079.000     0.999997      3323263    374491.43
  755711.000     0.999998      3323264    436906.67
  756735.000     0.999998      3323265    524288.00
  759295.000     0.999998      3323266    582542.22
  759295.000     0.999998      3323266    655360.00
  767487.000     0.999999      3323267    748982.86
  774143.000     0.999999      3323268    873813.33
  774143.000     0.999999      3323268   1048576.00
  808447.000     0.999999      3323269   1165084.44
  808447.000     0.999999      3323269   1310720.00
  808447.000     0.999999      3323269   1497965.71
  811007.000     0.999999      3323270   1747626.67
  811007.000     1.000000      3323270   2097152.00
  811007.000     1.000000      3323270   2330168.89
  811007.000     1.000000      3323270   2621440.00
  811007.000     1.000000      3323270   2995931.43
  814079.000     1.000000      3323271   3495253.33
  814079.000     1.000000      3323271          inf
#[Mean    =    22272.081, StdDeviation   =    39654.739]
#[Max     =   814079.000, Total count    =      3323271]
#[Buckets =           10, SubBuckets     =         2048]
