       Value   Percentile   TotalCount 1/(1-Percentile)

     557.000     0.000000            1         1.00
    7439.000     0.100000       115248         1.11
    7895.000     0.200000       231164         1.25
    8247.000     0.300000       346369         1.43
    8543.000     0.400000       464274         1.67
    8695.000     0.500000       582614         2.00
    8751.000     0.550000       636693         2.22
    8823.000     0.600000       694231         2.50
    8927.000     0.650000       750504         2.86
    9055.000     0.700000       807931         3.33
    9199.000     0.750000       865298         4.00
    9279.000     0.775000       893839         4.44
    9383.000     0.800000       921680         5.00
    9503.000     0.825000       950682         5.71
    9639.000     0.850000       979129         6.67
    9807.000     0.875000      1007665         8.00
    9919.000     0.887500      1022212         8.89
   10015.000     0.900000      1036852        10.00
   10127.000     0.912500      1051069        11.43
   10207.000     0.925000      1065029        13.33
   10311.000     0.937500      1079543        16.00
   10375.000     0.943750      1087510        17.78
   10439.000     0.950000      1093869        20.00
   10511.000     0.956250      1101789        22.86
   10591.000     0.962500      1108634        26.67
   10679.000     0.968750      1115402        32.00
   10735.000     0.971875      1119103        35.56
   10791.000     0.975000      1122813        40.00
   10847.000     0.978125      1126241        45.71
   10895.000     0.981250      1130007        53.33
   10967.000     0.984375      1133627        64.00
   11007.000     0.985938      1135228        71.11
   11055.000     0.987500      1137139        80.00
   11095.000     0.989062      1138911        91.43
   11159.000     0.990625      1140647       106.67
   11207.000     0.992188      1142503       128.00
   11223.000     0.992969      1143225       142.22
   11255.000     0.993750      1144297       160.00
   11279.000     0.994531      1145211       182.86
   11303.000     0.995313      1145945       213.33
   11351.000     0.996094      1147001       256.00
   11375.000     0.996484      1147382       284.44
   11391.000     0.996875      1147766       320.00
   11415.000     0.997266      1148321       365.71
   11431.000     0.997656      1148730       426.67
   11471.000     0.998047      1149100       512.00
   11495.000     0.998242      1149341       568.89
   11511.000     0.998437      1149521       640.00
   11527.000     0.998633      1149776       731.43
   11543.000     0.998828      1149977       853.33
   11575.000     0.999023      1150197      1024.00
   11591.000     0.999121      1150309      1137.78
   11607.000     0.999219      1150437      1280.00
   11631.000     0.999316      1150540      1462.86
   11815.000     0.999414      1150643      1706.67
   11855.000     0.999512      1150757      2048.00
   11879.000     0.999561      1150815      2275.56
   11911.000     0.999609      1150869      2560.00
   11975.000     0.999658      1150929      2925.71
   12191.000     0.999707      1150984      3413.33
   12359.000     0.999756      1151035      4096.00
   12391.000     0.999780      1151073      4551.11
   12583.000     0.999805      1151119      5120.00
   12591.000     0.999829      1151141      5851.43
   12599.000     0.999854      1151174      6826.67
   12607.000     0.999878      1151227      8192.00
   12607.000     0.999890      1151227      9102.22
   12607.000     0.999902      1151227     10240.00
   12607.000     0.999915      1151227     11702.86
   12615.000     0.999927      1151234     13653.33
   14415.000     0.999939      1151271     16384.00
   14415.000     0.999945      1151271     18204.44
   14415.000     0.999951      1151271     20480.00
   14415.000     0.999957      1151271     23405.71
   14423.000     0.999963      1151285     27306.67
   14423.000     0.999969      1151285     32768.00
   14423.000     0.999973      1151285     36408.89
   16207.000     0.999976      1151289     40960.00
   16223.000     0.999979      1151302     46811.43
   16223.000     0.999982      1151302     54613.33
   16223.000     0.999985      1151302     65536.00
   16223.000     0.999986      1151302     72817.78
   16223.000     0.999988      1151302     81920.00
   16231.000     0.999989      1151304     93622.86
   17327.000     0.999991      1151307    109226.67
   17343.000     0.999992      1151315    131072.00
   17343.000     0.999993      1151315    145635.56
   17343.000     0.999994      1151315    163840.00
   17343.000     0.999995      1151315    187245.71
   17343.000     0.999995      1151315    218453.33
   17343.000     0.999996      1151315    262144.00
   17343.000     0.999997      1151315    291271.11
   17343.000     0.999997      1151315    327680.00
   17343.000     0.999997      1151315    374491.43
   17343.000     0.999998      1151315    436906.67
   17343.000     0.999998      1151315    524288.00
   17343.000     0.999998      1151315    582542.22
   17343.000     0.999998      1151315    655360.00
   17343.000     0.999999      1151315    748982.86
   17343.000     0.999999      1151315    873813.33
   17343.000     0.999999      1151315   1048576.00
   17359.000     0.999999      1151316   1165084.44
   17359.000     1.000000      1151316          inf
#[Mean    =     8682.565, StdDeviation   =      973.730]
#[Max     =    17359.000, Total count    =      1151316]
#[Buckets =            5, SubBuckets     =         2048]
