       Value   Percentile   TotalCount 1/(1-Percentile)

     102.000     0.000000            1         1.00
     140.000     0.100000        13403         1.11
     185.000     0.200000        28420         1.25
     192.000     0.300000        40456         1.43
     204.000     0.400000        54593         1.67
     213.000     0.500000        67847         2.00
     220.000     0.550000        73710         2.22
     231.000     0.600000        80295         2.50
     241.000     0.650000        87086         2.86
     247.000     0.700000        95061         3.33
     252.000     0.750000       101087         4.00
     254.000     0.775000       106117         4.44
     255.000     0.800000       109832         5.00
     256.000     0.825000       112635         5.71
     257.000     0.850000       114161         6.67
     261.000     0.875000       117667         8.00
     263.000     0.887500       120191         8.89
     264.000     0.900000       122876        10.00
     264.000     0.912500       122876        11.43
     265.000     0.925000       125706        13.33
     265.000     0.937500       125706        16.00
     266.000     0.943750       127447        17.78
     266.000     0.950000       127447        20.00
     267.000     0.956250       128471        22.86
     268.000     0.962500       129144        26.67
     269.000     0.968750       129673        32.00
     270.000     0.971875       130164        35.56
     271.000     0.975000       130617        40.00
     272.000     0.978125       131057        45.71
     273.000     0.981250       131455        53.33
     274.000     0.984375       131735        64.00
     275.000     0.985938       131956        71.11
     276.000     0.987500       132176        80.00
     277.000     0.989062       132380        91.43
     278.000     0.990625       132561       106.67
     279.000     0.992188       132745       128.00
     280.000     0.992969       132907       142.22
     281.000     0.993750       133022       160.00
     282.000     0.994531       133125       182.86
     283.000     0.995313       133201       213.33
     284.000     0.996094       133263       256.00
     285.000     0.996484       133311       284.44
     287.000     0.996875       133388       320.00
     288.000     0.997266       133430       365.71
     289.000     0.997656       133465       426.67
     291.000     0.998047       133516       512.00
     293.000     0.998242       133553       568.89
     294.000     0.998437       133567       640.00
     296.000     0.998633       133596       731.43
     299.000     0.998828       133627       853.33
     303.000     0.999023       133647      1024.00
     305.000     0.999121       133659      1137.78
     308.000     0.999219       133676      1280.00
     311.000     0.999316       133688      1462.86
     313.000     0.999414       133698      1706.67
     318.000     0.999512       133712      2048.00
     321.000     0.999561       133719      2275.56
     323.000     0.999609       133727      2560.00
     326.000     0.999658       133731      2925.71
     334.000     0.999707       133737      3413.33
     345.000     0.999756       133745      4096.00
     347.000     0.999780       133747      4551.11
     351.000     0.999805       133750      5120.00
     372.000     0.999829       133754      5851.43
     394.000     0.999854       133757      6826.67
     411.000     0.999878       133761      8192.00
     415.000     0.999890       133762      9102.22
     433.000     0.999902       133763     10240.00
     469.000     0.999915       133765     11702.86
     539.000     0.999927       133767     13653.33
     566.000     0.999939       133768     16384.00
     575.000     0.999945       133769     18204.44
     605.000     0.999951       133770     20480.00
     751.000     0.999957       133771     23405.71
     861.000     0.999963       133772     27306.67
     861.000     0.999969       133772     32768.00
     882.000     0.999973       133773     36408.89
     882.000     0.999976       133773     40960.00
   17951.000     0.999979       133774     46811.43
   17951.000     0.999982       133774     54613.33
   17951.000     0.999985       133774     65536.00
   21087.000     0.999986       133775     72817.78
   21087.000     0.999988       133775     81920.00
   21087.000     0.999989       133775     93622.86
   21087.000     0.999991       133775    109226.67
   21087.000     0.999992       133775    131072.00
   21839.000     0.999993       133776    145635.56
   21839.000     1.000000       133776          inf
#[Mean    =      213.671, StdDeviation   =      104.389]
#[Max     =    21839.000, Total count    =       133776]
#[Buckets =            5, SubBuckets     =         2048]
