       Value   Percentile   TotalCount 1/(1-Percentile)

     122.000     0.000000            1         1.00
     562.000     0.100000       346993         1.11
     822.000     0.200000       693169         1.25
    1179.000     0.300000      1039294         1.43
    1880.000     0.400000      1385108         1.67
    3683.000     0.500000      1731442         2.00
    5483.000     0.550000      1904611         2.22
    8035.000     0.600000      2077554         2.50
   11159.000     0.650000      2251038         2.86
   14439.000     0.700000      2423910         3.33
   18223.000     0.750000      2597375         4.00
   20399.000     0.775000      2684029         4.44
   22735.000     0.800000      2770513         5.00
   25311.000     0.825000      2856766         5.71
   28287.000     0.850000      2943545         6.67
   32063.000     0.875000      3029836         8.00
   34367.000     0.887500      3073335         8.89
   37151.000     0.900000      3116402        10.00
   40895.000     0.912500      3159671        11.43
   46751.000     0.925000      3202978        13.33
   60447.000     0.937500      3246162        16.00
   76287.000     0.943750      3267809        17.78
  104063.000     0.950000      3289439        20.00
  171519.000     0.956250      3311066        22.86
  204287.000     0.962500      3332806        26.67
  218879.000     0.968750      3354436        32.00
  224895.000     0.971875      3365319        35.56
  230783.000     0.975000      3376163        40.00
  236543.000     0.978125      3386950        45.71
  242559.000     0.981250      3397728        53.33
  249855.000     0.984375      3408515        64.00
  254207.000     0.985938      3413859        71.11
  258815.000     0.987500      3419377        80.00
  264703.000     0.989062      3424798        91.43
  272639.000     0.990625      3430234       106.67
  282111.000     0.992188      3435606       128.00
  287743.000     0.992969      3438288       142.22
  295167.000     0.993750      3440965       160.00
  302847.000     0.994531      3443612       182.86
  311551.000     0.995313      3446365       213.33
  319999.000     0.996094      3449023       256.00
  324863.000     0.996484      3450389       284.44
  330239.000     0.996875      3451784       320.00
  334847.000     0.997266      3453113       365.71
  341247.000     0.997656      3454466       426.67
  349695.000     0.998047      3455796       512.00
  354559.000     0.998242      3456471       568.89
  361727.000     0.998437      3457153       640.00
  370943.000     0.998633      3457817       731.43
  396799.000     0.998828      3458491       853.33
  451327.000     0.999023      3459169      1024.00
  460287.000     0.999121      3459506      1137.78
  465407.000     0.999219      3459865      1280.00
  469247.000     0.999316      3460190      1462.86
  472575.000     0.999414      3460522      1706.67
  478463.000     0.999512      3460873      2048.00
  481279.000     0.999561      3461029      2275.56
  484863.000     0.999609      3461199      2560.00
  488703.000     0.999658      3461373      2925.71
  493311.000     0.999707      3461537      3413.33
  503039.000     0.999756      3461702      4096.00
  526335.000     0.999780      3461787      4551.11
  535039.000     0.999805      3461873      5120.00
  542207.000     0.999829      3461961      5851.43
  545791.000     0.999854      3462040      6826.67
  549375.000     0.999878      3462134      8192.00
  550911.000     0.999890      3462171      9102.22
  552959.000     0.999902      3462216     10240.00
  554495.000     0.999915      3462251     11702.86
  558079.000     0.999927      3462293     13653.33
  560639.000     0.999939      3462339     16384.00
  561663.000     0.999945      3462359     18204.44
  563199.000     0.999951      3462382     20480.00
  564735.000     0.999957      3462400     23405.71
  566271.000     0.999963      3462421     27306.67
  567807.000     0.999969      3462443     32768.00
  568319.000     0.999973      3462460     36408.89
  568831.000     0.999976      3462469     40960.00
  569343.000     0.999979      3462478     46811.43
  569855.000     0.999982      3462485     54613.33
  570367.000     0.999985      3462495     65536.00
  570879.000     0.999986      3462500     72817.78
  571391.000     0.999988      3462505     81920.00
  572927.000     0.999989      3462512     93622.86
  573439.000     0.999991      3462517    109226.67
  573951.000     0.999992      3462520    131072.00
  574975.000     0.999993      3462523    145635.56
  575487.000     0.999994      3462524    163840.00
  575999.000     0.999995      3462527    187245.71
  577023.000     0.999995      3462531    218453.33
  577535.000     0.999996      3462532    262144.00
  578047.000     0.999997      3462534    291271.11
  578559.000     0.999997      3462535    327680.00
  579583.000     0.999997      3462538    374491.43
  579583.000     0.999998      3462538    436906.67
  581631.000     0.999998      3462539    524288.00
  583679.000     0.999998      3462540    582542.22
  583679.000     0.999998      3462540    655360.00
  585215.000     0.999999      3462541    748982.86
  585727.000     0.999999      3462542    873813.33
  585727.000     0.999999      3462542   1048576.00
  591359.000     0.999999      3462543   1165084.44
  591359.000     0.999999      3462543   1310720.00
  591359.000     0.999999      3462543   1497965.71
  595455.000     0.999999      3462544   1747626.67
  595455.000     1.000000      3462544   2097152.00
  595455.000     1.000000      3462544   2330168.89
  595455.000     1.000000      3462544   2621440.00
  595455.000     1.000000      3462544   2995931.43
  600575.000     1.000000      3462545   3495253.33
  600575.000     1.000000      3462545          inf
#[Mean    =    21408.044, StdDeviation   =    52897.120]
#[Max     =   600575.000, Total count    =      3462545]
#[Buckets =           10, SubBuckets     =         2048]
