       Value   Percentile   TotalCount 1/(1-Percentile)

      86.000     0.000000            2         1.00
     375.000     0.100000       635600         1.11
     797.000     0.200000      1271372         1.25
    2311.000     0.300000      1906025         1.43
    4683.000     0.400000      2541575         1.67
    8159.000     0.500000      3176622         2.00
    9695.000     0.550000      3494929         2.22
   10935.000     0.600000      3813616         2.50
   12215.000     0.650000      4129688         2.86
   14079.000     0.700000      4447578         3.33
   16591.000     0.750000      4765039         4.00
   17599.000     0.775000      4923388         4.44
   18591.000     0.800000      5082367         5.00
   19759.000     0.825000      5242412         5.71
   21103.000     0.850000      5401374         6.67
   22543.000     0.875000      5559479         8.00
   23407.000     0.887500      5638892         8.89
   24367.000     0.900000      5717821        10.00
   25551.000     0.912500      5797478        11.43
   27183.000     0.925000      5876536        13.33
   29487.000     0.937500      5955692        16.00
   30831.000     0.943750      5995639        17.78
   32223.000     0.950000      6035483        20.00
   33631.000     0.956250      6075166        22.86
   35167.000     0.962500      6115160        26.67
   37151.000     0.968750      6154483        32.00
   38367.000     0.971875      6174454        35.56
   39775.000     0.975000      6193926        40.00
   41471.000     0.978125      6214010        45.71
   43487.000     0.981250      6233625        53.33
   46271.000     0.984375      6253557        64.00
   48063.000     0.985938      6263403        71.11
   50303.000     0.987500      6273356        80.00
   53183.000     0.989062      6283277        91.43
   57439.000     0.990625      6293184       106.67
   64511.000     0.992188      6303072       128.00
   69311.000     0.992969      6308033       142.22
   76095.000     0.993750      6313001       160.00
   85247.000     0.994531      6317944       182.86
   97791.000     0.995313      6322910       213.33
  114495.000     0.996094      6327877       256.00
  124799.000     0.996484      6330348       284.44
  136191.000     0.996875      6332830       320.00
  150655.000     0.997266      6335334       365.71
  168959.000     0.997656      6337794       426.67
  194303.000     0.998047      6340273       512.00
  208127.000     0.998242      6341509       568.89
  221695.000     0.998437      6342755       640.00
  241279.000     0.998633      6343990       731.43
  277247.000     0.998828      6345237       853.33
  314367.000     0.999023      6346482      1024.00
  328959.000     0.999121      6347105      1137.78
  344575.000     0.999219      6347713      1280.00
  363519.000     0.999316      6348348      1462.86
  391167.000     0.999414      6348955      1706.67
  423679.000     0.999512      6349576      2048.00
  439039.000     0.999561      6349888      2275.56
  573439.000     0.999609      6350195      2560.00
  717311.000     0.999658      6350504      2925.71
  794623.000     0.999707      6350815      3413.33
 1003519.000     0.999756      6351126      4096.00
 1110015.000     0.999780      6351280      4551.11
 1164287.000     0.999805      6351439      5120.00
 1184767.000     0.999829      6351605      5851.43
 1339391.000     0.999854      6351747      6826.67
 1488895.000     0.999878      6351903      8192.00
 1502207.000     0.999890      6351980      9102.22
 1514495.000     0.999902      6352058     10240.00
 1524735.000     0.999915      6352134     11702.86
 1790975.000     0.999927      6352211     13653.33
 1811455.000     0.999939      6352291     16384.00
 1829887.000     0.999945      6352332     18204.44
 1847295.000     0.999951      6352365     20480.00
 3219455.000     0.999957      6352404     23405.71
 3237887.000     0.999963      6352447     27306.67
 3305471.000     0.999969      6352482     32768.00
 3330047.000     0.999973      6352503     36408.89
 3342335.000     0.999976      6352520     40960.00
 3358719.000     0.999979      6352541     46811.43
 3371007.000     0.999982      6352562     54613.33
 3377151.000     0.999985      6352579     65536.00
 3381247.000     0.999986      6352590     72817.78
 3385343.000     0.999988      6352606     81920.00
 3387391.000     0.999989      6352614     93622.86
 3389439.000     0.999991      6352631    109226.67
 3389439.000     0.999992      6352631    131072.00
 3391487.000     0.999993      6352642    145635.56
 3391487.000     0.999994      6352642    163840.00
 3391487.000     0.999995      6352642    187245.71
 3393535.000     0.999995      6352649    218453.33
 3395583.000     0.999996      6352660    262144.00
 3395583.000     0.999997      6352660    291271.11
 3395583.000     0.999997      6352660    327680.00
 3395583.000     0.999997      6352660    374491.43
 3397631.000     0.999998      6352670    436906.67
 3397631.000     0.999998      6352670    524288.00
 3397631.000     0.999998      6352670    582542.22
 3397631.000     0.999998      6352670    655360.00
 3397631.000     0.999999      6352670    748982.86
 3397631.000     0.999999      6352670    873813.33
 3397631.000     0.999999      6352670   1048576.00
 3397631.000     0.999999      6352670   1165084.44
 3399679.000     0.999999      6352675   1310720.00
 3399679.000     1.000000      6352675          inf
#[Mean    =    11836.238, StdDeviation   =    35868.824]
#[Max     =  3399679.000, Total count    =      6352675]
#[Buckets =           12, SubBuckets     =         2048]
