       Value   Percentile   TotalCount 1/(1-Percentile)

    8175.000     0.000000            1         1.00
   55999.000     0.100000        19106         1.11
   56095.000     0.200000        37709         1.25
   56191.000     0.300000        53708         1.43
   56287.000     0.400000        75776         1.67
   56351.000     0.500000        95070         2.00
   56383.000     0.550000       104228         2.22
   56415.000     0.600000       111705         2.50
   56447.000     0.650000       117912         2.86
   56511.000     0.700000       127105         3.33
   56575.000     0.750000       136963         4.00
   56607.000     0.775000       141611         4.44
   56639.000     0.800000       146228         5.00
   56639.000     0.825000       146228         5.71
   56703.000     0.850000       153493         6.67
   56735.000     0.875000       156065         8.00
   56767.000     0.887500       157981         8.89
   56831.000     0.900000       160356        10.00
   56927.000     0.912500       162111        11.43
   56991.000     0.925000       163974        13.33
   57087.000     0.937500       166870        16.00
   57119.000     0.943750       167484        17.78
   57183.000     0.950000       168687        20.00
   57247.000     0.956250       170133        22.86
   57279.000     0.962500       170943        26.67
   57311.000     0.968750       171793        32.00
   57343.000     0.971875       172502        35.56
   57375.000     0.975000       173119        40.00
   57407.000     0.978125       173684        45.71
   57439.000     0.981250       174024        53.33
   57503.000     0.984375       174385        64.00
   57599.000     0.985938       174610        71.11
   57727.000     0.987500       174914        80.00
   57855.000     0.989062       175185        91.43
   57983.000     0.990625       175442       106.67
   58207.000     0.992188       175700       128.00
   58495.000     0.992969       175849       142.22
   58591.000     0.993750       175996       160.00
   58655.000     0.994531       176126       182.86
   58719.000     0.995313       176290       213.33
   58783.000     0.996094       176414       256.00
   58815.000     0.996484       176468       284.44
   58879.000     0.996875       176563       320.00
   58911.000     0.997266       176614       365.71
   59007.000     0.997656       176698       426.67
   59039.000     0.998047       176735       512.00
   59103.000     0.998242       176789       568.89
   59295.000     0.998437       176805       640.00
   59391.000     0.998633       176839       731.43
   59583.000     0.998828       176874       853.33
   59775.000     0.999023       176904      1024.00
   60255.000     0.999121       176923      1137.78
   60735.000     0.999219       176940      1280.00
   61599.000     0.999316       176955      1462.86
   62111.000     0.999414       176974      1706.67
   62655.000     0.999512       176991      2048.00
   62911.000     0.999561       176999      2275.56
   62975.000     0.999609       177007      2560.00
   63519.000     0.999658       177018      2925.71
   64223.000     0.999707       177029      3413.33
   64255.000     0.999756       177033      4096.00
   64319.000     0.999780       177040      4551.11
   64351.000     0.999805       177043      5120.00
   64799.000     0.999829       177046      5851.43
   64863.000     0.999854       177052      6826.67
   64895.000     0.999878       177055      8192.00
   64927.000     0.999890       177059      9102.22
   64927.000     0.999902       177059     10240.00
   65663.000     0.999915       177065     11702.86
   65663.000     0.999927       177065     13653.33
   65727.000     0.999939       177073     16384.00
   65727.000     0.999945       177073     18204.44
   65727.000     0.999951       177073     20480.00
   65727.000     0.999957       177073     23405.71
   65727.000     0.999963       177073     27306.67
   65727.000     0.999969       177073     32768.00
   65727.000     0.999973       177073     36408.89
   65727.000     0.999976       177073     40960.00
   65727.000     0.999979       177073     46811.43
   65727.000     0.999982       177073     54613.33
   65791.000     0.999985       177074     65536.00
   65791.000     0.999986       177074     72817.78
   65791.000     0.999988       177074     81920.00
   66367.000     0.999989       177076     93622.86
   66367.000     1.000000       177076          inf
#[Mean    =    56314.450, StdDeviation   =     1501.627]
#[Max     =    66367.000, Total count    =       177076]
#[Buckets =            7, SubBuckets     =         2048]
