       Value   Percentile   TotalCount 1/(1-Percentile)

      69.000     0.000000            1         1.00
     957.000     0.100000       764826         1.11
    2016.000     0.200000      1529290         1.25
    3277.000     0.300000      2294223         1.43
    4459.000     0.400000      3058013         1.67
    5743.000     0.500000      3823182         2.00
    6467.000     0.550000      4204986         2.22
    7219.000     0.600000      4587678         2.50
    7979.000     0.650000      4969404         2.86
    8767.000     0.700000      5352516         3.33
    9623.000     0.750000      5735537         4.00
   10095.000     0.775000      5925979         4.44
   10623.000     0.800000      6117197         5.00
   11231.000     0.825000      6308900         5.71
   11959.000     0.850000      6499345         6.67
   12919.000     0.875000      6689697         8.00
   13551.000     0.887500      6784960         8.89
   14359.000     0.900000      6880495        10.00
   15439.000     0.912500      6976445        11.43
   16975.000     0.925000      7072113        13.33
   19151.000     0.937500      7167040        16.00
   20591.000     0.943750      7215081        17.78
   22223.000     0.950000      7262560        20.00
   24111.000     0.956250      7310315        22.86
   26287.000     0.962500      7358317        26.67
   28927.000     0.968750      7406080        32.00
   30495.000     0.971875      7429916        35.56
   32415.000     0.975000      7453703        40.00
   34783.000     0.978125      7477559        45.71
   37823.000     0.981250      7501605        53.33
   41727.000     0.984375      7525304        64.00
   44095.000     0.985938      7537344        71.11
   47039.000     0.987500      7549284        80.00
   50463.000     0.989062      7561230        91.43
   54399.000     0.990625      7573090       106.67
   59263.000     0.992188      7585080       128.00
   61951.000     0.992969      7591057       142.22
   64735.000     0.993750      7596988       160.00
   67967.000     0.994531      7603012       182.86
   71871.000     0.995313      7608920       213.33
   76607.000     0.996094      7614887       256.00
   79359.000     0.996484      7617884       284.44
   82495.000     0.996875      7620865       320.00
   86655.000     0.997266      7623843       365.71
   91263.000     0.997656      7626833       426.67
   96575.000     0.998047      7629826       512.00
   99903.000     0.998242      7631307       568.89
  102975.000     0.998437      7632834       640.00
  106111.000     0.998633      7634301       731.43
  111487.000     0.998828      7635800       853.33
  116991.000     0.999023      7637287      1024.00
  119935.000     0.999121      7638030      1137.78
  124607.000     0.999219      7638779      1280.00
  129855.000     0.999316      7639522      1462.86
  135935.000     0.999414      7640279      1706.67
  144255.000     0.999512      7641022      2048.00
  150271.000     0.999561      7641390      2275.56
  158975.000     0.999609      7641770      2560.00
  164863.000     0.999658      7642137      2925.71
  180351.000     0.999707      7642509      3413.33
  194175.000     0.999756      7642884      4096.00
  209919.000     0.999780      7643066      4551.11
  232063.000     0.999805      7643253      5120.00
  282111.000     0.999829      7643439      5851.43
  299775.000     0.999854      7643632      6826.67
  338687.000     0.999878      7643812      8192.00
  348415.000     0.999890      7643926      9102.22
  349183.000     0.999902      7644006     10240.00
  350463.000     0.999915      7644094     11702.86
  355583.000     0.999927      7644196     13653.33
  359167.000     0.999939      7644285     16384.00
  852479.000     0.999945      7644332     18204.44
  853503.000     0.999951      7644376     20480.00
  855551.000     0.999957      7644422     23405.71
  859135.000     0.999963      7644472     27306.67
  860671.000     0.999969      7644512     32768.00
 1214463.000     0.999973      7644540     36408.89
 1216511.000     0.999976      7644573     40960.00
 1217535.000     0.999979      7644612     46811.43
 1217535.000     0.999982      7644612     54613.33
 1218559.000     0.999985      7644681     65536.00
 1218559.000     0.999986      7644681     72817.78
 1218559.000     0.999988      7644681     81920.00
 1218559.000     0.999989      7644681     93622.86
 1218559.000     0.999991      7644681    109226.67
 1219583.000     0.999992      7644736    131072.00
 1219583.000     0.999993      7644736    145635.56
 1219583.000     0.999994      7644736    163840.00
 1219583.000     0.999995      7644736    187245.71
 1219583.000     0.999995      7644736    218453.33
 1219583.000     0.999996      7644736    262144.00
 1219583.000     0.999997      7644736    291271.11
 1219583.000     0.999997      7644736    327680.00
 1219583.000     0.999997      7644736    374491.43
 1219583.000     0.999998      7644736    436906.67
 1219583.000     0.999998      7644736    524288.00
 1219583.000     0.999998      7644736    582542.22
 1219583.000     0.999998      7644736    655360.00
 1219583.000     0.999999      7644736    748982.86
 1220607.000     0.999999      7644745    873813.33
 1220607.000     1.000000      7644745          inf
#[Mean    =     7991.433, StdDeviation   =    13255.445]
#[Max     =  1220607.000, Total count    =      7644745]
#[Buckets =           11, SubBuckets     =         2048]
