       Value   Percentile   TotalCount 1/(1-Percentile)

      77.000     0.000000            1         1.00
     585.000     0.100000       601038         1.11
    1151.000     0.200000      1200681         1.25
    2000.000     0.300000      1800973         1.43
    3247.000     0.400000      2400752         1.67
    4851.000     0.500000      3000975         2.00
    5743.000     0.550000      3301540         2.22
    6703.000     0.600000      3601380         2.50
    7743.000     0.650000      3901412         2.86
    8871.000     0.700000      4202720         3.33
   10103.000     0.750000      4502550         4.00
   10775.000     0.775000      4651578         4.44
   11503.000     0.800000      4801873         5.00
   12295.000     0.825000      4952330         5.71
   13167.000     0.850000      5101961         6.67
   14135.000     0.875000      5252404         8.00
   14663.000     0.887500      5327094         8.89
   15239.000     0.900000      5402269        10.00
   15863.000     0.912500      5477041        11.43
   16559.000     0.925000      5551927        13.33
   17359.000     0.937500      5627344        16.00
   17791.000     0.943750      5664539        17.78
   18287.000     0.950000      5702802        20.00
   18831.000     0.956250      5739970        22.86
   19455.000     0.962500      5777418        26.67
   20191.000     0.968750      5814839        32.00
   20591.000     0.971875      5832994        35.56
   21055.000     0.975000      5851750        40.00
   21583.000     0.978125      5870892        45.71
   22175.000     0.981250      5889660        53.33
   22879.000     0.984375      5908295        64.00
   23279.000     0.985938      5917367        71.11
   23743.000     0.987500      5926859        80.00
   24287.000     0.989062      5936334        91.43
   24911.000     0.990625      5945563       106.67
   25663.000     0.992188      5954892       128.00
   26127.000     0.992969      5959613       142.22
   26655.000     0.993750      5964314       160.00
   27263.000     0.994531      5969053       182.86
   27999.000     0.995313      5973639       213.33
   28943.000     0.996094      5978381       256.00
   29551.000     0.996484      5980701       284.44
   30335.000     0.996875      5983047       320.00
   31279.000     0.997266      5985344       365.71
   32495.000     0.997656      5987713       426.67
   34559.000     0.998047      5990034       512.00
   36351.000     0.998242      5991212       568.89
   39903.000     0.998437      5992377       640.00
   45631.000     0.998633      5993551       731.43
   53343.000     0.998828      5994721       853.33
   66623.000     0.999023      5995898      1024.00
   74815.000     0.999121      5996481      1137.78
   81983.000     0.999219      5997066      1280.00
   90431.000     0.999316      5997653      1462.86
   97471.000     0.999414      5998241      1706.67
  107135.000     0.999512      5998825      2048.00
  112511.000     0.999561      5999117      2275.56
  116863.000     0.999609      5999410      2560.00
  121791.000     0.999658      5999707      2925.71
  126591.000     0.999707      5999999      3413.33
  137983.000     0.999756      6000289      4096.00
  142975.000     0.999780      6000437      4551.11
  148735.000     0.999805      6000587      5120.00
  156543.000     0.999829      6000731      5851.43
  164479.000     0.999854      6000875      6826.67
  171519.000     0.999878      6001024      8192.00
  174975.000     0.999890      6001095      9102.22
  179071.000     0.999902      6001171     10240.00
  184703.000     0.999915      6001244     11702.86
  192511.000     0.999927      6001319     13653.33
  199295.000     0.999939      6001389     16384.00
  203903.000     0.999945      6001425     18204.44
  206591.000     0.999951      6001465     20480.00
  207743.000     0.999957      6001498     23405.71
  210431.000     0.999963      6001535     27306.67
  212863.000     0.999969      6001571     32768.00
  214015.000     0.999973      6001591     36408.89
  216447.000     0.999976      6001609     40960.00
  217471.000     0.999979      6001627     46811.43
  219903.000     0.999982      6001646     54613.33
  221439.000     0.999985      6001663     65536.00
  222079.000     0.999986      6001674     72817.78
  223359.000     0.999988      6001681     81920.00
  226303.000     0.999989      6001690     93622.86
  229119.000     0.999991      6001700    109226.67
  233087.000     0.999992      6001709    131072.00
  236159.000     0.999993      6001713    145635.56
  241151.000     0.999994      6001719    163840.00
  242175.000     0.999995      6001722    187245.71
  244479.000     0.999995      6001727    218453.33
  245375.000     0.999996      6001732    262144.00
  245631.000     0.999997      6001734    291271.11
  246015.000     0.999997      6001736    327680.00
  246143.000     0.999997      6001738    374491.43
  246399.000     0.999998      6001741    436906.67
  246527.000     0.999998      6001743    524288.00
  246783.000     0.999998      6001744    582542.22
  247039.000     0.999998      6001745    655360.00
  247295.000     0.999999      6001746    748982.86
  248191.000     0.999999      6001749    873813.33
  248191.000     0.999999      6001749   1048576.00
  248191.000     0.999999      6001749   1165084.44
  248319.000     0.999999      6001750   1310720.00
  248319.000     0.999999      6001750   1497965.71
  248959.000     0.999999      6001751   1747626.67
  249215.000     1.000000      6001753   2097152.00
  249215.000     1.000000      6001753   2330168.89
  249215.000     1.000000      6001753   2621440.00
  249215.000     1.000000      6001753   2995931.43
  249215.000     1.000000      6001753   3495253.33
  249215.000     1.000000      6001753   4194304.00
  249215.000     1.000000      6001753   4660337.78
  249215.000     1.000000      6001753   5242880.00
  249215.000     1.000000      6001753   5991862.86
  251135.000     1.000000      6001754   6990506.67
  251135.000     1.000000      6001754          inf
#[Mean    =     6661.333, StdDeviation   =     7061.166]
#[Max     =   251135.000, Total count    =      6001754]
#[Buckets =            8, SubBuckets     =         2048]
