       Value   Percentile   TotalCount 1/(1-Percentile)

     167.000     0.000000            1         1.00
   15367.000     0.100000       284908         1.11
   17935.000     0.200000       569794         1.25
   20015.000     0.300000       855206         1.43
   21967.000     0.400000      1138229         1.67
   23967.000     0.500000      1422704         2.00
   25055.000     0.550000      1565803         2.22
   26207.000     0.600000      1707643         2.50
   27455.000     0.650000      1848372         2.86
   28847.000     0.700000      1991013         3.33
   30399.000     0.750000      2133936         4.00
   31247.000     0.775000      2203974         4.44
   32175.000     0.800000      2275260         5.00
   33215.000     0.825000      2347061         5.71
   34367.000     0.850000      2417261         6.67
   35743.000     0.875000      2488436         8.00
   36575.000     0.887500      2524623         8.89
   37503.000     0.900000      2559661        10.00
   38623.000     0.912500      2595326        11.43
   39999.000     0.925000      2631013        13.33
   41759.000     0.937500      2666394        16.00
   42911.000     0.943750      2683888        17.78
   44351.000     0.950000      2701698        20.00
   46175.000     0.956250      2719456        22.86
   48607.000     0.962500      2737049        26.67
   52223.000     0.968750      2754814        32.00
   54783.000     0.971875      2763662        35.56
   58143.000     0.975000      2772566        40.00
   62623.000     0.978125      2781475        45.71
   67775.000     0.981250      2790393        53.33
   72895.000     0.984375      2799234        64.00
   75519.000     0.985938      2803705        71.11
   78207.000     0.987500      2808119        80.00
   81087.000     0.989062      2812535        91.43
   84223.000     0.990625      2817043       106.67
   87615.000     0.992188      2821477       128.00
   89471.000     0.992969      2823664       142.22
   91647.000     0.993750      2825850       160.00
   94143.000     0.994531      2828092       182.86
   96959.000     0.995313      2830296       213.33
  100095.000     0.996094      2832530       256.00
  102079.000     0.996484      2833635       284.44
  104319.000     0.996875      2834739       320.00
  107327.000     0.997266      2835863       365.71
  110719.000     0.997656      2836961       426.67
  114431.000     0.998047      2838072       512.00
  117119.000     0.998242      2838632       568.89
  121087.000     0.998437      2839181       640.00
  129279.000     0.998633      2839736       731.43
  138239.000     0.998828      2840290       853.33
  149631.000     0.999023      2840845      1024.00
  158079.000     0.999121      2841124      1137.78
  164607.000     0.999219      2841403      1280.00
  170751.000     0.999316      2841687      1462.86
  175103.000     0.999414      2841964      1706.67
  182143.000     0.999512      2842240      2048.00
  186111.000     0.999561      2842375      2275.56
  189055.000     0.999609      2842512      2560.00
  192767.000     0.999658      2842650      2925.71
  196991.000     0.999707      2842788      3413.33
  200447.000     0.999756      2842928      4096.00
  202879.000     0.999780      2843004      4551.11
  204415.000     0.999805      2843067      5120.00
  208767.000     0.999829      2843137      5851.43
  211199.000     0.999854      2843205      6826.67
  214271.000     0.999878      2843274      8192.00
  216063.000     0.999890      2843313      9102.22
  217343.000     0.999902      2843346     10240.00
  218495.000     0.999915      2843379     11702.86
  220031.000     0.999927      2843413     13653.33
  223615.000     0.999939      2843448     16384.00
  226687.000     0.999945      2843465     18204.44
  232575.000     0.999951      2843483     20480.00
  238591.000     0.999957      2843501     23405.71
  260991.000     0.999963      2843517     27306.67
  293375.000     0.999969      2843537     32768.00
  293887.000     0.999973      2843543     36408.89
  298239.000     0.999976      2843552     40960.00
  302847.000     0.999979      2843561     46811.43
  320767.000     0.999982      2843570     54613.33
  322815.000     0.999985      2843579     65536.00
  323327.000     0.999986      2843582     72817.78
  326143.000     0.999988      2843587     81920.00
  331775.000     0.999989      2843591     93622.86
  341503.000     0.999991      2843596    109226.67
  344319.000     0.999992      2843601    131072.00
  344831.000     0.999993      2843604    145635.56
  344831.000     0.999994      2843604    163840.00
  345343.000     0.999995      2843606    187245.71
  345599.000     0.999995      2843608    218453.33
  346111.000     0.999996      2843612    262144.00
  346111.000     0.999997      2843612    291271.11
  346623.000     0.999997      2843614    327680.00
  346623.000     0.999997      2843614    374491.43
  347391.000     0.999998      2843615    436906.67
  350463.000     0.999998      2843617    524288.00
  350463.000     0.999998      2843617    582542.22
  350463.000     0.999998      2843617    655360.00
  354559.000     0.999999      2843618    748982.86
  354559.000     0.999999      2843618    873813.33
  354815.000     0.999999      2843620   1048576.00
  354815.000     0.999999      2843620   1165084.44
  354815.000     0.999999      2843620   1310720.00
  354815.000     0.999999      2843620   1497965.71
  354815.000     0.999999      2843620   1747626.67
  354815.000     1.000000      2843620   2097152.00
  354815.000     1.000000      2843620   2330168.89
  354815.000     1.000000      2843620   2621440.00
  360959.000     1.000000      2843621   2995931.43
  360959.000     1.000000      2843621          inf
#[Mean    =    26366.073, StdDeviation   =    13168.111]
#[Max     =   360959.000, Total count    =      2843621]
#[Buckets =            9, SubBuckets     =         2048]
