       Value   Percentile   TotalCount 1/(1-Percentile)

    1265.000     0.000000            1         1.00
    9967.000     0.100000       100660         1.11
   10063.000     0.200000       201400         1.25
   10119.000     0.300000       298625         1.43
   10159.000     0.400000       396253         1.67
   10199.000     0.500000       500260         2.00
   10215.000     0.550000       541240         2.22
   10239.000     0.600000       603746         2.50
   10255.000     0.650000       641436         2.86
   10279.000     0.700000       692166         3.33
   10311.000     0.750000       748099         4.00
   10327.000     0.775000       772045         4.44
   10343.000     0.800000       794994         5.00
   10359.000     0.825000       815466         5.71
   10383.000     0.850000       839459         6.67
   10407.000     0.875000       860705         8.00
   10423.000     0.887500       873995         8.89
   10439.000     0.900000       886309        10.00
   10455.000     0.912500       897754        11.43
   10479.000     0.925000       911863        13.33
   10495.000     0.937500       920161        16.00
   10511.000     0.943750       927978        17.78
   10527.000     0.950000       934455        20.00
   10543.000     0.956250       940295        22.86
   10559.000     0.962500       946285        26.67
   10575.000     0.968750       951081        32.00
   10591.000     0.971875       954902        35.56
   10607.000     0.975000       957854        40.00
   10623.000     0.978125       960672        45.71
   10639.000     0.981250       963059        53.33
   10671.000     0.984375       966221        64.00
   10695.000     0.985938       967732        71.11
   10727.000     0.987500       969287        80.00
   10767.000     0.989062       970836        91.43
   10847.000     0.990625       972110       106.67
   13239.000     0.992188       973644       128.00
   13463.000     0.992969       974397       142.22
   13607.000     0.993750       975231       160.00
   13679.000     0.994531       975990       182.86
   13743.000     0.995313       976693       213.33
   13799.000     0.996094       977464       256.00
   13831.000     0.996484       977868       284.44
   13863.000     0.996875       978325       320.00
   13879.000     0.997266       978635       365.71
   13911.000     0.997656       979033       426.67
   13951.000     0.998047       979421       512.00
   13967.000     0.998242       979568       568.89
   13983.000     0.998437       979786       640.00
   14015.000     0.998633       979995       731.43
   14039.000     0.998828       980169       853.33
   14063.000     0.999023       980348      1024.00
   14079.000     0.999121       980453      1137.78
   14095.000     0.999219       980565      1280.00
   14111.000     0.999316       980645      1462.86
   14135.000     0.999414       980728      1706.67
   14151.000     0.999512       980826      2048.00
   14167.000     0.999561       980870      2275.56
   14191.000     0.999609       980927      2560.00
   14239.000     0.999658       980969      2925.71
   14255.000     0.999707       981031      3413.33
   14383.000     0.999756       981054      4096.00
   14575.000     0.999780       981087      4551.11
   14615.000     0.999805       981101      5120.00
   14639.000     0.999829       981145      5851.43
   14647.000     0.999854       981157      6826.67
   15519.000     0.999878       981185      8192.00
   15519.000     0.999890       981185      9102.22
   15631.000     0.999902       981201     10240.00
   15735.000     0.999915       981213     11702.86
   15751.000     0.999927       981221     13653.33
   15783.000     0.999939       981237     16384.00
   15791.000     0.999945       981246     18204.44
   15791.000     0.999951       981246     20480.00
   15799.000     0.999957       981257     23405.71
   15799.000     0.999963       981257     27306.67
   15839.000     0.999969       981278     32768.00
   15839.000     0.999973       981278     36408.89
   15839.000     0.999976       981278     40960.00
   15839.000     0.999979       981278     46811.43
   15839.000     0.999982       981278     54613.33
   15839.000     0.999985       981278     65536.00
   15847.000     0.999986       981285     72817.78
   15847.000     0.999988       981285     81920.00
   15847.000     0.999989       981285     93622.86
   15847.000     0.999991       981285    109226.67
   15847.000     0.999992       981285    131072.00
   15871.000     0.999993       981289    145635.56
   15871.000     0.999994       981289    163840.00
   15871.000     0.999995       981289    187245.71
   15871.000     0.999995       981289    218453.33
   15871.000     0.999996       981289    262144.00
   15871.000     0.999997       981289    291271.11
   15879.000     0.999997       981292    327680.00
   15879.000     1.000000       981292          inf
#[Mean    =    10189.088, StdDeviation   =      501.482]
#[Max     =    15879.000, Total count    =       981292]
#[Buckets =            4, SubBuckets     =         2048]
