       Value   Percentile   TotalCount 1/(1-Percentile)

     136.000     0.000000            1         1.00
    5743.000     0.100000       858546         1.11
    6563.000     0.200000      1717812         1.25
    7219.000     0.300000      2577276         1.43
    7723.000     0.400000      3439176         1.67
    8231.000     0.500000      4294814         2.00
    8503.000     0.550000      4722800         2.22
    8799.000     0.600000      5160039         2.50
    9119.000     0.650000      5585867         2.86
    9463.000     0.700000      6008847         3.33
    9839.000     0.750000      6441458         4.00
   10039.000     0.775000      6651829         4.44
   10271.000     0.800000      6871558         5.00
   10519.000     0.825000      7080142         5.71
   10815.000     0.850000      7297906         6.67
   11159.000     0.875000      7511168         8.00
   11359.000     0.887500      7618305         8.89
   11583.000     0.900000      7725915        10.00
   11839.000     0.912500      7833350        11.43
   12119.000     0.925000      7938721        13.33
   12447.000     0.937500      8047113        16.00
   12631.000     0.943750      8101062        17.78
   12831.000     0.950000      8153615        20.00
   13063.000     0.956250      8206616        22.86
   13335.000     0.962500      8260140        26.67
   13663.000     0.968750      8314329        32.00
   13847.000     0.971875      8340863        35.56
   14055.000     0.975000      8368041        40.00
   14287.000     0.978125      8394175        45.71
   14567.000     0.981250      8421232        53.33
   14903.000     0.984375      8448132        64.00
   15103.000     0.985938      8461375        71.11
   15335.000     0.987500      8474617        80.00
   15607.000     0.989062      8487998        91.43
   15943.000     0.990625      8501267       106.67
   16367.000     0.992188      8514689       128.00
   16655.000     0.992969      8521562       142.22
   17023.000     0.993750      8528213       160.00
   17503.000     0.994531      8534865       182.86
   18223.000     0.995313      8541513       213.33
   19567.000     0.996094      8548189       256.00
   20751.000     0.996484      8551523       284.44
   22399.000     0.996875      8554884       320.00
   24975.000     0.997266      8558238       365.71
   28207.000     0.997656      8561582       426.67
   32063.000     0.998047      8564945       512.00
   34783.000     0.998242      8566619       568.89
   37663.000     0.998437      8568300       640.00
   40031.000     0.998633      8569974       731.43
   42047.000     0.998828      8571651       853.33
   43935.000     0.999023      8573320      1024.00
   44927.000     0.999121      8574154      1137.78
   46079.000     0.999219      8575006      1280.00
   47423.000     0.999316      8575836      1462.86
   49023.000     0.999414      8576677      1706.67
   51423.000     0.999512      8577512      2048.00
   52351.000     0.999561      8577934      2275.56
   53535.000     0.999609      8578352      2560.00
   54367.000     0.999658      8578763      2925.71
   55359.000     0.999707      8579184      3413.33
   56447.000     0.999756      8579599      4096.00
   57087.000     0.999780      8579808      4551.11
   57951.000     0.999805      8580017      5120.00
   58975.000     0.999829      8580232      5851.43
   60255.000     0.999854      8580437      6826.67
   62175.000     0.999878      8580651      8192.00
   63039.000     0.999890      8580753      9102.22
   63967.000     0.999902      8580855     10240.00
   65663.000     0.999915      8580961     11702.86
   66495.000     0.999927      8581067     13653.33
   67583.000     0.999939      8581170     16384.00
   68351.000     0.999945      8581222     18204.44
   68799.000     0.999951      8581276     20480.00
   70015.000     0.999957      8581329     23405.71
   72959.000     0.999963      8581381     27306.67
   91391.000     0.999969      8581432     32768.00
  109311.000     0.999973      8581459     36408.89
  113087.000     0.999976      8581484     40960.00
  115071.000     0.999979      8581510     46811.43
  117055.000     0.999982      8581537     54613.33
  117823.000     0.999985      8581563     65536.00
  118591.000     0.999986      8581578     72817.78
  120447.000     0.999988      8581591     81920.00
  120895.000     0.999989      8581602     93622.86
  121407.000     0.999991      8581615    109226.67
  122495.000     0.999992      8581630    131072.00
  122879.000     0.999993      8581635    145635.56
  123647.000     0.999994      8581641    163840.00
  124607.000     0.999995      8581648    187245.71
  125439.000     0.999995      8581655    218453.33
  126143.000     0.999996      8581661    262144.00
  126271.000     0.999997      8581667    291271.11
  126271.000     0.999997      8581667    327680.00
  126847.000     0.999997      8581673    374491.43
  127935.000     0.999998      8581674    436906.67
  127999.000     0.999998      8581677    524288.00
  128255.000     0.999998      8581683    582542.22
  128255.000     0.999998      8581683    655360.00
  128255.000     0.999999      8581683    748982.86
  128895.000     0.999999      8581689    873813.33
  128895.000     0.999999      8581689   1048576.00
  128895.000     0.999999      8581689   1165084.44
  128895.000     0.999999      8581689   1310720.00
  128895.000     0.999999      8581689   1497965.71
  128895.000     0.999999      8581689   1747626.67
  128895.000     1.000000      8581689   2097152.00
  130879.000     1.000000      8581691   2330168.89
  130879.000     1.000000      8581691   2621440.00
  130879.000     1.000000      8581691   2995931.43
  130879.000     1.000000      8581691   3495253.33
  130879.000     1.000000      8581691   4194304.00
  132607.000     1.000000      8581693   4660337.78
  132607.000     1.000000      8581693          inf
#[Mean    =     8534.552, StdDeviation   =     3071.894]
#[Max     =   132607.000, Total count    =      8581693]
#[Buckets =            8, SubBuckets     =         2048]
