       Value   Percentile   TotalCount 1/(1-Percentile)

      67.000     0.000000            1         1.00
     471.000     0.100000       779353         1.11
     725.000     0.200000      1556527         1.25
    1008.000     0.300000      2331271         1.43
    1374.000     0.400000      3108463         1.67
    1918.000     0.500000      3885235         2.00
    2321.000     0.550000      4272786         2.22
    2873.000     0.600000      4661690         2.50
    3601.000     0.650000      5050057         2.86
    4483.000     0.700000      5438463         3.33
    5535.000     0.750000      5827033         4.00
    6111.000     0.775000      6021001         4.44
    6707.000     0.800000      6214939         5.00
    7323.000     0.825000      6409497         5.71
    7963.000     0.850000      6603529         6.67
    8639.000     0.875000      6799293         8.00
    8991.000     0.887500      6895501         8.89
    9367.000     0.900000      6991975        10.00
    9775.000     0.912500      7089355        11.43
   10223.000     0.925000      7186611        13.33
   10727.000     0.937500      7284038        16.00
   11007.000     0.943750      7332522        17.78
   11303.000     0.950000      7380052        20.00
   11639.000     0.956250      7428685        22.86
   12023.000     0.962500      7478014        26.67
   12455.000     0.968750      7526444        32.00
   12695.000     0.971875      7550093        35.56
   12967.000     0.975000      7574758        40.00
   13271.000     0.978125      7599066        45.71
   13623.000     0.981250      7623173        53.33
   14039.000     0.984375      7647454        64.00
   14271.000     0.985938      7659449        71.11
   14535.000     0.987500      7671610        80.00
   14831.000     0.989062      7683599        91.43
   15175.000     0.990625      7695676       106.67
   15591.000     0.992188      7707839       128.00
   15847.000     0.992969      7713965       142.22
   16127.000     0.993750      7720001       160.00
   16463.000     0.994531      7726189       182.86
   16863.000     0.995313      7732201       213.33
   17343.000     0.996094      7738196       256.00
   17631.000     0.996484      7741169       284.44
   17999.000     0.996875      7744272       320.00
   18431.000     0.997266      7747262       365.71
   18959.000     0.997656      7750306       426.67
   19647.000     0.998047      7753303       512.00
   20143.000     0.998242      7754852       568.89
   20751.000     0.998437      7756346       640.00
   21599.000     0.998633      7757873       731.43
   22991.000     0.998828      7759384       853.33
   26063.000     0.999023      7760890      1024.00
   28703.000     0.999121      7761648      1137.78
   32399.000     0.999219      7762405      1280.00
   36511.000     0.999316      7763169      1462.86
   40831.000     0.999414      7763922      1706.67
   45663.000     0.999512      7764685      2048.00
   47967.000     0.999561      7765064      2275.56
   50623.000     0.999609      7765443      2560.00
   52863.000     0.999658      7765823      2925.71
   54911.000     0.999707      7766205      3413.33
   57119.000     0.999756      7766578      4096.00
   58463.000     0.999780      7766767      4551.11
   59711.000     0.999805      7766960      5120.00
   60831.000     0.999829      7767147      5851.43
   62367.000     0.999854      7767337      6826.67
   64447.000     0.999878      7767526      8192.00
   68479.000     0.999890      7767622      9102.22
   70079.000     0.999902      7767718     10240.00
   70975.000     0.999915      7767816     11702.86
   71935.000     0.999927      7767905     13653.33
   73151.000     0.999939      7768003     16384.00
   73919.000     0.999945      7768053     18204.44
   74559.000     0.999951      7768094     20480.00
   75391.000     0.999957      7768145     23405.71
   75967.000     0.999963      7768193     27306.67
   76479.000     0.999969      7768237     32768.00
   76863.000     0.999973      7768267     36408.89
   77183.000     0.999976      7768287     40960.00
   77375.000     0.999979      7768311     46811.43
   77823.000     0.999982      7768331     54613.33
   78591.000     0.999985      7768355     65536.00
   79039.000     0.999986      7768369     72817.78
   79551.000     0.999988      7768379     81920.00
   79807.000     0.999989      7768391     93622.86
   80191.000     0.999991      7768402    109226.67
   80831.000     0.999992      7768416    131072.00
   81023.000     0.999993      7768423    145635.56
   81151.000     0.999994      7768426    163840.00
   81407.000     0.999995      7768432    187245.71
   81599.000     0.999995      7768441    218453.33
   81727.000     0.999996      7768444    262144.00
   81919.000     0.999997      7768447    291271.11
   82047.000     0.999997      7768450    327680.00
   82303.000     0.999997      7768453    374491.43
   82495.000     0.999998      7768457    436906.67
   82687.000     0.999998      7768460    524288.00
   82687.000     0.999998      7768460    582542.22
   83007.000     0.999998      7768462    655360.00
   83071.000     0.999999      7768463    748982.86
   83263.000     0.999999      7768465    873813.33
   83327.000     0.999999      7768466   1048576.00
   83583.000     0.999999      7768467   1165084.44
   83647.000     0.999999      7768468   1310720.00
   83647.000     0.999999      7768468   1497965.71
   83775.000     0.999999      7768469   1747626.67
   84031.000     1.000000      7768470   2097152.00
   84031.000     1.000000      7768470   2330168.89
   84415.000     1.000000      7768471   2621440.00
   84415.000     1.000000      7768471   2995931.43
   84415.000     1.000000      7768471   3495253.33
   84479.000     1.000000      7768472   4194304.00
   84479.000     1.000000      7768472   4660337.78
   84479.000     1.000000      7768472   5242880.00
   84479.000     1.000000      7768472   5991862.86
   84479.000     1.000000      7768472   6990506.67
   85695.000     1.000000      7768473   8388608.00
   85695.000     1.000000      7768473          inf
#[Mean    =     3631.903, StdDeviation   =     3952.298]
#[Max     =    85695.000, Total count    =      7768473]
#[Buckets =            7, SubBuckets     =         2048]
