       Value   Percentile   TotalCount 1/(1-Percentile)

    5707.000     0.000000            1         1.00
   10375.000     0.100000        86232         1.11
   10599.000     0.200000       173992         1.25
   10759.000     0.300000       259401         1.43
   10919.000     0.400000       346651         1.67
   11087.000     0.500000       432483         2.00
   11183.000     0.550000       475940         2.22
   11287.000     0.600000       517791         2.50
   11423.000     0.650000       560414         2.86
   11607.000     0.700000       604194         3.33
   11911.000     0.750000       647018         4.00
   12127.000     0.775000       668151         4.44
   12383.000     0.800000       689459         5.00
   12679.000     0.825000       711095         5.71
   12991.000     0.850000       732857         6.67
   13303.000     0.875000       754267         8.00
   13455.000     0.887500       764861         8.89
   13607.000     0.900000       775726        10.00
   13759.000     0.912500       786726        11.43
   13919.000     0.925000       797649        13.33
   14071.000     0.937500       808133        16.00
   14159.000     0.943750       813686        17.78
   14255.000     0.950000       818821        20.00
   14343.000     0.956250       824129        22.86
   14455.000     0.962500       829670        26.67
   14575.000     0.968750       835038        32.00
   14639.000     0.971875       837569        35.56
   14719.000     0.975000       840513        40.00
   14799.000     0.978125       842984        45.71
   14903.000     0.981250       845801        53.33
   15023.000     0.984375       848334        64.00
   15103.000     0.985938       849693        71.11
   15207.000     0.987500       851041        80.00
   15327.000     0.989062       852411        91.43
   15543.000     0.990625       853701       106.67
   15943.000     0.992188       855028       128.00
   16207.000     0.992969       855697       142.22
   16687.000     0.993750       856390       160.00
   17903.000     0.994531       857045       182.86
   18895.000     0.995313       857715       213.33
   20175.000     0.996094       858399       256.00
   20559.000     0.996484       858729       284.44
   20863.000     0.996875       859063       320.00
   21263.000     0.997266       859408       365.71
   21743.000     0.997656       859748       426.67
   22255.000     0.998047       860081       512.00
   22431.000     0.998242       860261       568.89
   22655.000     0.998437       860419       640.00
   23103.000     0.998633       860578       731.43
   23519.000     0.998828       860755       853.33
   23983.000     0.999023       860914      1024.00
   24559.000     0.999121       861005      1137.78
   24879.000     0.999219       861081      1280.00
   25279.000     0.999316       861168      1462.86
   25839.000     0.999414       861253      1706.67
   26207.000     0.999512       861334      2048.00
   26383.000     0.999561       861376      2275.56
   26527.000     0.999609       861418      2560.00
   26671.000     0.999658       861463      2925.71
   26799.000     0.999707       861506      3413.33
   26911.000     0.999756       861548      4096.00
   27007.000     0.999780       861570      4551.11
   27119.000     0.999805       861590      5120.00
   27183.000     0.999829       861608      5851.43
   27279.000     0.999854       861631      6826.67
   27407.000     0.999878       861649      8192.00
   27519.000     0.999890       861660      9102.22
   27647.000     0.999902       861670     10240.00
   27759.000     0.999915       861681     11702.86
   27855.000     0.999927       861693     13653.33
   27919.000     0.999939       861702     16384.00
   30367.000     0.999945       861707     18204.44
   31039.000     0.999951       861713     20480.00
   31071.000     0.999957       861718     23405.71
   31183.000     0.999963       861726     27306.67
   31199.000     0.999969       861729     32768.00
   31295.000     0.999973       861735     36408.89
   31295.000     0.999976       861735     40960.00
   31311.000     0.999979       861737     46811.43
   38175.000     0.999982       861739     54613.33
   38207.000     0.999985       861741     65536.00
   38239.000     0.999986       861743     72817.78
   38271.000     0.999988       861747     81920.00
   38271.000     0.999989       861747     93622.86
   38271.000     0.999991       861747    109226.67
   38303.000     0.999992       861748    131072.00
   38335.000     0.999993       861752    145635.56
   38335.000     0.999994       861752    163840.00
   38335.000     0.999995       861752    187245.71
   38335.000     0.999995       861752    218453.33
   38335.000     0.999996       861752    262144.00
   38335.000     0.999997       861752    291271.11
   38335.000     0.999997       861752    327680.00
   38335.000     0.999997       861752    374491.43
   38367.000     0.999998       861754    436906.67
   38367.000     1.000000       861754          inf
#[Mean    =    11543.977, StdDeviation   =     1451.568]
#[Max     =    38367.000, Total count    =       861754]
#[Buckets =            6, SubBuckets     =         2048]
