       Value   Percentile   TotalCount 1/(1-Percentile)

     685.000     0.000000            1         1.00
   16175.000     0.100000       279367         1.11
   18815.000     0.200000       558845         1.25
   20863.000     0.300000       839311         1.43
   22703.000     0.400000      1119347         1.67
   24495.000     0.500000      1397353         2.00
   25423.000     0.550000      1537281         2.22
   26383.000     0.600000      1675659         2.50
   27439.000     0.650000      1816043         2.86
   28607.000     0.700000      1955529         3.33
   29983.000     0.750000      2095119         4.00
   30799.000     0.775000      2165352         4.44
   31711.000     0.800000      2234928         5.00
   32799.000     0.825000      2304461         5.71
   34143.000     0.850000      2375132         6.67
   35839.000     0.875000      2444490         8.00
   36863.000     0.887500      2479063         8.89
   38079.000     0.900000      2514269        10.00
   39519.000     0.912500      2548888        11.43
   41311.000     0.925000      2583503        13.33
   43583.000     0.937500      2618523        16.00
   44959.000     0.943750      2635829        17.78
   46591.000     0.950000      2653354        20.00
   48575.000     0.956250      2670670        22.86
   51007.000     0.962500      2688027        26.67
   54047.000     0.968750      2705483        32.00
   55903.000     0.971875      2714225        35.56
   57951.000     0.975000      2722907        40.00
   60255.000     0.978125      2731636        45.71
   62911.000     0.981250      2740367        53.33
   66047.000     0.984375      2749113        64.00
   67839.000     0.985938      2753486        71.11
   69759.000     0.987500      2757829        80.00
   71935.000     0.989062      2762224        91.43
   74495.000     0.990625      2766534       106.67
   77439.000     0.992188      2770936       128.00
   79295.000     0.992969      2773079       142.22
   81663.000     0.993750      2775266       160.00
   84863.000     0.994531      2777413       182.86
   90943.000     0.995313      2779603       213.33
  105727.000     0.996094      2781778       256.00
  112831.000     0.996484      2782868       284.44
  119807.000     0.996875      2783958       320.00
  126463.000     0.997266      2785045       365.71
  133631.000     0.997656      2786138       426.67
  141951.000     0.998047      2787230       512.00
  146815.000     0.998242      2787772       568.89
  153343.000     0.998437      2788323       640.00
  160255.000     0.998633      2788865       731.43
  169087.000     0.998828      2789415       853.33
  175359.000     0.999023      2789962      1024.00
  177791.000     0.999121      2790234      1137.78
  181503.000     0.999219      2790503      1280.00
  184959.000     0.999316      2790773      1462.86
  188415.000     0.999414      2791052      1706.67
  191743.000     0.999512      2791318      2048.00
  194047.000     0.999561      2791459      2275.56
  196735.000     0.999609      2791591      2560.00
  199295.000     0.999658      2791740      2925.71
  201087.000     0.999707      2791869      3413.33
  203263.000     0.999756      2792007      4096.00
  204159.000     0.999780      2792075      4551.11
  205311.000     0.999805      2792140      5120.00
  206591.000     0.999829      2792206      5851.43
  208895.000     0.999854      2792274      6826.67
  210815.000     0.999878      2792345      8192.00
  211583.000     0.999890      2792377      9102.22
  212735.000     0.999902      2792411     10240.00
  214399.000     0.999915      2792446     11702.86
  215935.000     0.999927      2792478     13653.33
  217087.000     0.999939      2792511     16384.00
  218111.000     0.999945      2792531     18204.44
  218751.000     0.999951      2792550     20480.00
  219391.000     0.999957      2792563     23405.71
  222079.000     0.999963      2792579     27306.67
  238207.000     0.999969      2792596     32768.00
  241919.000     0.999973      2792605     36408.89
  245119.000     0.999976      2792613     40960.00
  247679.000     0.999979      2792622     46811.43
  253567.000     0.999982      2792630     54613.33
  261887.000     0.999985      2792639     65536.00
  262399.000     0.999986      2792644     72817.78
  263167.000     0.999988      2792647     81920.00
  266495.000     0.999989      2792652     93622.86
  276735.000     0.999991      2792656    109226.67
  279039.000     0.999992      2792661    131072.00
  279551.000     0.999993      2792663    145635.56
  279807.000     0.999994      2792664    163840.00
  285439.000     0.999995      2792667    187245.71
  285951.000     0.999995      2792669    218453.33
  286463.000     0.999996      2792671    262144.00
  286719.000     0.999997      2792673    291271.11
  286719.000     0.999997      2792673    327680.00
  287231.000     0.999997      2792674    374491.43
  287743.000     0.999998      2792676    436906.67
  287743.000     0.999998      2792676    524288.00
  288255.000     0.999998      2792677    582542.22
  288255.000     0.999998      2792677    655360.00
  288511.000     0.999999      2792678    748982.86
  288511.000     0.999999      2792678    873813.33
  289023.000     0.999999      2792679   1048576.00
  289023.000     0.999999      2792679   1165084.44
  289023.000     0.999999      2792679   1310720.00
  296191.000     0.999999      2792680   1497965.71
  296191.000     0.999999      2792680   1747626.67
  296191.000     1.000000      2792680   2097152.00
  296191.000     1.000000      2792680   2330168.89
  296191.000     1.000000      2792680   2621440.00
  296703.000     1.000000      2792681   2995931.43
  296703.000     1.000000      2792681          inf
#[Mean    =    26798.783, StdDeviation   =    13131.039]
#[Max     =   296703.000, Total count    =      2792681]
#[Buckets =            9, SubBuckets     =         2048]
