       Value   Percentile   TotalCount 1/(1-Percentile)

     204.000     0.000000            1         1.00
    1092.000     0.100000       282807         1.11
    1819.000     0.200000       564644         1.25
    4435.000     0.300000       847090         1.43
    9519.000     0.400000      1129398         1.67
   13855.000     0.500000      1411766         2.00
   16751.000     0.550000      1552691         2.22
   20959.000     0.600000      1693952         2.50
   28447.000     0.650000      1835027         2.86
   37759.000     0.700000      1976115         3.33
   47679.000     0.750000      2117458         4.00
   52447.000     0.775000      2187918         4.44
   56767.000     0.800000      2258730         5.00
   60671.000     0.825000      2329005         5.71
   64447.000     0.850000      2399643         6.67
   68095.000     0.875000      2470200         8.00
   69951.000     0.887500      2506549         8.89
   71743.000     0.900000      2541189        10.00
   73599.000     0.912500      2576374        11.43
   75519.000     0.925000      2611445        13.33
   77567.000     0.937500      2647242        16.00
   78591.000     0.943750      2664325        17.78
   79807.000     0.950000      2682346        20.00
   81151.000     0.956250      2700119        22.86
   82623.000     0.962500      2717158        26.67
   84415.000     0.968750      2734814        32.00
   85503.000     0.971875      2743914        35.56
   86655.000     0.975000      2752814        40.00
   87935.000     0.978125      2761312        45.71
   89471.000     0.981250      2770173        53.33
   91263.000     0.984375      2778937        64.00
   92287.000     0.985938      2783381        71.11
   93375.000     0.987500      2787729        80.00
   94655.000     0.989062      2792271        91.43
   95999.000     0.990625      2796566       106.67
   97471.000     0.992188      2801029       128.00
   98303.000     0.992969      2803165       142.22
   99263.000     0.993750      2805307       160.00
  100415.000     0.994531      2807597       182.86
  101695.000     0.995313      2809706       213.33
  103295.000     0.996094      2811942       256.00
  104383.000     0.996484      2813023       284.44
  105791.000     0.996875      2814147       320.00
  107583.000     0.997266      2815229       365.71
  110591.000     0.997656      2816319       426.67
  115903.000     0.998047      2817426       512.00
  119295.000     0.998242      2817983       568.89
  123327.000     0.998437      2818541       640.00
  128639.000     0.998633      2819080       731.43
  134399.000     0.998828      2819639       853.33
  138495.000     0.999023      2820181      1024.00
  140799.000     0.999121      2820461      1137.78
  144127.000     0.999219      2820735      1280.00
  147967.000     0.999316      2821009      1462.86
  153087.000     0.999414      2821284      1706.67
  158847.000     0.999512      2821562      2048.00
  165119.000     0.999561      2821698      2275.56
  169215.000     0.999609      2821833      2560.00
  174079.000     0.999658      2821977      2925.71
  178047.000     0.999707      2822110      3413.33
  183935.000     0.999756      2822246      4096.00
  185599.000     0.999780      2822318      4551.11
  188543.000     0.999805      2822384      5120.00
  191871.000     0.999829      2822455      5851.43
  199807.000     0.999854      2822524      6826.67
  204159.000     0.999878      2822593      8192.00
  205951.000     0.999890      2822632      9102.22
  208255.000     0.999902      2822660     10240.00
  211711.000     0.999915      2822697     11702.86
  214527.000     0.999927      2822730     13653.33
  216831.000     0.999939      2822776     16384.00
  217471.000     0.999945      2822781     18204.44
  218239.000     0.999951      2822803     20480.00
  219263.000     0.999957      2822818     23405.71
  220927.000     0.999963      2822833     27306.67
  228351.000     0.999969      2822850     32768.00
  228991.000     0.999973      2822858     36408.89
  230911.000     0.999976      2822867     40960.00
  232319.000     0.999979      2822875     46811.43
  233215.000     0.999982      2822884     54613.33
  234623.000     0.999985      2822892     65536.00
  235263.000     0.999986      2822897     72817.78
  235903.000     0.999988      2822903     81920.00
  236159.000     0.999989      2822906     93622.86
  236415.000     0.999991      2822910    109226.67
  237183.000     0.999992      2822914    131072.00
  237695.000     0.999993      2822916    145635.56
  238079.000     0.999994      2822918    163840.00
  238207.000     0.999995      2822920    187245.71
  240255.000     0.999995      2822923    218453.33
  241151.000     0.999996      2822925    262144.00
  250111.000     0.999997      2822927    291271.11
  250111.000     0.999997      2822927    327680.00
  274943.000     0.999997      2822928    374491.43
  279039.000     0.999998      2822930    436906.67
  279039.000     0.999998      2822930    524288.00
  279295.000     0.999998      2822934    582542.22
  279295.000     0.999998      2822934    655360.00
  279295.000     0.999999      2822934    748982.86
  279295.000     0.999999      2822934    873813.33
  279295.000     0.999999      2822934   1048576.00
  279295.000     0.999999      2822934   1165084.44
  279295.000     0.999999      2822934   1310720.00
  279295.000     0.999999      2822934   1497965.71
  279295.000     0.999999      2822934   1747626.67
  279295.000     1.000000      2822934   2097152.00
  279295.000     1.000000      2822934   2330168.89
  279295.000     1.000000      2822934   2621440.00
  280319.000     1.000000      2822935   2995931.43
  280319.000     1.000000      2822935          inf
#[Mean    =    26436.457, StdDeviation   =    28039.423]
#[Max     =   280319.000, Total count    =      2822935]
#[Buckets =            9, SubBuckets     =         2048]
