       Value   Percentile   TotalCount 1/(1-Percentile)

      52.000     0.000000            1         1.00
   40063.000     0.100000       140887         1.11
   46303.000     0.200000       281804         1.25
   49695.000     0.300000       425447         1.43
   50911.000     0.400000       563888         1.67
   51391.000     0.500000       711632         2.00
   51647.000     0.550000       779262         2.22
   52127.000     0.600000       848082         2.50
   53375.000     0.650000       915809         2.86
   55295.000     0.700000       986546         3.33
   57887.000     0.750000      1056521         4.00
   59007.000     0.775000      1091959         4.44
   60319.000     0.800000      1126771         5.00
   61471.000     0.825000      1162648         5.71
   62303.000     0.850000      1198268         6.67
   63103.000     0.875000      1232287         8.00
   63711.000     0.900000      1269008        10.00
   63903.000     0.912500      1285327        11.43
   64127.000     0.925000      1303413        13.33
   64383.000     0.937500      1321108        16.00
   64575.000     0.943750      1330313        17.78
   64799.000     0.950000      1338239        20.00
   65151.000     0.956250      1347091        22.86
   65983.000     0.962500      1355553        26.67
   68095.000     0.968750      1364303        32.00
   69183.000     0.971875      1368759        35.56
   70335.000     0.975000      1373234        40.00
   71359.000     0.978125      1377554        45.71
   72319.000     0.981250      1381964        53.33
   73279.000     0.984375      1386457        64.00
   74431.000     0.987500      1390667        80.00
   75455.000     0.989063      1392904        91.43
   76223.000     0.990625      1395039       106.67
   76607.000     0.992188      1397305       128.00
   76991.000     0.993750      1399743       160.00
   77183.000     0.994531      1400794       182.86
   77439.000     0.995313      1401753       213.33
   77759.000     0.996094      1402764       256.00
   77951.000     0.996484      1403311       284.44
   78207.000     0.996875      1403892       320.00
   79423.000     0.997266      1404378       365.71
   81663.000     0.997656      1404937       426.67
   83519.000     0.998047      1405469       512.00
   84799.000     0.998242      1405741       568.89
   85887.000     0.998437      1406019       640.00
   86783.000     0.998633      1406315       731.43
   87743.000     0.998828      1406568       853.33
   88447.000     0.999023      1406851      1024.00
   88959.000     0.999121      1406980      1137.78
   89343.000     0.999219      1407120      1280.00
   89663.000     0.999316      1407255      1462.86
   90047.000     0.999414      1407393      1706.67
   91519.000     0.999512      1407528      2048.00
   93631.000     0.999561      1407603      2275.56
   95231.000     0.999609      1407670      2560.00
   96255.000     0.999658      1407734      2925.71
   98495.000     0.999707      1407802      3413.33
  100095.000     0.999756      1407871      4096.00
  101439.000     0.999805      1407941      5120.00
  102143.000     0.999829      1407974      5851.43
  103423.000     0.999854      1408008      6826.67
  104575.000     0.999878      1408046      8192.00
  106367.000     0.999902      1408078     10240.00
  107391.000     0.999915      1408094     11702.86
  107711.000     0.999927      1408114     13653.33
  108479.000     0.999939      1408130     16384.00
  109311.000     0.999951      1408146     20480.00
  111935.000     0.999957      1408154     23405.71
  112191.000     0.999963      1408166     27306.67
  112511.000     0.999969      1408174     32768.00
  113087.000     0.999973      1408176     36408.89
  113215.000     0.999976      1408182     40960.00
  113279.000     0.999979      1408184     46811.43
  116735.000     0.999982      1408189     54613.33
  118399.000     0.999985      1408196     65536.00
  118399.000     0.999986      1408196     72817.78
  118463.000     0.999988      1408199     81920.00
  118463.000     0.999989      1408199     93622.86
  118591.000     0.999991      1408204    109226.67
  118591.000     0.999992      1408204    131072.00
  122687.000     0.999993      1408206    145635.56
  122687.000     0.999994      1408206    163840.00
  122751.000     0.999995      1408208    187245.71
  122751.000     0.999995      1408208    218453.33
  123839.000     0.999996      1408210    262144.00
  123839.000     0.999997      1408210    291271.11
  123839.000     0.999997      1408210    327680.00
  123967.000     0.999997      1408212    374491.43
  123967.000     0.999998      1408212    436906.67
  123967.000     0.999998      1408212    524288.00
  123967.000     0.999998      1408212    582542.22
  123967.000     0.999998      1408212    655360.00
  124031.000     0.999999      1408214    748982.86
  124031.000     1.000000      1408214          inf
#[Mean    =    52230.363, StdDeviation   =     9037.434]
#[Max     =   124031.000, Total count    =      1408214]
#[Buckets =            7, SubBuckets     =         2048]
