       Value   Percentile   TotalCount 1/(1-Percentile)

     118.000     0.000000            1         1.00
     996.000     0.100000       896823         1.11
    1322.000     0.200000      1793738         1.25
    1617.000     0.300000      2689146         1.43
    1924.000     0.400000      3585653         1.67
    2273.000     0.500000      4484079         2.00
    2475.000     0.550000      4930784         2.22
    2709.000     0.600000      5377337         2.50
    2993.000     0.650000      5826247         2.86
    3351.000     0.700000      6273386         3.33
    3839.000     0.750000      6721620         4.00
    4163.000     0.775000      6947149         4.44
    4571.000     0.800000      7170853         5.00
    5111.000     0.825000      7394524         5.71
    5871.000     0.850000      7617511         6.67
    7007.000     0.875000      7841751         8.00
    7807.000     0.887500      7953898         8.89
    8823.000     0.900000      8065609        10.00
   10143.000     0.912500      8177743        11.43
   11951.000     0.925000      8290078        13.33
   14575.000     0.937500      8401836        16.00
   16327.000     0.943750      8457878        17.78
   18575.000     0.950000      8514016        20.00
   21439.000     0.956250      8569723        22.86
   25183.000     0.962500      8625866        26.67
   29951.000     0.968750      8681844        32.00
   32959.000     0.971875      8709817        35.56
   36735.000     0.975000      8737928        40.00
   41599.000     0.978125      8765827        45.71
   47455.000     0.981250      8793782        53.33
   54911.000     0.984375      8821850        64.00
   59647.000     0.985938      8835794        71.11
   65215.000     0.987500      8849802        80.00
   72511.000     0.989062      8863833        91.43
   81343.000     0.990625      8877817       106.67
   91967.000     0.992188      8891773       128.00
   98239.000     0.992969      8898777       142.22
  105151.000     0.993750      8905814       160.00
  114111.000     0.994531      8912797       182.86
  124927.000     0.995313      8919781       213.33
  138623.000     0.996094      8926767       256.00
  146431.000     0.996484      8930264       284.44
  154367.000     0.996875      8933808       320.00
  162943.000     0.997266      8937297       365.71
  172287.000     0.997656      8940790       426.67
  184319.000     0.998047      8944275       512.00
  191999.000     0.998242      8946051       568.89
  200063.000     0.998437      8947775       640.00
  209023.000     0.998633      8949541       731.43
  224383.000     0.998828      8951273       853.33
  241023.000     0.999023      8953020      1024.00
  252415.000     0.999121      8953909      1137.78
  260223.000     0.999219      8954779      1280.00
  270591.000     0.999316      8955649      1462.86
  283903.000     0.999414      8956523      1706.67
  297727.000     0.999512      8957400      2048.00
  305407.000     0.999561      8957842      2275.56
  310527.000     0.999609      8958279      2560.00
  316159.000     0.999658      8958731      2925.71
  322047.000     0.999707      8959145      3413.33
  332287.000     0.999756      8959589      4096.00
  338431.000     0.999780      8959802      4551.11
  351743.000     0.999805      8960020      5120.00
  369151.000     0.999829      8960240      5851.43
  394495.000     0.999854      8960461      6826.67
  402943.000     0.999878      8960687      8192.00
  420351.000     0.999890      8960786      9102.22
  426495.000     0.999902      8960906     10240.00
  430079.000     0.999915      8961005     11702.86
  433407.000     0.999927      8961117     13653.33
  439295.000     0.999939      8961226     16384.00
  445439.000     0.999945      8961278     18204.44
  451071.000     0.999951      8961334     20480.00
  456447.000     0.999957      8961390     23405.71
  471551.000     0.999963      8961442     27306.67
  480511.000     0.999969      8961498     32768.00
  579583.000     0.999973      8961527     36408.89
  584191.000     0.999976      8961553     40960.00
  593407.000     0.999979      8961581     46811.43
  595967.000     0.999982      8961610     54613.33
  623103.000     0.999985      8961635     65536.00
  634367.000     0.999986      8961648     72817.78
  641023.000     0.999988      8961661     81920.00
  667647.000     0.999989      8961676     93622.86
  674303.000     0.999991      8961688    109226.67
  676351.000     0.999992      8961702    131072.00
  677375.000     0.999993      8961709    145635.56
  694271.000     0.999994      8961717    163840.00
  697855.000     0.999995      8961725    187245.71
  698879.000     0.999995      8961731    218453.33
  699903.000     0.999996      8961737    262144.00
  700415.000     0.999997      8961740    291271.11
  701439.000     0.999997      8961743    327680.00
  707071.000     0.999997      8961748    374491.43
  711679.000     0.999998      8961750    436906.67
  714239.000     0.999998      8961754    524288.00
  714751.000     0.999998      8961755    582542.22
  716799.000     0.999998      8961757    655360.00
  717823.000     0.999999      8961762    748982.86
  717823.000     0.999999      8961762    873813.33
  717823.000     0.999999      8961762   1048576.00
  718335.000     0.999999      8961765   1165084.44
  718335.000     0.999999      8961765   1310720.00
  718335.000     0.999999      8961765   1497965.71
  718335.000     0.999999      8961765   1747626.67
  718847.000     1.000000      8961767   2097152.00
  718847.000     1.000000      8961767   2330168.89
  718847.000     1.000000      8961767   2621440.00
  719359.000     1.000000      8961769   2995931.43
  719359.000     1.000000      8961769   3495253.33
  719359.000     1.000000      8961769   4194304.00
  719359.000     1.000000      8961769   4660337.78
  719359.000     1.000000      8961769   5242880.00
  719359.000     1.000000      8961769   5991862.86
  719359.000     1.000000      8961769   6990506.67
  719359.000     1.000000      8961769   8388608.00
  719871.000     1.000000      8961770   9320675.55
  719871.000     1.000000      8961770          inf
#[Mean    =     5775.304, StdDeviation   =    17457.750]
#[Max     =   719871.000, Total count    =      8961770]
#[Buckets =           10, SubBuckets     =         2048]
