       Value   Percentile   TotalCount 1/(1-Percentile)

     118.000     0.000000            2         1.00
    1051.000     0.100000       286061         1.11
    3117.000     0.200000       571685         1.25
   14207.000     0.300000       857616         1.43
   19903.000     0.400000      1143461         1.67
   27023.000     0.500000      1430138         2.00
   29183.000     0.550000      1572973         2.22
   31199.000     0.600000      1715786         2.50
   32991.000     0.650000      1860547         2.86
   34911.000     0.700000      2002733         3.33
   36959.000     0.750000      2145077         4.00
   38207.000     0.775000      2215412         4.44
   39935.000     0.800000      2287527         5.00
   41919.000     0.825000      2358762         5.71
   43711.000     0.850000      2430335         6.67
   45407.000     0.875000      2501485         8.00
   46335.000     0.887500      2536950         8.89
   47519.000     0.900000      2572776        10.00
   48767.000     0.912500      2608740        11.43
   50047.000     0.925000      2644089        13.33
   51391.000     0.937500      2680256        16.00
   52031.000     0.943750      2698203        17.78
   52671.000     0.950000      2716126        20.00
   53279.000     0.956250      2733371        22.86
   53983.000     0.962500      2751174        26.67
   55071.000     0.968750      2769044        32.00
   56095.000     0.971875      2778074        35.56
   58207.000     0.975000      2786926        40.00
   62015.000     0.978125      2795848        45.71
   67839.000     0.981250      2804745        53.33
   73855.000     0.984375      2813699        64.00
   76671.000     0.985938      2818152        71.11
   79679.000     0.987500      2822650        80.00
   82751.000     0.989062      2827075        91.43
   86207.000     0.990625      2831557       106.67
   89791.000     0.992188      2836015       128.00
   91775.000     0.992969      2838307       142.22
   94271.000     0.993750      2840479       160.00
   97471.000     0.994531      2842730       182.86
  101759.000     0.995313      2844961       213.33
  109247.000     0.996094      2847179       256.00
  116607.000     0.996484      2848290       284.44
  131583.000     0.996875      2849410       320.00
  157311.000     0.997266      2850529       365.71
  169599.000     0.997656      2851639       426.67
  178047.000     0.998047      2852769       512.00
  180991.000     0.998242      2853316       568.89
  183935.000     0.998437      2853897       640.00
  186751.000     0.998633      2854433       731.43
  189823.000     0.998828      2855004       853.33
  192895.000     0.999023      2855555      1024.00
  194431.000     0.999121      2855826      1137.78
  196095.000     0.999219      2856126      1280.00
  197631.000     0.999316      2856404      1462.86
  199039.000     0.999414      2856680      1706.67
  200447.000     0.999512      2856949      2048.00
  201215.000     0.999561      2857107      2275.56
  201855.000     0.999609      2857224      2560.00
  202623.000     0.999658      2857374      2925.71
  203391.000     0.999707      2857508      3413.33
  204287.000     0.999756      2857655      4096.00
  204671.000     0.999780      2857715      4551.11
  205055.000     0.999805      2857783      5120.00
  205695.000     0.999829      2857868      5851.43
  206207.000     0.999854      2857933      6826.67
  206719.000     0.999878      2858001      8192.00
  207103.000     0.999890      2858036      9102.22
  207359.000     0.999902      2858059     10240.00
  207743.000     0.999915      2858097     11702.86
  208255.000     0.999927      2858129     13653.33
  208767.000     0.999939      2858168     16384.00
  209023.000     0.999945      2858183     18204.44
  209407.000     0.999951      2858204     20480.00
  209791.000     0.999957      2858220     23405.71
  210175.000     0.999963      2858238     27306.67
  210559.000     0.999969      2858254     32768.00
  210815.000     0.999973      2858264     36408.89
  211071.000     0.999976      2858272     40960.00
  211327.000     0.999979      2858277     46811.43
  211583.000     0.999982      2858286     54613.33
  211967.000     0.999985      2858297     65536.00
  212223.000     0.999986      2858300     72817.78
  212735.000     0.999988      2858304     81920.00
  213119.000     0.999989      2858308     93622.86
  213503.000     0.999991      2858312    109226.67
  214655.000     0.999992      2858317    131072.00
  215039.000     0.999993      2858320    145635.56
  215295.000     0.999994      2858321    163840.00
  216191.000     0.999995      2858323    187245.71
  216703.000     0.999995      2858325    218453.33
  218495.000     0.999996      2858328    262144.00
  218879.000     0.999997      2858329    291271.11
  219775.000     0.999997      2858330    327680.00
  219903.000     0.999997      2858332    374491.43
  219903.000     0.999998      2858332    436906.67
  221055.000     0.999998      2858333    524288.00
  221183.000     0.999998      2858334    582542.22
  221183.000     0.999998      2858334    655360.00
  221823.000     0.999999      2858335    748982.86
  221823.000     0.999999      2858335    873813.33
  222975.000     0.999999      2858336   1048576.00
  222975.000     0.999999      2858336   1165084.44
  222975.000     0.999999      2858336   1310720.00
  223231.000     0.999999      2858337   1497965.71
  223231.000     0.999999      2858337   1747626.67
  223231.000     1.000000      2858337   2097152.00
  223231.000     1.000000      2858337   2330168.89
  223231.000     1.000000      2858337   2621440.00
  223743.000     1.000000      2858338   2995931.43
  223743.000     1.000000      2858338          inf
#[Mean    =    25568.067, StdDeviation   =    20162.749]
#[Max     =   223743.000, Total count    =      2858338]
#[Buckets =            8, SubBuckets     =         2048]
