       Value   Percentile   TotalCount 1/(1-Percentile)

     114.000     0.000000            1         1.00
     654.000     0.100000      1026488         1.11
     960.000     0.200000      2053314         1.25
    1380.000     0.300000      3080216         1.43
    1966.000     0.400000      4105697         1.67
    2811.000     0.500000      5132958         2.00
    3407.000     0.550000      5646025         2.22
    4319.000     0.600000      6158528         2.50
    5947.000     0.650000      6671471         2.86
    9247.000     0.700000      7185106         3.33
   12903.000     0.750000      7698357         4.00
   14447.000     0.775000      7954146         4.44
   15999.000     0.800000      8212151         5.00
   17375.000     0.825000      8467315         5.71
   18655.000     0.850000      8727150         6.67
   19775.000     0.875000      8982489         8.00
   20351.000     0.887500      9111962         8.89
   20911.000     0.900000      9238634        10.00
   21487.000     0.912500      9366450        11.43
   22111.000     0.925000      9494295        13.33
   22799.000     0.937500      9622127        16.00
   23167.000     0.943750      9686124        17.78
   23567.000     0.950000      9751411        20.00
   23999.000     0.956250      9816514        22.86
   24463.000     0.962500      9879164        26.67
   25007.000     0.968750      9943594        32.00
   25311.000     0.971875      9975768        35.56
   25631.000     0.975000     10007179        40.00
   25999.000     0.978125     10039753        45.71
   26399.000     0.981250     10071178        53.33
   26879.000     0.984375     10103410        64.00
   27151.000     0.985938     10119549        71.11
   27455.000     0.987500     10135468        80.00
   27791.000     0.989062     10151522        91.43
   28159.000     0.990625     10167406       106.67
   28607.000     0.992188     10183372       128.00
   28879.000     0.992969     10191477       142.22
   29183.000     0.993750     10199582       160.00
   29503.000     0.994531     10207288       182.86
   29935.000     0.995313     10215550       213.33
   30431.000     0.996094     10223402       256.00
   30735.000     0.996484     10227425       284.44
   31087.000     0.996875     10231433       320.00
   31551.000     0.997266     10235452       365.71
   32175.000     0.997656     10239423       426.67
   33023.000     0.998047     10243481       512.00
   33631.000     0.998242     10245450       568.89
   34367.000     0.998437     10247430       640.00
   35327.000     0.998633     10249434       731.43
   36767.000     0.998828     10251407       853.33
   39167.000     0.999023     10253391      1024.00
   41215.000     0.999121     10254399      1137.78
   44447.000     0.999219     10255410      1280.00
   49247.000     0.999316     10256399      1462.86
   59199.000     0.999414     10257400      1706.67
   72767.000     0.999512     10258403      2048.00
   78015.000     0.999561     10258905      2275.56
   81983.000     0.999609     10259409      2560.00
   85503.000     0.999658     10259909      2925.71
   89599.000     0.999707     10260412      3413.33
  111743.000     0.999756     10260907      4096.00
  148863.000     0.999780     10261157      4551.11
  163199.000     0.999805     10261408      5120.00
  202239.000     0.999829     10261658      5851.43
  233087.000     0.999854     10261913      6826.67
  253439.000     0.999878     10262161      8192.00
  265471.000     0.999890     10262285      9102.22
  292607.000     0.999902     10262411     10240.00
  303871.000     0.999915     10262539     11702.86
  316671.000     0.999927     10262661     13653.33
  326911.000     0.999939     10262792     16384.00
  337919.000     0.999945     10262850     18204.44
  360447.000     0.999951     10262914     20480.00
  366079.000     0.999957     10262979     23405.71
  370175.000     0.999963     10263044     27306.67
  457727.000     0.999969     10263099     32768.00
  481535.000     0.999973     10263134     36408.89
  495615.000     0.999976     10263162     40960.00
  499967.000     0.999979     10263193     46811.43
  503807.000     0.999982     10263225     54613.33
  506879.000     0.999985     10263263     65536.00
  507391.000     0.999986     10263274     72817.78
  509439.000     0.999988     10263288     81920.00
  511999.000     0.999989     10263303     93622.86
  512511.000     0.999991     10263320    109226.67
  516095.000     0.999992     10263334    131072.00
  518655.000     0.999993     10263342    145635.56
  521215.000     0.999994     10263353    163840.00
  521727.000     0.999995     10263358    187245.71
  522239.000     0.999995     10263373    218453.33
  522239.000     0.999996     10263373    262144.00
  523007.000     0.999997     10263377    291271.11
  523263.000     0.999997     10263385    327680.00
  523263.000     0.999997     10263385    374491.43
  523519.000     0.999998     10263390    436906.67
  524799.000     0.999998     10263395    524288.00
  524799.000     0.999998     10263395    582542.22
  525311.000     0.999998     10263404    655360.00
  525311.000     0.999999     10263404    748982.86
  525311.000     0.999999     10263404    873813.33
  525311.000     0.999999     10263404   1048576.00
  525311.000     0.999999     10263404   1165084.44
  525823.000     0.999999     10263407   1310720.00
  525823.000     0.999999     10263407   1497965.71
  525823.000     0.999999     10263407   1747626.67
  526335.000     1.000000     10263409   2097152.00
  526335.000     1.000000     10263409   2330168.89
  526335.000     1.000000     10263409   2621440.00
  526335.000     1.000000     10263409   2995931.43
  526847.000     1.000000     10263412   3495253.33
  526847.000     1.000000     10263412          inf
#[Mean    =     7258.786, StdDeviation   =     9395.266]
#[Max     =   526847.000, Total count    =     10263412]
#[Buckets =           10, SubBuckets     =         2048]
