       Value   Percentile   TotalCount 1/(1-Percentile)

      51.000     0.000000            2         1.00
    1013.000     0.100000      1188646         1.11
    1390.000     0.200000      2379358         1.25
    1546.000     0.300000      3563127         1.43
    1676.000     0.400000      4758769         1.67
    1857.000     0.500000      5939521         2.00
    1981.000     0.550000      6536156         2.22
    2113.000     0.600000      7126059         2.50
    2279.000     0.650000      7725080         2.86
    2523.000     0.700000      8314052         3.33
    2823.000     0.750000      8911416         4.00
    2957.000     0.775000      9204858         4.44
    3085.000     0.800000      9505799         5.00
    3215.000     0.825000      9800483         5.71
    3383.000     0.850000     10097914         6.67
    3769.000     0.875000     10392263         8.00
    4839.000     0.887500     10540552         8.89
    5491.000     0.900000     10691349        10.00
    5643.000     0.912500     10838859        11.43
    5763.000     0.925000     10990714        13.33
    5879.000     0.937500     11134731        16.00
    5951.000     0.943750     11209917        17.78
    6039.000     0.950000     11283630        20.00
    6183.000     0.956250     11357311        22.86
    6867.000     0.962500     11431330        26.67
    8807.000     0.968750     11505592        32.00
    9375.000     0.971875     11542701        35.56
    9815.000     0.975000     11580363        40.00
   10111.000     0.978125     11617456        45.71
   10375.000     0.981250     11653959        53.33
   10695.000     0.984375     11691798        64.00
   10887.000     0.985938     11709996        71.11
   11095.000     0.987500     11728898        80.00
   11279.000     0.989062     11746884        91.43
   11463.000     0.990625     11765908       106.67
   11647.000     0.992188     11784553       128.00
   11743.000     0.992969     11793591       142.22
   11855.000     0.993750     11802728       160.00
   11983.000     0.994531     11812023       182.86
   12135.000     0.995313     11821100       213.33
   12327.000     0.996094     11830315       256.00
   12439.000     0.996484     11834994       284.44
   12559.000     0.996875     11839779       320.00
   12687.000     0.997266     11844325       365.71
   12815.000     0.997656     11848859       426.67
   12959.000     0.998047     11853440       512.00
   13047.000     0.998242     11855920       568.89
   13127.000     0.998437     11858081       640.00
   13223.000     0.998633     11860536       731.43
   13335.000     0.998828     11862836       853.33
   13463.000     0.999023     11865136      1024.00
   13535.000     0.999121     11866223      1137.78
   13631.000     0.999219     11867397      1280.00
   13735.000     0.999316     11868516      1462.86
   13863.000     0.999414     11869688      1706.67
   14023.000     0.999512     11870853      2048.00
   14111.000     0.999561     11871428      2275.56
   14199.000     0.999609     11871993      2560.00
   14303.000     0.999658     11872609      2925.71
   14399.000     0.999707     11873173      3413.33
   14511.000     0.999756     11873745      4096.00
   14575.000     0.999780     11874012      4551.11
   14655.000     0.999805     11874318      5120.00
   14719.000     0.999829     11874612      5851.43
   14791.000     0.999854     11874892      6826.67
   14887.000     0.999878     11875188      8192.00
   14943.000     0.999890     11875327      9102.22
   15015.000     0.999902     11875475     10240.00
   15087.000     0.999915     11875629     11702.86
   15175.000     0.999927     11875766     13653.33
   15239.000     0.999939     11875909     16384.00
   15279.000     0.999945     11875972     18204.44
   15343.000     0.999951     11876044     20480.00
   15415.000     0.999957     11876124     23405.71
   15487.000     0.999963     11876189     27306.67
   15599.000     0.999969     11876265     32768.00
   15663.000     0.999973     11876298     36408.89
   15719.000     0.999976     11876335     40960.00
   15759.000     0.999979     11876369     46811.43
   15855.000     0.999982     11876405     54613.33
   15919.000     0.999985     11876440     65536.00
   15991.000     0.999986     11876458     72817.78
   16039.000     0.999988     11876478     81920.00
   16095.000     0.999989     11876498     93622.86
   16159.000     0.999991     11876514    109226.67
   16247.000     0.999992     11876533    131072.00
   16295.000     0.999993     11876540    145635.56
   16335.000     0.999994     11876553    163840.00
   16399.000     0.999995     11876558    187245.71
   16543.000     0.999995     11876568    218453.33
   16591.000     0.999996     11876578    262144.00
   16607.000     0.999997     11876581    291271.11
   16655.000     0.999997     11876586    327680.00
   16751.000     0.999997     11876590    374491.43
   16783.000     0.999998     11876594    436906.67
   16959.000     0.999998     11876599    524288.00
   16991.000     0.999998     11876601    582542.22
   17007.000     0.999998     11876603    655360.00
   17151.000     0.999999     11876606    748982.86
   17167.000     0.999999     11876608    873813.33
   17503.000     0.999999     11876610   1048576.00
   17519.000     0.999999     11876611   1165084.44
   17535.000     0.999999     11876612   1310720.00
   17743.000     0.999999     11876618   1497965.71
   17743.000     0.999999     11876618   1747626.67
   17743.000     1.000000     11876618   2097152.00
   17743.000     1.000000     11876618   2330168.89
   17743.000     1.000000     11876618   2621440.00
   17743.000     1.000000     11876618   2995931.43
   17743.000     1.000000     11876618   3495253.33
   17951.000     1.000000     11876619   4194304.00
   17951.000     1.000000     11876619   4660337.78
   17951.000     1.000000     11876619   5242880.00
   18511.000     1.000000     11876620   5991862.86
   18511.000     1.000000     11876620   6990506.67
   18511.000     1.000000     11876620   8388608.00
   18511.000     1.000000     11876620   9320675.55
   18511.000     1.000000     11876620  10485760.00
   18751.000     1.000000     11876621  11983725.71
   18751.000     1.000000     11876621          inf
#[Mean    =     2509.413, StdDeviation   =     2024.235]
#[Max     =    18751.000, Total count    =     11876621]
#[Buckets =            5, SubBuckets     =         2048]
