       Value   Percentile   TotalCount 1/(1-Percentile)

      41.000     0.000000            1         1.00
     894.000     0.100000      1173385         1.11
    1254.000     0.200000      2341810         1.25
    1626.000     0.300000      3512924         1.43
    2119.000     0.400000      4687080         1.67
    2897.000     0.500000      5855964         2.00
    3631.000     0.550000      6439869         2.22
    4823.000     0.600000      7026402         2.50
    6379.000     0.650000      7611298         2.86
    8167.000     0.700000      8196329         3.33
   10191.000     0.750000      8781260         4.00
   11287.000     0.775000      9075477         4.44
   12447.000     0.800000      9368348         5.00
   13647.000     0.825000      9660930         5.71
   14839.000     0.850000      9953419         6.67
   16015.000     0.875000     10245463         8.00
   16607.000     0.887500     10392822         8.89
   17215.000     0.900000     10540754        10.00
   17839.000     0.912500     10687185        11.43
   18495.000     0.925000     10830392        13.33
   19231.000     0.937500     10978980        16.00
   19631.000     0.943750     11051466        17.78
   20063.000     0.950000     11123788        20.00
   20543.000     0.956250     11197851        22.86
   21071.000     0.962500     11269797        26.67
   21711.000     0.968750     11343214        32.00
   22079.000     0.971875     11379552        35.56
   22495.000     0.975000     11416049        40.00
   22959.000     0.978125     11452137        45.71
   23503.000     0.981250     11489043        53.33
   24143.000     0.984375     11525539        64.00
   24511.000     0.985938     11543622        71.11
   24927.000     0.987500     11562291        80.00
   25391.000     0.989062     11580461        91.43
   25919.000     0.990625     11598503       106.67
   26559.000     0.992188     11616850       128.00
   26927.000     0.992969     11626115       142.22
   27327.000     0.993750     11635104       160.00
   27791.000     0.994531     11644342       182.86
   28319.000     0.995313     11653370       213.33
   28943.000     0.996094     11662379       256.00
   29343.000     0.996484     11667061       284.44
   29775.000     0.996875     11671572       320.00
   30287.000     0.997266     11676189       365.71
   30927.000     0.997656     11680759       426.67
   31711.000     0.998047     11685257       512.00
   32191.000     0.998242     11687558       568.89
   32767.000     0.998437     11689809       640.00
   33471.000     0.998633     11692167       731.43
   34271.000     0.998828     11694407       853.33
   35199.000     0.999023     11696719      1024.00
   35711.000     0.999121     11697824      1137.78
   36255.000     0.999219     11698980      1280.00
   36831.000     0.999316     11700130      1462.86
   37471.000     0.999414     11701276      1706.67
   38239.000     0.999512     11702406      2048.00
   38623.000     0.999561     11702973      2275.56
   39071.000     0.999609     11703555      2560.00
   39583.000     0.999658     11704115      2925.71
   40191.000     0.999707     11704690      3413.33
   40831.000     0.999756     11705267      4096.00
   41247.000     0.999780     11705539      4551.11
   41663.000     0.999805     11705817      5120.00
   42239.000     0.999829     11706099      5851.43
   42911.000     0.999854     11706391      6826.67
   43807.000     0.999878     11706677      8192.00
   44319.000     0.999890     11706814      9102.22
   45087.000     0.999902     11706958     10240.00
   45951.000     0.999915     11707101     11702.86
   46751.000     0.999927     11707244     13653.33
   47871.000     0.999939     11707389     16384.00
   48383.000     0.999945     11707457     18204.44
   48959.000     0.999951     11707529     20480.00
   49631.000     0.999957     11707600     23405.71
   50431.000     0.999963     11707671     27306.67
   51359.000     0.999969     11707743     32768.00
   51935.000     0.999973     11707779     36408.89
   52447.000     0.999976     11707815     40960.00
   53023.000     0.999979     11707850     46811.43
   54015.000     0.999982     11707886     54613.33
   55167.000     0.999985     11707922     65536.00
   55743.000     0.999986     11707939     72817.78
   56351.000     0.999988     11707957     81920.00
   57215.000     0.999989     11707975     93622.86
   58431.000     0.999991     11707992    109226.67
   60031.000     0.999992     11708010    131072.00
   61119.000     0.999993     11708019    145635.56
   61855.000     0.999994     11708028    163840.00
   63103.000     0.999995     11708037    187245.71
   64223.000     0.999995     11708046    218453.33
   65599.000     0.999996     11708057    262144.00
   66623.000     0.999997     11708059    291271.11
   68031.000     0.999997     11708064    327680.00
   68351.000     0.999997     11708068    374491.43
   69503.000     0.999998     11708073    436906.67
   69887.000     0.999998     11708077    524288.00
   70463.000     0.999998     11708079    582542.22
   70975.000     0.999998     11708082    655360.00
   71423.000     0.999999     11708084    748982.86
   71487.000     0.999999     11708086    873813.33
   71807.000     0.999999     11708088   1048576.00
   71935.000     0.999999     11708090   1165084.44
   72319.000     0.999999     11708091   1310720.00
   72383.000     0.999999     11708092   1497965.71
   72639.000     0.999999     11708093   1747626.67
   72959.000     1.000000     11708096   2097152.00
   72959.000     1.000000     11708096   2330168.89
   72959.000     1.000000     11708096   2621440.00
   72959.000     1.000000     11708096   2995931.43
   72959.000     1.000000     11708096   3495253.33
   73407.000     1.000000     11708097   4194304.00
   73407.000     1.000000     11708097   4660337.78
   73407.000     1.000000     11708097   5242880.00
   73919.000     1.000000     11708098   5991862.86
   73919.000     1.000000     11708098   6990506.67
   73919.000     1.000000     11708098   8388608.00
   73919.000     1.000000     11708098   9320675.55
   73919.000     1.000000     11708098  10485760.00
   74431.000     1.000000     11708099  11983725.71
   74431.000     1.000000     11708099          inf
#[Mean    =     6372.092, StdDeviation   =     6702.732]
#[Max     =    74431.000, Total count    =     11708099]
#[Buckets =            7, SubBuckets     =         2048]
