       Value   Percentile   TotalCount 1/(1-Percentile)

      54.000     0.000000            1         1.00
      88.000     0.100000       158944         1.11
      96.000     0.200000       302597         1.25
     103.000     0.300000       449900         1.43
     110.000     0.400000       603270         1.67
     117.000     0.500000       750508         2.00
     120.000     0.550000       809607         2.22
     124.000     0.600000       882969         2.50
     129.000     0.650000       966438         2.86
     134.000     0.700000      1040643         3.33
     139.000     0.750000      1106065         4.00
     142.000     0.775000      1141057         4.44
     146.000     0.800000      1182762         5.00
     150.000     0.825000      1219389         5.71
     154.000     0.850000      1250958         6.67
     160.000     0.875000      1291007         8.00
     163.000     0.887500      1307664         8.89
     167.000     0.900000      1327817        10.00
     171.000     0.912500      1345029        11.43
     176.000     0.925000      1363149        13.33
     182.000     0.937500      1380733        16.00
     185.000     0.943750      1388183        17.78
     189.000     0.950000      1396977        20.00
     194.000     0.956250      1406186        22.86
     201.000     0.962500      1416337        26.67
     209.000     0.968750      1425230        32.00
     214.000     0.971875      1429472        35.56
     220.000     0.975000      1433678        40.00
     228.000     0.978125      1438244        45.71
     240.000     0.981250      1442892        53.33
     257.000     0.984375      1447388        64.00
     270.000     0.985938      1449681        71.11
     287.000     0.987500      1452027        80.00
     310.000     0.989062      1454284        91.43
     350.000     0.990625      1456527       106.67
     431.000     0.992188      1458844       128.00
     471.000     0.992969      1459996       142.22
     504.000     0.993750      1461151       160.00
     533.000     0.994531      1462269       182.86
     568.000     0.995313      1463453       213.33
     612.000     0.996094      1464572       256.00
     645.000     0.996484      1465145       284.44
     679.000     0.996875      1465724       320.00
     715.000     0.997266      1466297       365.71
     749.000     0.997656      1466865       426.67
     788.000     0.998047      1467444       512.00
     809.000     0.998242      1467730       568.89
     837.000     0.998437      1468012       640.00
     870.000     0.998633      1468300       731.43
     909.000     0.998828      1468589       853.33
     946.000     0.999023      1468880      1024.00
     966.000     0.999121      1469016      1137.78
     987.000     0.999219      1469160      1280.00
    1014.000     0.999316      1469304      1462.86
    1049.000     0.999414      1469448      1706.67
    1090.000     0.999512      1469591      2048.00
    1112.000     0.999561      1469667      2275.56
    1138.000     0.999609      1469734      2560.00
    1161.000     0.999658      1469808      2925.71
    1185.000     0.999707      1469878      3413.33
    1226.000     0.999756      1469949      4096.00
    1254.000     0.999780      1469986      4551.11
    1274.000     0.999805      1470021      5120.00
    1298.000     0.999829      1470056      5851.43
    1323.000     0.999854      1470094      6826.67
    1358.000     0.999878      1470128      8192.00
    1380.000     0.999890      1470146      9102.22
    1405.000     0.999902      1470168     10240.00
    1430.000     0.999915      1470182     11702.86
    1458.000     0.999927      1470200     13653.33
    1483.000     0.999939      1470218     16384.00
    1492.000     0.999945      1470227     18204.44
    1508.000     0.999951      1470236     20480.00
    1525.000     0.999957      1470246     23405.71
    1543.000     0.999963      1470254     27306.67
    1572.000     0.999969      1470263     32768.00
    1581.000     0.999973      1470267     36408.89
    1609.000     0.999976      1470272     40960.00
    1629.000     0.999979      1470276     46811.43
    1639.000     0.999982      1470281     54613.33
    1660.000     0.999985      1470285     65536.00
    1681.000     0.999986      1470287     72817.78
    1694.000     0.999988      1470290     81920.00
    1700.000     0.999989      1470292     93622.86
    1707.000     0.999991      1470294    109226.67
    1728.000     0.999992      1470296    131072.00
    1736.000     0.999993      1470297    145635.56
    1753.000     0.999994      1470299    163840.00
    1760.000     0.999995      1470300    187245.71
    1764.000     0.999995      1470301    218453.33
    1783.000     0.999996      1470302    262144.00
    1783.000     0.999997      1470302    291271.11
    1793.000     0.999997      1470303    327680.00
    1829.000     0.999997      1470304    374491.43
    1829.000     0.999998      1470304    436906.67
    1837.000     0.999998      1470305    524288.00
    1837.000     0.999998      1470305    582542.22
    1837.000     0.999998      1470305    655360.00
    3001.000     0.999999      1470306    748982.86
    3001.000     0.999999      1470306    873813.33
    3001.000     0.999999      1470306   1048576.00
    3001.000     0.999999      1470306   1165084.44
    3001.000     0.999999      1470306   1310720.00
    3015.000     0.999999      1470307   1497965.71
    3015.000     1.000000      1470307          inf
#[Mean    =      127.434, StdDeviation   =       63.668]
#[Max     =     3015.000, Total count    =      1470307]
#[Buckets =            2, SubBuckets     =         2048]
