       Value   Percentile   TotalCount 1/(1-Percentile)

     107.000     0.000000            1         1.00
     559.000     0.100000       924219         1.11
     860.000     0.200000      1846413         1.25
    1296.000     0.300000      2768612         1.43
    1900.000     0.400000      3690790         1.67
    2711.000     0.500000      4614530         2.00
    3399.000     0.550000      5075260         2.22
    4583.000     0.600000      5536680         2.50
    6363.000     0.650000      5997793         2.86
    9127.000     0.700000      6459604         3.33
   11919.000     0.750000      6921036         4.00
   13319.000     0.775000      7151291         4.44
   14919.000     0.800000      7381966         5.00
   16815.000     0.825000      7612991         5.71
   18959.000     0.850000      7842643         6.67
   21327.000     0.875000      8073007         8.00
   22623.000     0.887500      8188938         8.89
   24015.000     0.900000      8304109        10.00
   25567.000     0.912500      8419650        11.43
   27295.000     0.925000      8534867        13.33
   29295.000     0.937500      8650382        16.00
   30447.000     0.943750      8707433        17.78
   31727.000     0.950000      8765611        20.00
   33119.000     0.956250      8823701        22.86
   34687.000     0.962500      8880370        26.67
   36447.000     0.968750      8938104        32.00
   37407.000     0.971875      8967469        35.56
   38399.000     0.975000      8996131        40.00
   39455.000     0.978125      9025228        45.71
   40607.000     0.981250      9053921        53.33
   41983.000     0.984375      9082670        64.00
   42719.000     0.985938      9096589        71.11
   43551.000     0.987500      9110966        80.00
   44447.000     0.989062      9125453        91.43
   45439.000     0.990625      9139947       106.67
   46527.000     0.992188      9154393       128.00
   47103.000     0.992969      9161559       142.22
   47711.000     0.993750      9168657       160.00
   48383.000     0.994531      9175926       182.86
   49119.000     0.995313      9183291       213.33
   49887.000     0.996094      9190217       256.00
   50367.000     0.996484      9193981       284.44
   50879.000     0.996875      9197637       320.00
   51423.000     0.997266      9201098       365.71
   52063.000     0.997656      9204759       426.67
   52799.000     0.998047      9208246       512.00
   53247.000     0.998242      9210157       568.89
   53727.000     0.998437      9211875       640.00
   54271.000     0.998633      9213646       731.43
   54911.000     0.998828      9215514       853.33
   55647.000     0.999023      9217262      1024.00
   56063.000     0.999121      9218159      1137.78
   56543.000     0.999219      9219090      1280.00
   57055.000     0.999316      9219991      1462.86
   57695.000     0.999414      9220873      1706.67
   58431.000     0.999512      9221772      2048.00
   58815.000     0.999561      9222224      2275.56
   59295.000     0.999609      9222653      2560.00
   59871.000     0.999658      9223107      2925.71
   60575.000     0.999707      9223552      3413.33
   61471.000     0.999756      9224003      4096.00
   62047.000     0.999780      9224227      4551.11
   62879.000     0.999805      9224452      5120.00
   64031.000     0.999829      9224679      5851.43
   65919.000     0.999854      9224902      6826.67
   73151.000     0.999878      9225127      8192.00
   81279.000     0.999890      9225239      9102.22
   88191.000     0.999902      9225351     10240.00
   94463.000     0.999915      9225464     11702.86
  107391.000     0.999927      9225577     13653.33
  159103.000     0.999939      9225690     16384.00
  178175.000     0.999945      9225746     18204.44
  181503.000     0.999951      9225808     20480.00
  185599.000     0.999957      9225858     23405.71
  189311.000     0.999963      9225915     27306.67
  193023.000     0.999969      9225974     32768.00
  219903.000     0.999973      9225999     36408.89
  230143.000     0.999976      9226029     40960.00
  232575.000     0.999979      9226056     46811.43
  235263.000     0.999982      9226085     54613.33
  237311.000     0.999985      9226118     65536.00
  237695.000     0.999986      9226127     72817.78
  237951.000     0.999988      9226141     81920.00
  238207.000     0.999989      9226161     93622.86
  238335.000     0.999991      9226168    109226.67
  238847.000     0.999992      9226182    131072.00
  239231.000     0.999993      9226189    145635.56
  240511.000     0.999994      9226199    163840.00
  241023.000     0.999995      9226204    187245.71
  241407.000     0.999995      9226211    218453.33
  246911.000     0.999996      9226221    262144.00
  246911.000     0.999997      9226221    291271.11
  247807.000     0.999997      9226224    327680.00
  248063.000     0.999997      9226230    374491.43
  249215.000     0.999998      9226232    436906.67
  249471.000     0.999998      9226235    524288.00
  249727.000     0.999998      9226240    582542.22
  249727.000     0.999998      9226240    655360.00
  249727.000     0.999999      9226240    748982.86
  249983.000     0.999999      9226244    873813.33
  249983.000     0.999999      9226244   1048576.00
  250111.000     0.999999      9226245   1165084.44
  250111.000     0.999999      9226245   1310720.00
  251135.000     0.999999      9226246   1497965.71
  251519.000     0.999999      9226247   1747626.67
  252031.000     1.000000      9226251   2097152.00
  252031.000     1.000000      9226251   2330168.89
  252031.000     1.000000      9226251   2621440.00
  252031.000     1.000000      9226251   2995931.43
  252031.000     1.000000      9226251   3495253.33
  252031.000     1.000000      9226251   4194304.00
  252031.000     1.000000      9226251   4660337.78
  252031.000     1.000000      9226251   5242880.00
  252031.000     1.000000      9226251   5991862.86
  252031.000     1.000000      9226251   6990506.67
  252031.000     1.000000      9226251   8388608.00
  252159.000     1.000000      9226252   9320675.55
  252159.000     1.000000      9226252          inf
#[Mean    =     8084.519, StdDeviation   =    10716.950]
#[Max     =   252159.000, Total count    =      9226252]
#[Buckets =            8, SubBuckets     =         2048]
