       Value   Percentile   TotalCount 1/(1-Percentile)

      88.000     0.000000            1         1.00
     568.000     0.100000       781841         1.11
    1531.000     0.200000      1562681         1.25
    2975.000     0.300000      2344093         1.43
    4427.000     0.400000      3124385         1.67
    5931.000     0.500000      3907353         2.00
    6619.000     0.550000      4298014         2.22
    7287.000     0.600000      4687694         2.50
    7975.000     0.650000      5078328         2.86
    8719.000     0.700000      5468725         3.33
    9583.000     0.750000      5859313         4.00
   10095.000     0.775000      6055415         4.44
   10679.000     0.800000      6249308         5.00
   11399.000     0.825000      6445165         5.71
   12343.000     0.850000      6639910         6.67
   13775.000     0.875000      6834876         8.00
   14871.000     0.887500      6932579         8.89
   16343.000     0.900000      7030045        10.00
   18191.000     0.912500      7127610        11.43
   20255.000     0.925000      7225241        13.33
   22479.000     0.937500      7323018        16.00
   23727.000     0.943750      7371548        17.78
   25167.000     0.950000      7420710        20.00
   26863.000     0.956250      7469114        22.86
   29039.000     0.962500      7517903        26.67
   31887.000     0.968750      7566782        32.00
   33631.000     0.971875      7591123        35.56
   35679.000     0.975000      7615507        40.00
   38175.000     0.978125      7640082        45.71
   41215.000     0.981250      7664527        53.33
   44959.000     0.984375      7688833        64.00
   47167.000     0.985938      7700973        71.11
   49727.000     0.987500      7713175        80.00
   52671.000     0.989062      7725435        91.43
   56063.000     0.990625      7737572       106.67
   59999.000     0.992188      7749822       128.00
   62303.000     0.992969      7755885       142.22
   64735.000     0.993750      7762028       160.00
   67711.000     0.994531      7768110       182.86
   71359.000     0.995313      7774176       213.33
   75775.000     0.996094      7780307       256.00
   78207.000     0.996484      7783375       284.44
   81215.000     0.996875      7786380       320.00
   84735.000     0.997266      7789443       365.71
   88703.000     0.997656      7792489       426.67
   93183.000     0.998047      7795528       512.00
   96447.000     0.998242      7797069       568.89
  100095.000     0.998437      7798583       640.00
  104895.000     0.998633      7800095       731.43
  110783.000     0.998828      7801627       853.33
  118655.000     0.999023      7803145      1024.00
  124479.000     0.999121      7803905      1137.78
  134015.000     0.999219      7804676      1280.00
  151295.000     0.999316      7805436      1462.86
  181631.000     0.999414      7806193      1706.67
  236671.000     0.999512      7806963      2048.00
  254847.000     0.999561      7807338      2275.56
  289535.000     0.999609      7807722      2560.00
  323327.000     0.999658      7808101      2925.71
  356863.000     0.999707      7808481      3413.33
  449791.000     0.999756      7808870      4096.00
  463871.000     0.999780      7809056      4551.11
  471295.000     0.999805      7809248      5120.00
  488959.000     0.999829      7809435      5851.43
  537599.000     0.999854      7809630      6826.67
  668159.000     0.999878      7809816      8192.00
  697343.000     0.999890      7809928      9102.22
  700927.000     0.999902      7810010     10240.00
  824831.000     0.999915      7810103     11702.86
  828415.000     0.999927      7810202     13653.33
 1410047.000     0.999939      7810295     16384.00
 1419263.000     0.999945      7810351     18204.44
 1421311.000     0.999951      7810394     20480.00
 1424383.000     0.999957      7810446     23405.71
 1426431.000     0.999963      7810485     27306.67
 1440767.000     0.999969      7810531     32768.00
 1452031.000     0.999973      7810555     36408.89
 2873343.000     0.999976      7810581     40960.00
 2889727.000     0.999979      7810607     46811.43
 2904063.000     0.999982      7810665     54613.33
 2904063.000     0.999985      7810665     65536.00
 2904063.000     0.999986      7810665     72817.78
 2906111.000     0.999988      7810696     81920.00
 2906111.000     0.999989      7810696     93622.86
 2908159.000     0.999991      7810742    109226.67
 2908159.000     0.999992      7810742    131072.00
 2908159.000     0.999993      7810742    145635.56
 2908159.000     0.999994      7810742    163840.00
 2908159.000     0.999995      7810742    187245.71
 2908159.000     0.999995      7810742    218453.33
 2908159.000     0.999996      7810742    262144.00
 2910207.000     0.999997      7810766    291271.11
 2910207.000     0.999997      7810766    327680.00
 2910207.000     0.999997      7810766    374491.43
 2910207.000     0.999998      7810766    436906.67
 2910207.000     0.999998      7810766    524288.00
 2910207.000     0.999998      7810766    582542.22
 2910207.000     0.999998      7810766    655360.00
 2910207.000     0.999999      7810766    748982.86
 2910207.000     0.999999      7810766    873813.33
 2910207.000     0.999999      7810766   1048576.00
 2910207.000     0.999999      7810766   1165084.44
 2910207.000     0.999999      7810766   1310720.00
 2910207.000     0.999999      7810766   1497965.71
 2910207.000     0.999999      7810766   1747626.67
 2910207.000     1.000000      7810766   2097152.00
 2910207.000     1.000000      7810766   2330168.89
 2912255.000     1.000000      7810769   2621440.00
 2912255.000     1.000000      7810769          inf
#[Mean    =     8385.969, StdDeviation   =    22358.748]
#[Max     =  2912255.000, Total count    =      7810769]
#[Buckets =           12, SubBuckets     =         2048]
