       Value   Percentile   TotalCount 1/(1-Percentile)

      88.000     0.000000            1         1.00
     495.000     0.100000       781588         1.11
     797.000     0.200000      1563501         1.25
    1547.000     0.300000      2343077         1.43
    2847.000     0.400000      3124352         1.67
    4367.000     0.500000      3906015         2.00
    5227.000     0.550000      4296442         2.22
    6147.000     0.600000      4685841         2.50
    7119.000     0.650000      5077376         2.86
    8143.000     0.700000      5467130         3.33
    9295.000     0.750000      5859704         4.00
    9943.000     0.775000      6053347         4.44
   10679.000     0.800000      6249311         5.00
   11519.000     0.825000      6444324         5.71
   12543.000     0.850000      6639410         6.67
   13847.000     0.875000      6834299         8.00
   14671.000     0.887500      6931687         8.89
   15647.000     0.900000      7028801        10.00
   16831.000     0.912500      7126618        11.43
   18239.000     0.925000      7224491        13.33
   19935.000     0.937500      7322042        16.00
   20927.000     0.943750      7370635        17.78
   22079.000     0.950000      7419435        20.00
   23487.000     0.956250      7468431        22.86
   25327.000     0.962500      7517011        26.67
   28015.000     0.968750      7565630        32.00
   29935.000     0.971875      7590086        35.56
   32623.000     0.975000      7614477        40.00
   36639.000     0.978125      7638901        45.71
   41663.000     0.981250      7663280        53.33
   48159.000     0.984375      7687692        64.00
   51711.000     0.985938      7699883        71.11
   55999.000     0.987500      7712100        80.00
   60703.000     0.989062      7724265        91.43
   66431.000     0.990625      7736553       106.67
   73727.000     0.992188      7748694       128.00
   78335.000     0.992969      7754834       142.22
   83839.000     0.993750      7760921       160.00
   89791.000     0.994531      7767026       182.86
   97279.000     0.995313      7773091       213.33
  106559.000     0.996094      7779180       256.00
  111999.000     0.996484      7782265       284.44
  117375.000     0.996875      7785278       320.00
  123583.000     0.997266      7788341       365.71
  129663.000     0.997656      7791402       426.67
  140031.000     0.998047      7794436       512.00
  146047.000     0.998242      7795984       568.89
  153983.000     0.998437      7797488       640.00
  161279.000     0.998633      7799006       731.43
  175359.000     0.998828      7800544       853.33
  194431.000     0.999023      7802061      1024.00
  202879.000     0.999121      7802817      1137.78
  212351.000     0.999219      7803583      1280.00
  221183.000     0.999316      7804347      1462.86
  236671.000     0.999414      7805109      1706.67
  261375.000     0.999512      7805868      2048.00
  290559.000     0.999561      7806251      2275.56
  306943.000     0.999609      7806638      2560.00
  331263.000     0.999658      7807012      2925.71
  362495.000     0.999707      7807393      3413.33
  388351.000     0.999756      7807778      4096.00
  416255.000     0.999780      7807967      4551.11
  438527.000     0.999805      7808156      5120.00
  452351.000     0.999829      7808347      5851.43
  468479.000     0.999854      7808541      6826.67
  476415.000     0.999878      7808729      8192.00
  488447.000     0.999890      7808823      9102.22
  541183.000     0.999902      7808921     10240.00
  552959.000     0.999915      7809018     11702.86
  556031.000     0.999927      7809119     13653.33
  590847.000     0.999939      7809205     16384.00
  599039.000     0.999945      7809270     18204.44
  599551.000     0.999951      7809303     20480.00
  600575.000     0.999957      7809369     23405.71
  601599.000     0.999963      7809410     27306.67
  605183.000     0.999969      7809445     32768.00
  607231.000     0.999973      7809470     36408.89
  608767.000     0.999976      7809496     40960.00
  610815.000     0.999979      7809519     46811.43
  613887.000     0.999982      7809538     54613.33
  623103.000     0.999985      7809565     65536.00
  624127.000     0.999986      7809574     72817.78
  624639.000     0.999988      7809588     81920.00
  625151.000     0.999989      7809615     93622.86
  625151.000     0.999991      7809615    109226.67
  625663.000     0.999992      7809637    131072.00
  625663.000     0.999993      7809637    145635.56
  625663.000     0.999994      7809637    163840.00
  626175.000     0.999995      7809643    187245.71
  699903.000     0.999995      7809645    218453.33
  715775.000     0.999996      7809651    262144.00
  721919.000     0.999997      7809654    291271.11
  722431.000     0.999997      7809658    327680.00
  726527.000     0.999997      7809660    374491.43
  729087.000     0.999998      7809663    436906.67
  736767.000     0.999998      7809666    524288.00
  740351.000     0.999998      7809667    582542.22
  750591.000     0.999998      7809669    655360.00
  751103.000     0.999999      7809672    748982.86
  751103.000     0.999999      7809672    873813.33
  755711.000     0.999999      7809673   1048576.00
  756223.000     0.999999      7809674   1165084.44
  759295.000     0.999999      7809675   1310720.00
  759295.000     0.999999      7809675   1497965.71
  759807.000     0.999999      7809678   1747626.67
  759807.000     1.000000      7809678   2097152.00
  759807.000     1.000000      7809678   2330168.89
  759807.000     1.000000      7809678   2621440.00
  759807.000     1.000000      7809678   2995931.43
  759807.000     1.000000      7809678   3495253.33
  760319.000     1.000000      7809679   4194304.00
  760319.000     1.000000      7809679   4660337.78
  760319.000     1.000000      7809679   5242880.00
  760319.000     1.000000      7809679   5991862.86
  760319.000     1.000000      7809679   6990506.67
  763391.000     1.000000      7809680   8388608.00
  763391.000     1.000000      7809680          inf
#[Mean    =     7677.022, StdDeviation   =    15854.878]
#[Max     =   763391.000, Total count    =      7809680]
#[Buckets =           10, SubBuckets     =         2048]
