       Value   Percentile   TotalCount 1/(1-Percentile)

     100.000     0.000000            1         1.00
     108.000     0.100000        38813         1.11
     108.000     0.200000        38813         1.25
     109.000     0.300000        59924         1.43
     114.000     0.400000        67170         1.67
     178.000     0.500000        84465         2.00
     180.000     0.550000        93396         2.22
     188.000     0.600000       100160         2.50
     205.000     0.650000       108622         2.86
     208.000     0.700000       117596         3.33
     229.000     0.750000       124821         4.00
     238.000     0.775000       130295         4.44
     240.000     0.800000       133531         5.00
     244.000     0.825000       138106         5.71
     249.000     0.850000       141576         6.67
     256.000     0.875000       145668         8.00
     259.000     0.887500       147848         8.89
     261.000     0.900000       150636        10.00
     262.000     0.912500       155054        11.43
     262.000     0.925000       155054        13.33
     263.000     0.937500       159618        16.00
     263.000     0.943750       159618        17.78
     263.000     0.950000       159618        20.00
     263.000     0.956250       159618        22.86
     264.000     0.962500       161489        26.67
     264.000     0.968750       161489        32.00
     265.000     0.971875       162171        35.56
     266.000     0.975000       162646        40.00
     267.000     0.978125       162992        45.71
     268.000     0.981250       163323        53.33
     270.000     0.984375       163999        64.00
     271.000     0.985938       164374        71.11
     271.000     0.987500       164374        80.00
     272.000     0.989062       164690        91.43
     273.000     0.990625       164928       106.67
     274.000     0.992188       165114       128.00
     275.000     0.992969       165308       142.22
     276.000     0.993750       165481       160.00
     277.000     0.994531       165651       182.86
     277.000     0.995313       165651       213.33
     278.000     0.996094       165792       256.00
     279.000     0.996484       165907       284.44
     279.000     0.996875       165907       320.00
     280.000     0.997266       165993       365.71
     281.000     0.997656       166059       426.67
     282.000     0.998047       166107       512.00
     282.000     0.998242       166107       568.89
     283.000     0.998437       166153       640.00
     284.000     0.998633       166181       731.43
     286.000     0.998828       166223       853.33
     287.000     0.999023       166240      1024.00
     289.000     0.999121       166265      1137.78
     290.000     0.999219       166279      1280.00
     291.000     0.999316       166296      1462.86
     292.000     0.999414       166303      1706.67
     296.000     0.999512       166323      2048.00
     297.000     0.999561       166327      2275.56
     302.000     0.999609       166335      2560.00
     308.000     0.999658       166343      2925.71
     329.000     0.999707       166351      3413.33
     364.000     0.999756       166359      4096.00
     401.000     0.999780       166363      4551.11
     439.000     0.999805       166367      5120.00
     446.000     0.999829       166371      5851.43
     474.000     0.999854       166376      6826.67
     559.000     0.999878       166379      8192.00
     630.000     0.999890       166381      9102.22
     671.000     0.999902       166383     10240.00
     730.000     0.999915       166385     11702.86
     748.000     0.999927       166388     13653.33
     766.000     0.999939       166389     16384.00
     800.000     0.999945       166390     18204.44
    1393.000     0.999951       166391     20480.00
    7335.000     0.999957       166392     23405.71
    9007.000     0.999963       166393     27306.67
   17295.000     0.999969       166394     32768.00
   17343.000     0.999973       166395     36408.89
   17343.000     0.999976       166395     40960.00
   17887.000     0.999979       166396     46811.43
   17887.000     0.999982       166396     54613.33
   18447.000     0.999985       166397     65536.00
   18447.000     0.999986       166397     72817.78
   18447.000     0.999988       166397     81920.00
   18495.000     0.999989       166398     93622.86
   18495.000     0.999991       166398    109226.67
   18495.000     0.999992       166398    131072.00
   18495.000     0.999993       166398    145635.56
   18495.000     0.999994       166398    163840.00
   20143.000     0.999995       166399    187245.71
   20143.000     1.000000       166399          inf
#[Mean    =      171.730, StdDeviation   =      127.527]
#[Max     =    20143.000, Total count    =       166399]
#[Buckets =            5, SubBuckets     =         2048]
