       Value   Percentile   TotalCount 1/(1-Percentile)

      41.000     0.000000            4         1.00
     930.000     0.100000      1397231         1.11
    1234.000     0.200000      2794409         1.25
    1529.000     0.300000      4190323         1.43
    1867.000     0.400000      5587390         1.67
    2323.000     0.500000      6983945         2.00
    2619.000     0.550000      7681116         2.22
    3017.000     0.600000      8379099         2.50
    3657.000     0.650000      9075647         2.86
    4951.000     0.700000      9773091         3.33
    8455.000     0.750000     10471662         4.00
   11407.000     0.775000     10820310         4.44
   15351.000     0.800000     11169762         5.00
   20223.000     0.825000     11518723         5.71
   25983.000     0.850000     11867917         6.67
   31855.000     0.875000     12216713         8.00
   35135.000     0.887500     12391544         8.89
   38847.000     0.900000     12565512        10.00
   43039.000     0.912500     12740809        11.43
   47487.000     0.925000     12914819        13.33
   52095.000     0.937500     13088967        16.00
   54335.000     0.943750     13177392        17.78
   56447.000     0.950000     13263707        20.00
   58591.000     0.956250     13351020        22.86
   60799.000     0.962500     13438487        26.67
   63167.000     0.968750     13525685        32.00
   64415.000     0.971875     13569292        35.56
   65727.000     0.975000     13612797        40.00
   67263.000     0.978125     13657719        45.71
   68927.000     0.981250     13700552        53.33
   70911.000     0.984375     13743524        64.00
   72127.000     0.985938     13766132        71.11
   73407.000     0.987500     13787574        80.00
   74879.000     0.989062     13809089        91.43
   76671.000     0.990625     13831114       106.67
   78847.000     0.992188     13852744       128.00
   80063.000     0.992969     13863439       142.22
   81471.000     0.993750     13874548       160.00
   83007.000     0.994531     13885407       182.86
   84735.000     0.995313     13896116       213.33
   86847.000     0.996094     13907186       256.00
   87999.000     0.996484     13912597       284.44
   89215.000     0.996875     13918193       320.00
   90367.000     0.997266     13923445       365.71
   91647.000     0.997656     13929057       426.67
   92927.000     0.998047     13934347       512.00
   93631.000     0.998242     13937068       568.89
   94399.000     0.998437     13939735       640.00
   95295.000     0.998633     13942511       731.43
   96319.000     0.998828     13945325       853.33
   97471.000     0.999023     13947907      1024.00
   98111.000     0.999121     13949276      1137.78
   98879.000     0.999219     13950720      1280.00
   99583.000     0.999316     13952019      1462.86
  100351.000     0.999414     13953420      1706.67
  101183.000     0.999512     13954823      2048.00
  101631.000     0.999561     13955494      2275.56
  102079.000     0.999609     13956089      2560.00
  102655.000     0.999658     13956810      2925.71
  103295.000     0.999707     13957484      3413.33
  103999.000     0.999756     13958153      4096.00
  104383.000     0.999780     13958485      4551.11
  104831.000     0.999805     13958815      5120.00
  105407.000     0.999829     13959164      5851.43
  106047.000     0.999854     13959493      6826.67
  106751.000     0.999878     13959843      8192.00
  107199.000     0.999890     13960006      9102.22
  107711.000     0.999902     13960179     10240.00
  108287.000     0.999915     13960360     11702.86
  108863.000     0.999927     13960520     13653.33
  109567.000     0.999939     13960703     16384.00
  109951.000     0.999945     13960782     18204.44
  110399.000     0.999951     13960868     20480.00
  110847.000     0.999957     13960941     23405.71
  111551.000     0.999963     13961032     27306.67
  112575.000     0.999969     13961112     32768.00
  113471.000     0.999973     13961159     36408.89
  114431.000     0.999976     13961197     40960.00
  116543.000     0.999979     13961239     46811.43
  119487.000     0.999982     13961282     54613.33
  121855.000     0.999985     13961324     65536.00
  122495.000     0.999986     13961346     72817.78
  123647.000     0.999988     13961368     81920.00
  124031.000     0.999989     13961388     93622.86
  125503.000     0.999991     13961411    109226.67
  127743.000     0.999992     13961431    131072.00
  128895.000     0.999993     13961442    145635.56
  129983.000     0.999994     13961453    163840.00
  130943.000     0.999995     13961464    187245.71
  132863.000     0.999995     13961474    218453.33
  133887.000     0.999996     13961484    262144.00
  134655.000     0.999997     13961491    291271.11
  135039.000     0.999997     13961496    327680.00
  135807.000     0.999997     13961501    374491.43
  136575.000     0.999998     13961506    436906.67
  137855.000     0.999998     13961512    524288.00
  138111.000     0.999998     13961514    582542.22
  138751.000     0.999998     13961516    655360.00
  139263.000     0.999999     13961519    748982.86
  140031.000     0.999999     13961522    873813.33
  140415.000     0.999999     13961524   1048576.00
  141951.000     0.999999     13961527   1165084.44
  141951.000     0.999999     13961527   1310720.00
  143231.000     0.999999     13961528   1497965.71
  146943.000     0.999999     13961530   1747626.67
  152959.000     1.000000     13961531   2097152.00
  159871.000     1.000000     13961532   2330168.89
  159871.000     1.000000     13961532   2621440.00
  163071.000     1.000000     13961533   2995931.43
  164479.000     1.000000     13961534   3495253.33
  164479.000     1.000000     13961534   4194304.00
  164991.000     1.000000     13961535   4660337.78
  164991.000     1.000000     13961535   5242880.00
  164991.000     1.000000     13961535   5991862.86
  167039.000     1.000000     13961536   6990506.67
  167039.000     1.000000     13961536   8388608.00
  167039.000     1.000000     13961536   9320675.55
  167039.000     1.000000     13961536  10485760.00
  167039.000     1.000000     13961536  11983725.71
  168575.000     1.000000     13961537  13981013.34
  168575.000     1.000000     13961537          inf
#[Mean    =    10663.334, StdDeviation   =    18085.919]
#[Max     =   168575.000, Total count    =     13961537]
#[Buckets =            8, SubBuckets     =         2048]
