       Value   Percentile   TotalCount 1/(1-Percentile)

     147.000     0.000000            1         1.00
     383.000     0.100000       135343         1.11
     576.000     0.200000       269399         1.25
    1421.000     0.300000       403753         1.43
    5551.000     0.400000       538511         1.67
    7715.000     0.500000       672898         2.00
    9935.000     0.550000       740210         2.22
   16863.000     0.600000       807471         2.50
   35551.000     0.650000       874794         2.86
   58687.000     0.700000       942053         3.33
   76159.000     0.750000      1009439         4.00
   85887.000     0.775000      1043021         4.44
   95551.000     0.800000      1076803         5.00
  122687.000     0.825000      1110308         5.71
  156287.000     0.850000      1144061         6.67
  173311.000     0.875000      1177626         8.00
  188287.000     0.887500      1194460         8.89
  214655.000     0.900000      1211249        10.00
  228607.000     0.912500      1228126        11.43
  238335.000     0.925000      1244972        13.33
  245631.000     0.937500      1261810        16.00
  248959.000     0.943750      1270384        17.78
  252543.000     0.950000      1278647        20.00
  257407.000     0.956250      1286966        22.86
  262911.000     0.962500      1295508        26.67
  269311.000     0.968750      1303775        32.00
  274943.000     0.971875      1307956        35.56
  286975.000     0.975000      1312199        40.00
  301055.000     0.978125      1316354        45.71
  310271.000     0.981250      1320608        53.33
  317695.000     0.984375      1324779        64.00
  320767.000     0.985938      1326905        71.11
  323583.000     0.987500      1328958        80.00
  326655.000     0.989062      1331072        91.43
  329727.000     0.990625      1333246       106.67
  333567.000     0.992188      1335348       128.00
  335871.000     0.992969      1336355       142.22
  338175.000     0.993750      1337368       160.00
  340735.000     0.994531      1338501       182.86
  343295.000     0.995313      1339530       213.33
  345855.000     0.996094      1340554       256.00
  347391.000     0.996484      1341104       284.44
  349183.000     0.996875      1341598       320.00
  351487.000     0.997266      1342107       365.71
  354559.000     0.997656      1342625       426.67
  358143.000     0.998047      1343187       512.00
  359679.000     0.998242      1343435       568.89
  361471.000     0.998437      1343694       640.00
  363263.000     0.998633      1343943       731.43
  365823.000     0.998828      1344212       853.33
  369151.000     0.999023      1344471      1024.00
  371711.000     0.999121      1344593      1137.78
  374271.000     0.999219      1344731      1280.00
  378623.000     0.999316      1344863      1462.86
  382463.000     0.999414      1344987      1706.67
  390143.000     0.999512      1345119      2048.00
  395007.000     0.999561      1345186      2275.56
  400639.000     0.999609      1345251      2560.00
  405759.000     0.999658      1345321      2925.71
  410111.000     0.999707      1345383      3413.33
  415231.000     0.999756      1345450      4096.00
  417535.000     0.999780      1345480      4551.11
  419839.000     0.999805      1345513      5120.00
  422655.000     0.999829      1345546      5851.43
  427263.000     0.999854      1345578      6826.67
  432895.000     0.999878      1345611      8192.00
  435967.000     0.999890      1345630      9102.22
  438783.000     0.999902      1345647     10240.00
  443391.000     0.999915      1345661     11702.86
  446463.000     0.999927      1345678     13653.33
  451327.000     0.999939      1345693     16384.00
  455679.000     0.999945      1345702     18204.44
  458495.000     0.999951      1345711     20480.00
  462591.000     0.999957      1345718     23405.71
  468223.000     0.999963      1345726     27306.67
  476927.000     0.999969      1345734     32768.00
  482559.000     0.999973      1345739     36408.89
  486143.000     0.999976      1345743     40960.00
  487679.000     0.999979      1345747     46811.43
  489471.000     0.999982      1345752     54613.33
  491007.000     0.999985      1345755     65536.00
  493311.000     0.999986      1345758     72817.78
  493567.000     0.999988      1345759     81920.00
  494335.000     0.999989      1345761     93622.86
  497663.000     0.999991      1345763    109226.67
  498431.000     0.999992      1345765    131072.00
  498687.000     0.999993      1345767    145635.56
  498687.000     0.999994      1345767    163840.00
  501759.000     0.999995      1345769    187245.71
  501759.000     0.999995      1345769    218453.33
  502015.000     0.999996      1345770    262144.00
  503295.000     0.999997      1345771    291271.11
  503295.000     0.999997      1345771    327680.00
  503807.000     0.999997      1345772    374491.43
  503807.000     0.999998      1345772    436906.67
  505855.000     0.999998      1345773    524288.00
  505855.000     0.999998      1345773    582542.22
  505855.000     0.999998      1345773    655360.00
  506879.000     0.999999      1345774    748982.86
  506879.000     0.999999      1345774    873813.33
  506879.000     0.999999      1345774   1048576.00
  506879.000     0.999999      1345774   1165084.44
  506879.000     0.999999      1345774   1310720.00
  507135.000     0.999999      1345775   1497965.71
  507135.000     1.000000      1345775          inf
#[Mean    =    55260.210, StdDeviation   =    85551.455]
#[Max     =   507135.000, Total count    =      1345775]
#[Buckets =            9, SubBuckets     =         2048]
