       Value   Percentile   TotalCount 1/(1-Percentile)

      38.000     0.000000            1         1.00
     444.000     0.100000      1387287         1.11
     932.000     0.200000      2774472         1.25
    1519.000     0.300000      4160588         1.43
    2413.000     0.400000      5546535         1.67
    3861.000     0.500000      6932371         2.00
    4591.000     0.550000      7626818         2.22
    5359.000     0.600000      8320259         2.50
    6259.000     0.650000      9012298         2.86
    7291.000     0.700000      9704883         3.33
    8495.000     0.750000     10400026         4.00
    9159.000     0.775000     10746824         4.44
    9855.000     0.800000     11092611         5.00
   10591.000     0.825000     11438396         5.71
   11391.000     0.850000     11785460         6.67
   12247.000     0.875000     12130034         8.00
   12703.000     0.887500     12303010         8.89
   13183.000     0.900000     12477094        10.00
   13695.000     0.912500     12651993        11.43
   14239.000     0.925000     12823041        13.33
   14839.000     0.937500     12996699        16.00
   15175.000     0.943750     13084081        17.78
   15535.000     0.950000     13170115        20.00
   15927.000     0.956250     13256563        22.86
   16367.000     0.962500     13343839        26.67
   16895.000     0.968750     13430186        32.00
   17199.000     0.971875     13473911        35.56
   17519.000     0.975000     13516215        40.00
   17887.000     0.978125     13559931        45.71
   18335.000     0.981250     13603846        53.33
   18847.000     0.984375     13646229        64.00
   19151.000     0.985938     13668601        71.11
   19471.000     0.987500     13689656        80.00
   19839.000     0.989062     13710955        91.43
   20271.000     0.990625     13732617       106.67
   20783.000     0.992188     13754340       128.00
   21071.000     0.992969     13765088       142.22
   21391.000     0.993750     13775938       160.00
   21759.000     0.994531     13786930       182.86
   22191.000     0.995313     13797847       213.33
   22687.000     0.996094     13808670       256.00
   22975.000     0.996484     13813848       284.44
   23311.000     0.996875     13819428       320.00
   23663.000     0.997266     13824600       365.71
   24111.000     0.997656     13830124       426.67
   24607.000     0.998047     13835421       512.00
   24911.000     0.998242     13838185       568.89
   25263.000     0.998437     13840917       640.00
   25679.000     0.998633     13843569       731.43
   26159.000     0.998828     13846285       853.33
   26799.000     0.999023     13848993      1024.00
   27167.000     0.999121     13850321      1137.78
   27615.000     0.999219     13851699      1280.00
   28143.000     0.999316     13853031      1462.86
   28783.000     0.999414     13854386      1706.67
   29615.000     0.999512     13855736      2048.00
   30095.000     0.999561     13856422      2275.56
   30687.000     0.999609     13857082      2560.00
   31343.000     0.999658     13857764      2925.71
   32063.000     0.999707     13858446      3413.33
   32927.000     0.999756     13859114      4096.00
   33439.000     0.999780     13859456      4551.11
   33919.000     0.999805     13859800      5120.00
   34559.000     0.999829     13860130      5851.43
   35231.000     0.999854     13860472      6826.67
   35967.000     0.999878     13860802      8192.00
   36415.000     0.999890     13860972      9102.22
   36863.000     0.999902     13861141     10240.00
   37407.000     0.999915     13861312     11702.86
   38015.000     0.999927     13861479     13653.33
   38751.000     0.999939     13861649     16384.00
   39231.000     0.999945     13861733     18204.44
   39711.000     0.999951     13861817     20480.00
   40479.000     0.999957     13861901     23405.71
   41343.000     0.999963     13861987     27306.67
   41887.000     0.999969     13862075     32768.00
   42399.000     0.999973     13862114     36408.89
   42655.000     0.999976     13862156     40960.00
   43103.000     0.999979     13862198     46811.43
   43647.000     0.999982     13862241     54613.33
   44287.000     0.999985     13862284     65536.00
   44703.000     0.999986     13862305     72817.78
   45311.000     0.999988     13862325     81920.00
   45663.000     0.999989     13862347     93622.86
   46303.000     0.999991     13862367    109226.67
   46751.000     0.999992     13862388    131072.00
   47135.000     0.999993     13862399    145635.56
   47391.000     0.999994     13862409    163840.00
   47615.000     0.999995     13862421    187245.71
   48479.000     0.999995     13862430    218453.33
   49983.000     0.999996     13862441    262144.00
   50815.000     0.999997     13862446    291271.11
   51263.000     0.999997     13862452    327680.00
   51455.000     0.999997     13862457    374491.43
   51615.000     0.999998     13862462    436906.67
   52383.000     0.999998     13862467    524288.00
   52735.000     0.999998     13862473    582542.22
   52735.000     0.999998     13862473    655360.00
   52799.000     0.999999     13862475    748982.86
   53183.000     0.999999     13862478    873813.33
   53279.000     0.999999     13862481   1048576.00
   53439.000     0.999999     13862482   1165084.44
   53663.000     0.999999     13862483   1310720.00
   53695.000     0.999999     13862486   1497965.71
   53695.000     0.999999     13862486   1747626.67
   53887.000     1.000000     13862488   2097152.00
   53887.000     1.000000     13862488   2330168.89
   53887.000     1.000000     13862488   2621440.00
   53951.000     1.000000     13862489   2995931.43
   54399.000     1.000000     13862490   3495253.33
   54399.000     1.000000     13862490   4194304.00
   54815.000     1.000000     13862491   4660337.78
   54815.000     1.000000     13862491   5242880.00
   54815.000     1.000000     13862491   5991862.86
   56223.000     1.000000     13862492   6990506.67
   56223.000     1.000000     13862492   8388608.00
   56223.000     1.000000     13862492   9320675.55
   56223.000     1.000000     13862492  10485760.00
   56223.000     1.000000     13862492  11983725.71
   57311.000     1.000000     13862493  13981013.34
   57311.000     1.000000     13862493          inf
#[Mean    =     5433.877, StdDeviation   =     5117.512]
#[Max     =    57311.000, Total count    =     13862493]
#[Buckets =            6, SubBuckets     =         2048]
