       Value   Percentile   TotalCount 1/(1-Percentile)

     232.000     0.000000            1         1.00
    1536.000     0.100000       355525         1.11
    1765.000     0.200000       708417         1.25
    2281.000     0.300000      1062758         1.43
    2653.000     0.400000      1417062         1.67
    2985.000     0.500000      1771352         2.00
    3149.000     0.550000      1947278         2.22
    3337.000     0.600000      2124896         2.50
    3537.000     0.650000      2301386         2.86
    3771.000     0.700000      2478948         3.33
    4087.000     0.750000      2655467         4.00
    4267.000     0.775000      2743613         4.44
    4439.000     0.800000      2832587         5.00
    4619.000     0.825000      2921229         5.71
    4867.000     0.850000      3009495         6.67
    5383.000     0.875000      3097054         8.00
    5755.000     0.887500      3141313         8.89
    6187.000     0.900000      3185776        10.00
    6703.000     0.912500      3229941        11.43
    7379.000     0.925000      3274088        13.33
    8271.000     0.937500      3318290        16.00
    8871.000     0.943750      3340587        17.78
    9623.000     0.950000      3362557        20.00
   10655.000     0.956250      3384714        22.86
   11999.000     0.962500      3406724        26.67
   13847.000     0.968750      3428862        32.00
   14983.000     0.971875      3439946        35.56
   16191.000     0.975000      3450965        40.00
   17631.000     0.978125      3462056        45.71
   19359.000     0.981250      3473156        53.33
   21295.000     0.984375      3484161        64.00
   22399.000     0.985938      3489709        71.11
   23631.000     0.987500      3495228        80.00
   25119.000     0.989062      3500775        91.43
   27103.000     0.990625      3506275       106.67
   29551.000     0.992188      3511794       128.00
   31055.000     0.992969      3514568       142.22
   32927.000     0.993750      3517355       160.00
   35135.000     0.994531      3520115       182.86
   38239.000     0.995313      3522859       213.33
   42207.000     0.996094      3525634       256.00
   45311.000     0.996484      3527018       284.44
   48927.000     0.996875      3528384       320.00
   54079.000     0.997266      3529766       365.71
   60415.000     0.997656      3531148       426.67
   70079.000     0.998047      3532530       512.00
   75327.000     0.998242      3533227       568.89
   81791.000     0.998437      3533920       640.00
   88703.000     0.998633      3534603       731.43
   97727.000     0.998828      3535295       853.33
  109183.000     0.999023      3535987      1024.00
  117631.000     0.999121      3536332      1137.78
  129087.000     0.999219      3536679      1280.00
  141567.000     0.999316      3537026      1462.86
  154879.000     0.999414      3537372      1706.67
  171135.000     0.999512      3537715      2048.00
  185343.000     0.999561      3537887      2275.56
  203391.000     0.999609      3538061      2560.00
  220671.000     0.999658      3538235      2925.71
  275967.000     0.999707      3538407      3413.33
  319999.000     0.999756      3538578      4096.00
  334335.000     0.999780      3538668      4551.11
  340991.000     0.999805      3538751      5120.00
  387839.000     0.999829      3538840      5851.43
  441599.000     0.999854      3538924      6826.67
  452095.000     0.999878      3539011      8192.00
  467455.000     0.999890      3539055      9102.22
  472319.000     0.999902      3539097     10240.00
  525311.000     0.999915      3539140     11702.86
  541183.000     0.999927      3539185     13653.33
  561663.000     0.999939      3539229     16384.00
  575999.000     0.999945      3539252     18204.44
  577023.000     0.999951      3539287     20480.00
  577535.000     0.999957      3539300     23405.71
  581631.000     0.999963      3539313     27306.67
  587775.000     0.999969      3539341     32768.00
  588799.000     0.999973      3539345     36408.89
  605183.000     0.999976      3539357     40960.00
  606207.000     0.999979      3539369     46811.43
  664575.000     0.999982      3539380     54613.33
  671743.000     0.999985      3539388     65536.00
  672767.000     0.999986      3539395     72817.78
  676863.000     0.999988      3539402     81920.00
  769023.000     0.999989      3539405     93622.86
  808959.000     0.999991      3539410    109226.67
  811519.000     0.999992      3539415    131072.00
  812031.000     0.999993      3539418    145635.56
  812543.000     0.999994      3539423    163840.00
  813055.000     0.999995      3539426    187245.71
  813055.000     0.999995      3539426    218453.33
  895487.000     0.999996      3539431    262144.00
  895487.000     0.999997      3539431    291271.11
  895999.000     0.999997      3539432    327680.00
  898047.000     0.999997      3539434    374491.43
  898047.000     0.999998      3539434    436906.67
  898559.000     0.999998      3539436    524288.00
  898559.000     0.999998      3539436    582542.22
  905727.000     0.999998      3539437    655360.00
  906239.000     0.999999      3539438    748982.86
  906239.000     0.999999      3539438    873813.33
  906751.000     0.999999      3539439   1048576.00
  906751.000     0.999999      3539439   1165084.44
  958975.000     0.999999      3539440   1310720.00
  958975.000     0.999999      3539440   1497965.71
  958975.000     0.999999      3539440   1747626.67
  987647.000     1.000000      3539441   2097152.00
  987647.000     1.000000      3539441   2330168.89
  987647.000     1.000000      3539441   2621440.00
  987647.000     1.000000      3539441   2995931.43
  987647.000     1.000000      3539441   3495253.33
 1006079.000     1.000000      3539442   4194304.00
 1006079.000     1.000000      3539442          inf
#[Mean    =     4228.326, StdDeviation   =    10212.816]
#[Max     =  1006079.000, Total count    =      3539442]
#[Buckets =           10, SubBuckets     =         2048]
