       Value   Percentile   TotalCount 1/(1-Percentile)

      53.000     0.000000            2         1.00
      80.000     0.100000       166318         1.11
      87.000     0.200000       341247         1.25
      92.000     0.300000       474087         1.43
      99.000     0.400000       647096         1.67
     106.000     0.500000       804999         2.00
     109.000     0.550000       867531         2.22
     114.000     0.600000       964404         2.50
     118.000     0.650000      1032923         2.86
     123.000     0.700000      1108307         3.33
     129.000     0.750000      1184633         4.00
     133.000     0.775000      1228406         4.44
     137.000     0.800000      1266998         5.00
     141.000     0.825000      1301550         5.71
     147.000     0.850000      1346199         6.67
     153.000     0.875000      1383615         8.00
     156.000     0.887500      1399726         8.89
     161.000     0.900000      1423449        10.00
     165.000     0.912500      1439783        11.43
     171.000     0.925000      1460843        13.33
     178.000     0.937500      1480375        16.00
     182.000     0.943750      1489939        17.78
     186.000     0.950000      1497995        20.00
     192.000     0.956250      1508151        22.86
     200.000     0.962500      1518528        26.67
     210.000     0.968750      1528072        32.00
     216.000     0.971875      1532833        35.56
     223.000     0.975000      1537413        40.00
     232.000     0.978125      1542235        45.71
     244.000     0.981250      1547241        53.33
     261.000     0.984375      1552220        64.00
     272.000     0.985938      1554551        71.11
     288.000     0.987500      1557089        80.00
     312.000     0.989062      1559460        91.43
     361.000     0.990625      1561916       106.67
     438.000     0.992188      1564382       128.00
     470.000     0.992969      1565635       142.22
     498.000     0.993750      1566841       160.00
     527.000     0.994531      1568074       182.86
     561.000     0.995313      1569313       213.33
     610.000     0.996094      1570549       256.00
     643.000     0.996484      1571162       284.44
     676.000     0.996875      1571784       320.00
     708.000     0.997266      1572385       365.71
     745.000     0.997656      1573009       426.67
     787.000     0.998047      1573619       512.00
     819.000     0.998242      1573926       568.89
     853.000     0.998437      1574232       640.00
     886.000     0.998633      1574540       731.43
     918.000     0.998828      1574850       853.33
     951.000     0.999023      1575158      1024.00
     969.000     0.999121      1575314      1137.78
     992.000     0.999219      1575469      1280.00
    1017.000     0.999316      1575622      1462.86
    1048.000     0.999414      1575776      1706.67
    1083.000     0.999512      1575928      2048.00
    1102.000     0.999561      1576002      2275.56
    1118.000     0.999609      1576080      2560.00
    1141.000     0.999658      1576160      2925.71
    1167.000     0.999707      1576235      3413.33
    1210.000     0.999756      1576312      4096.00
    1234.000     0.999780      1576349      4551.11
    1252.000     0.999805      1576388      5120.00
    1272.000     0.999829      1576425      5851.43
    1304.000     0.999854      1576464      6826.67
    1338.000     0.999878      1576504      8192.00
    1365.000     0.999890      1576522      9102.22
    1386.000     0.999902      1576541     10240.00
    1414.000     0.999915      1576560     11702.86
    1436.000     0.999927      1576580     13653.33
    1460.000     0.999939      1576599     16384.00
    1474.000     0.999945      1576608     18204.44
    1482.000     0.999951      1576618     20480.00
    1494.000     0.999957      1576627     23405.71
    1518.000     0.999963      1576639     27306.67
    1548.000     0.999969      1576646     32768.00
    1566.000     0.999973      1576652     36408.89
    1582.000     0.999976      1576657     40960.00
    1603.000     0.999979      1576661     46811.43
    1638.000     0.999982      1576666     54613.33
    1657.000     0.999985      1576670     65536.00
    1668.000     0.999986      1576674     72817.78
    1679.000     0.999988      1576675     81920.00
    1688.000     0.999989      1576678     93622.86
    1721.000     0.999991      1576680    109226.67
    1729.000     0.999992      1576682    131072.00
    1740.000     0.999993      1576684    145635.56
    1754.000     0.999994      1576685    163840.00
    1772.000     0.999995      1576686    187245.71
    1846.000     0.999995      1576687    218453.33
    1965.000     0.999996      1576688    262144.00
    2034.000     0.999997      1576689    291271.11
    2231.000     0.999997      1576690    327680.00
    2231.000     0.999997      1576690    374491.43
    2261.000     0.999998      1576691    436906.67
    2261.000     0.999998      1576691    524288.00
    2431.000     0.999998      1576692    582542.22
    2431.000     0.999998      1576692    655360.00
    2431.000     0.999999      1576692    748982.86
    2969.000     0.999999      1576693    873813.33
    2969.000     0.999999      1576693   1048576.00
    2969.000     0.999999      1576693   1165084.44
    2969.000     0.999999      1576693   1310720.00
    2969.000     0.999999      1576693   1497965.71
    3089.000     0.999999      1576694   1747626.67
    3089.000     1.000000      1576694          inf
#[Mean    =      118.620, StdDeviation   =       65.153]
#[Max     =     3089.000, Total count    =      1576694]
#[Buckets =            2, SubBuckets     =         2048]
