       Value   Percentile   TotalCount 1/(1-Percentile)

      63.000     0.000000            1         1.00
     587.000     0.100000       791918         1.11
    1023.000     0.200000      1580405         1.25
    1777.000     0.300000      2370251         1.43
    2847.000     0.400000      3159753         1.67
    3977.000     0.500000      3950676         2.00
    4631.000     0.550000      4345851         2.22
    5423.000     0.600000      4740658         2.50
    6351.000     0.650000      5135444         2.86
    7367.000     0.700000      5529962         3.33
    8447.000     0.750000      5924780         4.00
    9031.000     0.775000      6123192         4.44
    9655.000     0.800000      6319029         5.00
   10359.000     0.825000      6517963         5.71
   11175.000     0.850000      6715113         6.67
   12183.000     0.875000      6912176         8.00
   12799.000     0.887500      7010892         8.89
   13543.000     0.900000      7108916        10.00
   14511.000     0.912500      7208188        11.43
   15823.000     0.925000      7306601        13.33
   17727.000     0.937500      7404945        16.00
   19023.000     0.943750      7454476        17.78
   20639.000     0.950000      7504073        20.00
   22543.000     0.956250      7553200        22.86
   24879.000     0.962500      7602623        26.67
   27647.000     0.968750      7651974        32.00
   29247.000     0.971875      7676692        35.56
   31023.000     0.975000      7701176        40.00
   33119.000     0.978125      7726012        45.71
   35807.000     0.981250      7750591        53.33
   39519.000     0.984375      7775297        64.00
   42079.000     0.985938      7787544        71.11
   45343.000     0.987500      7799957        80.00
   49087.000     0.989062      7812307        91.43
   54047.000     0.990625      7824590       106.67
   60383.000     0.992188      7836904       128.00
   64479.000     0.992969      7843069       142.22
   69375.000     0.993750      7849238       160.00
   74687.000     0.994531      7855410       182.86
   81535.000     0.995313      7861628       213.33
   89151.000     0.996094      7867759       256.00
   93759.000     0.996484      7870861       284.44
   99263.000     0.996875      7873948       320.00
  106175.000     0.997266      7877020       365.71
  113983.000     0.997656      7880111       426.67
  122175.000     0.998047      7883180       512.00
  127615.000     0.998242      7884727       568.89
  135039.000     0.998437      7886279       640.00
  143487.000     0.998633      7887807       731.43
  152575.000     0.998828      7889355       853.33
  165631.000     0.999023      7890892      1024.00
  173951.000     0.999121      7891673      1137.78
  181887.000     0.999219      7892444      1280.00
  194303.000     0.999316      7893206      1462.86
  208639.000     0.999414      7893979      1706.67
  229503.000     0.999512      7894748      2048.00
  244479.000     0.999561      7895133      2275.56
  264959.000     0.999609      7895520      2560.00
  272383.000     0.999658      7895911      2925.71
  296703.000     0.999707      7896291      3413.33
  310783.000     0.999756      7896676      4096.00
  325119.000     0.999780      7896870      4551.11
  338687.000     0.999805      7897065      5120.00
  341759.000     0.999829      7897257      5851.43
  344831.000     0.999854      7897454      6826.67
  347647.000     0.999878      7897642      8192.00
  354559.000     0.999890      7897744      9102.22
  356607.000     0.999902      7897837     10240.00
  359423.000     0.999915      7897937     11702.86
  377599.000     0.999927      7898028     13653.33
  385535.000     0.999939      7898126     16384.00
  386815.000     0.999945      7898175     18204.44
  489471.000     0.999951      7898219     20480.00
  497919.000     0.999957      7898274     23405.71
  499199.000     0.999963      7898315     27306.67
  500735.000     0.999969      7898364     32768.00
  502015.000     0.999973      7898390     36408.89
  615935.000     0.999976      7898412     40960.00
  635391.000     0.999979      7898437     46811.43
  645631.000     0.999982      7898461     54613.33
  664063.000     0.999985      7898484     65536.00
  674815.000     0.999986      7898497     72817.78
  676863.000     0.999988      7898513     81920.00
  677887.000     0.999989      7898521     93622.86
  678911.000     0.999991      7898533    109226.67
  680447.000     0.999992      7898547    131072.00
  681983.000     0.999993      7898551    145635.56
  683007.000     0.999994      7898560    163840.00
  683519.000     0.999995      7898562    187245.71
  684031.000     0.999995      7898573    218453.33
  684543.000     0.999996      7898583    262144.00
  684543.000     0.999997      7898583    291271.11
  684543.000     0.999997      7898583    327680.00
  684543.000     0.999997      7898583    374491.43
  685055.000     0.999998      7898593    436906.67
  685055.000     0.999998      7898593    524288.00
  685055.000     0.999998      7898593    582542.22
  685055.000     0.999998      7898593    655360.00
  685567.000     0.999999      7898603    748982.86
  685567.000     0.999999      7898603    873813.33
  685567.000     0.999999      7898603   1048576.00
  685567.000     0.999999      7898603   1165084.44
  685567.000     0.999999      7898603   1310720.00
  685567.000     0.999999      7898603   1497965.71
  685567.000     0.999999      7898603   1747626.67
  685567.000     1.000000      7898603   2097152.00
  685567.000     1.000000      7898603   2330168.89
  685567.000     1.000000      7898603   2621440.00
  685567.000     1.000000      7898603   2995931.43
  685567.000     1.000000      7898603   3495253.33
  685567.000     1.000000      7898603   4194304.00
  685567.000     1.000000      7898603   4660337.78
  685567.000     1.000000      7898603   5242880.00
  685567.000     1.000000      7898603   5991862.86
  685567.000     1.000000      7898603   6990506.67
  686079.000     1.000000      7898604   8388608.00
  686079.000     1.000000      7898604          inf
#[Mean    =     6925.097, StdDeviation   =    13330.152]
#[Max     =   686079.000, Total count    =      7898604]
#[Buckets =           10, SubBuckets     =         2048]
