       Value   Percentile   TotalCount 1/(1-Percentile)

      66.000     0.000000            2         1.00
     109.000     0.100000       123574         1.11
     119.000     0.200000       248564         1.25
     127.000     0.300000       369271         1.43
     135.000     0.400000       494009         1.67
     143.000     0.500000       617275         2.00
     147.000     0.550000       676522         2.22
     151.000     0.600000       733566         2.50
     156.000     0.650000       800471         2.86
     161.000     0.700000       859485         3.33
     166.000     0.750000       911536         4.00
     170.000     0.775000       948074         4.44
     173.000     0.800000       972538         5.00
     177.000     0.825000      1001514         5.71
     182.000     0.850000      1032357         6.67
     188.000     0.875000      1062774         8.00
     192.000     0.887500      1079486         8.89
     196.000     0.900000      1093743        10.00
     200.000     0.912500      1106377        11.43
     206.000     0.925000      1121993        13.33
     214.000     0.937500      1138013        16.00
     218.000     0.943750      1144416        17.78
     224.000     0.950000      1152282        20.00
     231.000     0.956250      1159405        22.86
     241.000     0.962500      1167099        26.67
     256.000     0.968750      1174707        32.00
     267.000     0.971875      1178445        35.56
     282.000     0.975000      1182162        40.00
     305.000     0.978125      1185832        45.71
     343.000     0.981250      1189618        53.33
     416.000     0.984375      1193359        64.00
     460.000     0.985938      1195287        71.11
     495.000     0.987500      1197186        80.00
     526.000     0.989062      1199092        91.43
     558.000     0.990625      1200944       106.67
     597.000     0.992188      1202841       128.00
     620.000     0.992969      1203809       142.22
     647.000     0.993750      1204746       160.00
     678.000     0.994531      1205690       182.86
     713.000     0.995313      1206628       213.33
     753.000     0.996094      1207566       256.00
     775.000     0.996484      1208046       284.44
     801.000     0.996875      1208529       320.00
     832.000     0.997266      1208983       365.71
     869.000     0.997656      1209459       426.67
     914.000     0.998047      1209939       512.00
     939.000     0.998242      1210170       568.89
     965.000     0.998437      1210406       640.00
     996.000     0.998633      1210646       731.43
    1037.000     0.998828      1210882       853.33
    1084.000     0.999023      1211114      1024.00
    1111.000     0.999121      1211237      1137.78
    1136.000     0.999219      1211353      1280.00
    1164.000     0.999316      1211470      1462.86
    1195.000     0.999414      1211587      1706.67
    1235.000     0.999512      1211706      2048.00
    1263.000     0.999561      1211769      2275.56
    1297.000     0.999609      1211825      2560.00
    1339.000     0.999658      1211883      2925.71
    1378.000     0.999707      1211942      3413.33
    1439.000     0.999756      1212002      4096.00
    1473.000     0.999780      1212031      4551.11
    1518.000     0.999805      1212063      5120.00
    1567.000     0.999829      1212090      5851.43
    1635.000     0.999854      1212120      6826.67
    1706.000     0.999878      1212150      8192.00
    1732.000     0.999890      1212165      9102.22
    1773.000     0.999902      1212179     10240.00
    1828.000     0.999915      1212194     11702.86
    1868.000     0.999927      1212209     13653.33
    1934.000     0.999939      1212224     16384.00
    1960.000     0.999945      1212231     18204.44
    1991.000     0.999951      1212238     20480.00
    2020.000     0.999957      1212246     23405.71
    2038.000     0.999963      1212253     27306.67
    2101.000     0.999969      1212261     32768.00
    2133.000     0.999973      1212264     36408.89
    2377.000     0.999976      1212268     40960.00
    2611.000     0.999979      1212272     46811.43
    2735.000     0.999982      1212275     54613.33
    2955.000     0.999985      1212279     65536.00
    2981.000     0.999986      1212281     72817.78
    3011.000     0.999988      1212283     81920.00
    3087.000     0.999989      1212285     93622.86
    3211.000     0.999991      1212286    109226.67
    3301.000     0.999992      1212288    131072.00
    3359.000     0.999993      1212289    145635.56
    3371.000     0.999994      1212290    163840.00
    3375.000     0.999995      1212291    187245.71
    3489.000     0.999995      1212292    218453.33
    3521.000     0.999996      1212293    262144.00
    3521.000     0.999997      1212293    291271.11
    3691.000     0.999997      1212294    327680.00
    3691.000     0.999997      1212294    374491.43
    3755.000     0.999998      1212295    436906.67
    3755.000     0.999998      1212295    524288.00
    3755.000     0.999998      1212295    582542.22
    4195.000     0.999998      1212296    655360.00
    4195.000     0.999999      1212296    748982.86
    4195.000     0.999999      1212296    873813.33
    4195.000     0.999999      1212296   1048576.00
    4195.000     0.999999      1212296   1165084.44
    4267.000     0.999999      1212297   1310720.00
    4267.000     1.000000      1212297          inf
#[Mean    =      156.071, StdDeviation   =       80.938]
#[Max     =     4267.000, Total count    =      1212297]
#[Buckets =            3, SubBuckets     =         2048]
