       Value   Percentile   TotalCount 1/(1-Percentile)

      57.000     0.000000            1         1.00
     616.000     0.100000       754897         1.11
    1164.000     0.200000      1510270         1.25
    2071.000     0.300000      2265036         1.43
    3335.000     0.400000      3019516         1.67
    4599.000     0.500000      3775042         2.00
    5403.000     0.550000      4151817         2.22
    6359.000     0.600000      4529129         2.50
    7311.000     0.650000      4907258         2.86
    8231.000     0.700000      5286141         3.33
    9183.000     0.750000      5662883         4.00
    9711.000     0.775000      5850318         4.44
   10319.000     0.800000      6039487         5.00
   11055.000     0.825000      6228439         5.71
   12023.000     0.850000      6416348         6.67
   13503.000     0.875000      6604808         8.00
   14583.000     0.887500      6698624         8.89
   16007.000     0.900000      6793139        10.00
   17807.000     0.912500      6887240        11.43
   19967.000     0.925000      6982068        13.33
   22527.000     0.937500      7076247        16.00
   24063.000     0.943750      7123252        17.78
   25871.000     0.950000      7170398        20.00
   28015.000     0.956250      7217581        22.86
   30735.000     0.962500      7264688        26.67
   34175.000     0.968750      7311737        32.00
   36287.000     0.971875      7335501        35.56
   38751.000     0.975000      7359142        40.00
   41535.000     0.978125      7382548        45.71
   44799.000     0.981250      7406129        53.33
   48735.000     0.984375      7429735        64.00
   51135.000     0.985938      7441541        71.11
   54047.000     0.987500      7453323        80.00
   57631.000     0.989062      7465054        91.43
   62111.000     0.990625      7476876       106.67
   67263.000     0.992188      7488676       128.00
   70591.000     0.992969      7494614       142.22
   74623.000     0.993750      7500426       160.00
   79359.000     0.994531      7506298       182.86
   84607.000     0.995313      7512238       213.33
   90943.000     0.996094      7518137       256.00
   94463.000     0.996484      7521052       284.44
   98239.000     0.996875      7523989       320.00
  102655.000     0.997266      7526963       365.71
  108479.000     0.997656      7529896       426.67
  115519.000     0.998047      7532851       512.00
  119359.000     0.998242      7534323       568.89
  124159.000     0.998437      7535791       640.00
  130111.000     0.998633      7537262       731.43
  137983.000     0.998828      7538741       853.33
  145279.000     0.999023      7540213      1024.00
  149887.000     0.999121      7540952      1137.78
  155007.000     0.999219      7541688      1280.00
  160895.000     0.999316      7542426      1462.86
  169215.000     0.999414      7543157      1706.67
  182015.000     0.999512      7543888      2048.00
  189439.000     0.999561      7544259      2275.56
  195327.000     0.999609      7544629      2560.00
  204159.000     0.999658      7544993      2925.71
  210943.000     0.999707      7545368      3413.33
  215807.000     0.999756      7545734      4096.00
  222079.000     0.999780      7545915      4551.11
  225663.000     0.999805      7546102      5120.00
  229759.000     0.999829      7546289      5851.43
  238719.000     0.999854      7546468      6826.67
  251391.000     0.999878      7546652      8192.00
  257535.000     0.999890      7546743      9102.22
  259583.000     0.999902      7546842     10240.00
  265983.000     0.999915      7546929     11702.86
  282111.000     0.999927      7547022     13653.33
  293887.000     0.999939      7547112     16384.00
  297983.000     0.999945      7547160     18204.44
  302847.000     0.999951      7547210     20480.00
  309503.000     0.999957      7547250     23405.71
  318975.000     0.999963      7547297     27306.67
  324351.000     0.999969      7547343     32768.00
  326399.000     0.999973      7547371     36408.89
  329215.000     0.999976      7547388     40960.00
  334079.000     0.999979      7547411     46811.43
  345599.000     0.999982      7547434     54613.33
  355071.000     0.999985      7547457     65536.00
  358399.000     0.999986      7547469     72817.78
  363775.000     0.999988      7547480     81920.00
  367359.000     0.999989      7547492     93622.86
  376575.000     0.999991      7547504    109226.67
  398079.000     0.999992      7547515    131072.00
  400895.000     0.999993      7547522    145635.56
  404223.000     0.999994      7547526    163840.00
  406271.000     0.999995      7547532    187245.71
  406783.000     0.999995      7547538    218453.33
  409599.000     0.999996      7547544    262144.00
  410367.000     0.999997      7547547    291271.11
  411391.000     0.999997      7547549    327680.00
  411903.000     0.999997      7547552    374491.43
  413183.000     0.999998      7547555    436906.67
  414207.000     0.999998      7547558    524288.00
  415743.000     0.999998      7547560    582542.22
  418559.000     0.999998      7547561    655360.00
  418815.000     0.999999      7547563    748982.86
  423679.000     0.999999      7547564    873813.33
  423935.000     0.999999      7547566   1048576.00
  423935.000     0.999999      7547566   1165084.44
  424191.000     0.999999      7547567   1310720.00
  424191.000     0.999999      7547567   1497965.71
  428287.000     0.999999      7547568   1747626.67
  433919.000     1.000000      7547569   2097152.00
  433919.000     1.000000      7547569   2330168.89
  435199.000     1.000000      7547570   2621440.00
  435199.000     1.000000      7547570   2995931.43
  435199.000     1.000000      7547570   3495253.33
  435711.000     1.000000      7547572   4194304.00
  435711.000     1.000000      7547572          inf
#[Mean    =     7839.605, StdDeviation   =    12726.124]
#[Max     =   435711.000, Total count    =      7547572]
#[Buckets =            9, SubBuckets     =         2048]
