       Value   Percentile   TotalCount 1/(1-Percentile)

      71.000     0.000000            1         1.00
     107.000     0.100000       133964         1.11
     115.000     0.200000       277409         1.25
     121.000     0.300000       422349         1.43
     126.000     0.400000       555423         1.67
     131.000     0.500000       684045         2.00
     134.000     0.550000       755308         2.22
     137.000     0.600000       820967         2.50
     140.000     0.650000       881657         2.86
     144.000     0.700000       954585         3.33
     148.000     0.750000      1018598         4.00
     150.000     0.775000      1047347         4.44
     152.000     0.800000      1073711         5.00
     155.000     0.825000      1109456         5.71
     158.000     0.850000      1140858         6.67
     162.000     0.875000      1176544         8.00
     164.000     0.887500      1191987         8.89
     166.000     0.900000      1205923        10.00
     169.000     0.912500      1224472        11.43
     172.000     0.925000      1240412        13.33
     176.000     0.937500      1258588        16.00
     178.000     0.943750      1266353        17.78
     180.000     0.950000      1273236        20.00
     183.000     0.956250      1282567        22.86
     186.000     0.962500      1290672        26.67
     189.000     0.968750      1297583        32.00
     191.000     0.971875      1301663        35.56
     194.000     0.975000      1307078        40.00
     196.000     0.978125      1310216        45.71
     199.000     0.981250      1314340        53.33
     203.000     0.984375      1318971        64.00
     205.000     0.985938      1320941        71.11
     207.000     0.987500      1322730        80.00
     210.000     0.989062      1325088        91.43
     213.000     0.990625      1327217       106.67
     216.000     0.992188      1328971       128.00
     218.000     0.992969      1329950       142.22
     221.000     0.993750      1331348       160.00
     223.000     0.994531      1332118       182.86
     226.000     0.995313      1333163       213.33
     230.000     0.996094      1334235       256.00
     232.000     0.996484      1334724       284.44
     234.000     0.996875      1335178       320.00
     237.000     0.997266      1335762       365.71
     240.000     0.997656      1336257       426.67
     244.000     0.998047      1336772       512.00
     246.000     0.998242      1337028       568.89
     248.000     0.998437      1337226       640.00
     251.000     0.998633      1337500       731.43
     255.000     0.998828      1337792       853.33
     259.000     0.999023      1338015      1024.00
     262.000     0.999121      1338178      1137.78
     265.000     0.999219      1338281      1280.00
     269.000     0.999316      1338408      1462.86
     273.000     0.999414      1338530      1706.67
     280.000     0.999512      1338657      2048.00
     285.000     0.999561      1338717      2275.56
     293.000     0.999609      1338784      2560.00
     301.000     0.999658      1338847      2925.71
     336.000     0.999707      1338912      3413.33
     820.000     0.999756      1338977      4096.00
    1326.000     0.999780      1339009      4551.11
    1590.000     0.999805      1339042      5120.00
    1858.000     0.999829      1339075      5851.43
    2687.000     0.999854      1339107      6826.67
    7123.000     0.999878      1339140      8192.00
   24207.000     0.999890      1339156      9102.22
   34079.000     0.999902      1339173     10240.00
   36543.000     0.999915      1339189     11702.86
   41439.000     0.999927      1339205     13653.33
   57951.000     0.999939      1339222     16384.00
   67775.000     0.999945      1339230     18204.44
   68671.000     0.999951      1339238     20480.00
   69311.000     0.999957      1339250     23405.71
   71487.000     0.999963      1339256     27306.67
   73855.000     0.999969      1339263     32768.00
   74239.000     0.999973      1339268     36408.89
   75327.000     0.999976      1339271     40960.00
   76095.000     0.999979      1339275     46811.43
   77055.000     0.999982      1339279     54613.33
   77631.000     0.999985      1339283     65536.00
   80703.000     0.999986      1339285     72817.78
   81407.000     0.999988      1339287     81920.00
   83327.000     0.999989      1339289     93622.86
   90111.000     0.999991      1339291    109226.67
  106879.000     0.999992      1339293    131072.00
  107199.000     0.999993      1339295    145635.56
  107199.000     0.999994      1339295    163840.00
  107263.000     0.999995      1339296    187245.71
  107903.000     0.999995      1339297    218453.33
  114623.000     0.999996      1339298    262144.00
  116927.000     0.999997      1339299    291271.11
  116927.000     0.999997      1339299    327680.00
  124991.000     0.999997      1339300    374491.43
  124991.000     0.999998      1339300    436906.67
  130879.000     0.999998      1339301    524288.00
  130879.000     0.999998      1339301    582542.22
  130879.000     0.999998      1339301    655360.00
  130943.000     0.999999      1339302    748982.86
  130943.000     0.999999      1339302    873813.33
  130943.000     0.999999      1339302   1048576.00
  130943.000     0.999999      1339302   1165084.44
  130943.000     0.999999      1339302   1310720.00
  139007.000     0.999999      1339303   1497965.71
  139007.000     1.000000      1339303          inf
#[Mean    =      141.859, StdDeviation   =      686.814]
#[Max     =   139007.000, Total count    =      1339303]
#[Buckets =            8, SubBuckets     =         2048]
