       Value   Percentile   TotalCount 1/(1-Percentile)

      76.000     0.000000            3         1.00
      81.000     0.100000        31193         1.11
      82.000     0.200000        39058         1.25
     133.000     0.300000        56169         1.43
     158.000     0.400000        74673         1.67
     161.000     0.500000        97645         2.00
     163.000     0.550000       102578         2.22
     171.000     0.600000       111948         2.50
     188.000     0.650000       122378         2.86
     190.000     0.700000       132049         3.33
     191.000     0.750000       146685         4.00
     191.000     0.775000       146685         4.44
     192.000     0.800000       158962         5.00
     192.000     0.825000       158962         5.71
     192.000     0.850000       158962         6.67
     193.000     0.875000       164272         8.00
     194.000     0.887500       166901         8.89
     195.000     0.900000       168795        10.00
     196.000     0.912500       170353        11.43
     198.000     0.925000       173485        13.33
     199.000     0.937500       175075        16.00
     200.000     0.943750       176237        17.78
     201.000     0.950000       177089        20.00
     203.000     0.956250       178479        22.86
     204.000     0.962500       179375        26.67
     206.000     0.968750       181519        32.00
     206.000     0.971875       181519        35.56
     207.000     0.975000       182429        40.00
     207.000     0.978125       182429        45.71
     208.000     0.981250       183166        53.33
     209.000     0.984375       183763        64.00
     209.000     0.985938       183763        71.11
     210.000     0.987500       184176        80.00
     211.000     0.989062       184488        91.43
     212.000     0.990625       184756       106.67
     213.000     0.992188       185014       128.00
     214.000     0.992969       185246       142.22
     214.000     0.993750       185246       160.00
     215.000     0.994531       185417       182.86
     216.000     0.995313       185567       213.33
     217.000     0.996094       185678       256.00
     218.000     0.996484       185755       284.44
     219.000     0.996875       185830       320.00
     219.000     0.997266       185830       365.71
     221.000     0.997656       185951       426.67
     222.000     0.998047       185998       512.00
     223.000     0.998242       186041       568.89
     224.000     0.998437       186080       640.00
     225.000     0.998633       186106       731.43
     226.000     0.998828       186126       853.33
     228.000     0.999023       186163      1024.00
     229.000     0.999121       186176      1137.78
     231.000     0.999219       186205      1280.00
     232.000     0.999316       186216      1462.86
     234.000     0.999414       186239      1706.67
     236.000     0.999512       186249      2048.00
     239.000     0.999561       186261      2275.56
     241.000     0.999609       186267      2560.00
     245.000     0.999658       186276      2925.71
     251.000     0.999707       186285      3413.33
     262.000     0.999756       186294      4096.00
     275.000     0.999780       186299      4551.11
     310.000     0.999805       186303      5120.00
     324.000     0.999829       186308      5851.43
     435.000     0.999854       186312      6826.67
     491.000     0.999878       186317      8192.00
     520.000     0.999890       186319      9102.22
     543.000     0.999902       186321     10240.00
     604.000     0.999915       186324     11702.86
     633.000     0.999927       186326     13653.33
     707.000     0.999939       186328     16384.00
     717.000     0.999945       186329     18204.44
     780.000     0.999951       186330     20480.00
     812.000     0.999957       186332     23405.71
     857.000     0.999963       186333     27306.67
     904.000     0.999969       186334     32768.00
     904.000     0.999973       186334     36408.89
   18111.000     0.999976       186335     40960.00
   18351.000     0.999979       186336     46811.43
   18351.000     0.999982       186336     54613.33
   18495.000     0.999985       186337     65536.00
   18495.000     0.999986       186337     72817.78
   18495.000     0.999988       186337     81920.00
   18607.000     0.999989       186338     93622.86
   18607.000     0.999991       186338    109226.67
   18607.000     0.999992       186338    131072.00
   18607.000     0.999993       186338    145635.56
   18607.000     0.999994       186338    163840.00
   19039.000     0.999995       186339    187245.71
   19039.000     1.000000       186339          inf
#[Mean    =      151.776, StdDeviation   =      105.125]
#[Max     =    19039.000, Total count    =       186339]
#[Buckets =            5, SubBuckets     =         2048]
