       Value   Percentile   TotalCount 1/(1-Percentile)

      55.000     0.000000            1         1.00
     479.000     0.100000      1158965         1.11
     602.000     0.200000      2317814         1.25
     726.000     0.300000      3468684         1.43
     882.000     0.400000      4621764         1.67
    1141.000     0.500000      5773447         2.00
    1401.000     0.550000      6349364         2.22
    1788.000     0.600000      6926382         2.50
    2159.000     0.650000      7503525         2.86
    2501.000     0.700000      8081196         3.33
    2867.000     0.750000      8659695         4.00
    3065.000     0.775000      8948854         4.44
    3263.000     0.800000      9236792         5.00
    3469.000     0.825000      9525366         5.71
    3699.000     0.850000      9813673         6.67
    3971.000     0.875000     10100980         8.00
    4139.000     0.887500     10245945         8.89
    4339.000     0.900000     10390525        10.00
    4591.000     0.912500     10534861        11.43
    4971.000     0.925000     10677952        13.33
    6107.000     0.937500     10822169        16.00
    7123.000     0.943750     10894156        17.78
    8207.000     0.950000     10966410        20.00
    9279.000     0.956250     11038557        22.86
   10495.000     0.962500     11110929        26.67
   12055.000     0.968750     11182758        32.00
   13071.000     0.971875     11218963        35.56
   15511.000     0.975000     11254849        40.00
   25039.000     0.978125     11290908        45.71
   42911.000     0.981250     11327009        53.33
   68927.000     0.984375     11363082        64.00
   83455.000     0.985938     11381170        71.11
   99263.000     0.987500     11399129        80.00
  120767.000     0.989062     11417175        91.43
  142463.000     0.990625     11435256       106.67
  166399.000     0.992188     11453242       128.00
  174207.000     0.992969     11462437       142.22
  178815.000     0.993750     11471339       160.00
  184063.000     0.994531     11480315       182.86
  187903.000     0.995313     11489427       213.33
  189951.000     0.996094     11498725       256.00
  190463.000     0.996484     11502848       284.44
  190975.000     0.996875     11507704       320.00
  191615.000     0.997266     11512469       365.71
  192255.000     0.997656     11516481       426.67
  193151.000     0.998047     11520928       512.00
  193791.000     0.998242     11523278       568.89
  194687.000     0.998437     11525592       640.00
  195839.000     0.998633     11527648       731.43
  197503.000     0.998828     11529971       853.33
  201343.000     0.999023     11532168      1024.00
  203647.000     0.999121     11533324      1137.78
  206335.000     0.999219     11534403      1280.00
  212351.000     0.999316     11535533      1462.86
  223615.000     0.999414     11536649      1706.67
  262911.000     0.999512     11537774      2048.00
  271615.000     0.999561     11538372      2275.56
  291583.000     0.999609     11538901      2560.00
  319487.000     0.999658     11539483      2925.71
  340991.000     0.999707     11540032      3413.33
  367871.000     0.999756     11540603      4096.00
  376575.000     0.999780     11540905      4551.11
  378367.000     0.999805     11541167      5120.00
  379647.000     0.999829     11541459      5851.43
  380415.000     0.999854     11541789      6826.67
  381695.000     0.999878     11542030      8192.00
  385535.000     0.999890     11542144      9102.22
  388351.000     0.999902     11542296     10240.00
  390399.000     0.999915     11542425     11702.86
  394239.000     0.999927     11542565     13653.33
  405247.000     0.999939     11542706     16384.00
  419839.000     0.999945     11542776     18204.44
  421887.000     0.999951     11542868     20480.00
  422399.000     0.999957     11542921     23405.71
  439551.000     0.999963     11542994     27306.67
  440319.000     0.999969     11543064     32768.00
  494591.000     0.999973     11543096     36408.89
  495871.000     0.999976     11543133     40960.00
  496895.000     0.999979     11543163     46811.43
  577535.000     0.999982     11543200     54613.33
  579583.000     0.999985     11543236     65536.00
  581119.000     0.999986     11543299     72817.78
  581119.000     0.999988     11543299     81920.00
  581119.000     0.999989     11543299     93622.86
  581631.000     0.999991     11543388    109226.67
  581631.000     0.999992     11543388    131072.00
  581631.000     0.999993     11543388    145635.56
  581631.000     0.999994     11543388    163840.00
  581631.000     0.999995     11543388    187245.71
  581631.000     0.999995     11543388    218453.33
  581631.000     0.999996     11543388    262144.00
  581631.000     0.999997     11543388    291271.11
  581631.000     0.999997     11543388    327680.00
  581631.000     0.999997     11543388    374491.43
  581631.000     0.999998     11543388    436906.67
  581631.000     0.999998     11543388    524288.00
  582143.000     0.999998     11543408    582542.22
  582143.000     0.999998     11543408    655360.00
  582143.000     0.999999     11543408    748982.86
  582143.000     0.999999     11543408    873813.33
  582143.000     0.999999     11543408   1048576.00
  582143.000     0.999999     11543408   1165084.44
  582143.000     0.999999     11543408   1310720.00
  582143.000     0.999999     11543408   1497965.71
  582143.000     0.999999     11543408   1747626.67
  582143.000     1.000000     11543408   2097152.00
  582143.000     1.000000     11543408   2330168.89
  582143.000     1.000000     11543408   2621440.00
  582143.000     1.000000     11543408   2995931.43
  582143.000     1.000000     11543408   3495253.33
  582143.000     1.000000     11543408   4194304.00
  582143.000     1.000000     11543408   4660337.78
  582143.000     1.000000     11543408   5242880.00
  582143.000     1.000000     11543408   5991862.86
  582143.000     1.000000     11543408   6990506.67
  582143.000     1.000000     11543408   8388608.00
  582143.000     1.000000     11543408   9320675.55
  582143.000     1.000000     11543408  10485760.00
  582655.000     1.000000     11543409  11983725.71
  582655.000     1.000000     11543409          inf
#[Mean    =     4664.043, StdDeviation   =    20726.584]
#[Max     =   582655.000, Total count    =     11543409]
#[Buckets =           10, SubBuckets     =         2048]
