       Value   Percentile   TotalCount 1/(1-Percentile)

    5299.000     0.000000            2         1.00
   11119.000     0.100000        82063         1.11
   11319.000     0.200000       163250         1.25
   11463.000     0.300000       245098         1.43
   11599.000     0.400000       325853         1.67
   11751.000     0.500000       409360         2.00
   11839.000     0.550000       448912         2.22
   11935.000     0.600000       487283         2.50
   12063.000     0.650000       527722         2.86
   12255.000     0.700000       568626         3.33
   12575.000     0.750000       609125         4.00
   12823.000     0.775000       629211         4.44
   13111.000     0.800000       649810         5.00
   13415.000     0.825000       670100         5.71
   13711.000     0.850000       690113         6.67
   14031.000     0.875000       710744         8.00
   14191.000     0.887500       720960         8.89
   14351.000     0.900000       730900        10.00
   14511.000     0.912500       741273        11.43
   14687.000     0.925000       751157        13.33
   14863.000     0.937500       761284        16.00
   14951.000     0.943750       766245        17.78
   15047.000     0.950000       771441        20.00
   15167.000     0.956250       776510        22.86
   15311.000     0.962500       781447        26.67
   15487.000     0.968750       786511        32.00
   15615.000     0.971875       789157        35.56
   15767.000     0.975000       791593        40.00
   15951.000     0.978125       794184        45.71
   16159.000     0.981250       796720        53.33
   16367.000     0.984375       799212        64.00
   16511.000     0.985938       800479        71.11
   16687.000     0.987500       801826        80.00
   16911.000     0.989062       803006        91.43
   17215.000     0.990625       804278       106.67
   17679.000     0.992188       805578       128.00
   17983.000     0.992969       806173       142.22
   18415.000     0.993750       806815       160.00
   18831.000     0.994531       807445       182.86
   19391.000     0.995313       808074       213.33
   20015.000     0.996094       808726       256.00
   20335.000     0.996484       809051       284.44
   21119.000     0.996875       809344       320.00
   21599.000     0.997266       809670       365.71
   22127.000     0.997656       809978       426.67
   22767.000     0.998047       810303       512.00
   23087.000     0.998242       810457       568.89
   24111.000     0.998437       810620       640.00
   24575.000     0.998633       810780       731.43
   25007.000     0.998828       810930       853.33
   25503.000     0.999023       811102      1024.00
   25711.000     0.999121       811168      1137.78
   26031.000     0.999219       811245      1280.00
   26671.000     0.999316       811327      1462.86
   27551.000     0.999414       811404      1706.67
   27887.000     0.999512       811489      2048.00
   27951.000     0.999561       811524      2275.56
   28047.000     0.999609       811563      2560.00
   29039.000     0.999658       811604      2925.71
   30047.000     0.999707       811642      3413.33
   30543.000     0.999756       811683      4096.00
   30655.000     0.999780       811701      4551.11
   30991.000     0.999805       811722      5120.00
   31119.000     0.999829       811741      5851.43
   31583.000     0.999854       811762      6826.67
   31679.000     0.999878       811780      8192.00
   31727.000     0.999890       811790      9102.22
   31791.000     0.999902       811800     10240.00
   31983.000     0.999915       811810     11702.86
   32575.000     0.999927       811822     13653.33
   34783.000     0.999939       811842     16384.00
   34783.000     0.999945       811842     18204.44
   34783.000     0.999951       811842     20480.00
   34815.000     0.999957       811857     23405.71
   34815.000     0.999963       811857     27306.67
   34815.000     0.999969       811857     32768.00
   34815.000     0.999973       811857     36408.89
   34847.000     0.999976       811861     40960.00
   44767.000     0.999979       811864     46811.43
   44799.000     0.999982       811866     54613.33
   46239.000     0.999985       811869     65536.00
   46239.000     0.999986       811869     72817.78
   46303.000     0.999988       811872     81920.00
   46303.000     0.999989       811872     93622.86
   46303.000     0.999991       811872    109226.67
   46335.000     0.999992       811875    131072.00
   46335.000     0.999993       811875    145635.56
   46335.000     0.999994       811875    163840.00
   46335.000     0.999995       811875    187245.71
   46367.000     0.999995       811878    218453.33
   46367.000     0.999996       811878    262144.00
   46367.000     0.999997       811878    291271.11
   46367.000     0.999997       811878    327680.00
   46367.000     0.999997       811878    374491.43
   46367.000     0.999998       811878    436906.67
   46367.000     0.999998       811878    524288.00
   46367.000     0.999998       811878    582542.22
   46367.000     0.999998       811878    655360.00
   46367.000     0.999999       811878    748982.86
   46399.000     0.999999       811879    873813.33
   46399.000     1.000000       811879          inf
#[Mean    =    12262.558, StdDeviation   =     1517.102]
#[Max     =    46399.000, Total count    =       811879]
#[Buckets =            6, SubBuckets     =         2048]
