       Value   Percentile   TotalCount 1/(1-Percentile)

    1277.000     0.000000            1         1.00
    8903.000     0.100000       111242         1.11
    9031.000     0.200000       224308         1.25
    9103.000     0.300000       338139         1.43
    9151.000     0.400000       436613         1.67
    9199.000     0.500000       548040         2.00
    9223.000     0.550000       604680         2.22
    9247.000     0.600000       661073         2.50
    9271.000     0.650000       712093         2.86
    9303.000     0.700000       770091         3.33
    9335.000     0.750000       820330         4.00
    9351.000     0.775000       842701         4.44
    9375.000     0.800000       871034         5.00
    9407.000     0.825000       903514         5.71
    9431.000     0.850000       926852         6.67
    9463.000     0.875000       953594         8.00
    9479.000     0.887500       965343         8.89
    9503.000     0.900000       980761        10.00
    9527.000     0.912500       994391        11.43
    9551.000     0.925000      1005703        13.33
    9591.000     0.937500      1020649        16.00
    9607.000     0.943750      1025951        17.78
    9631.000     0.950000      1033229        20.00
    9655.000     0.956250      1039134        22.86
    9687.000     0.962500      1046055        26.67
    9719.000     0.968750      1052556        32.00
    9751.000     0.971875      1056838        35.56
    9783.000     0.975000      1059923        40.00
    9831.000     0.978125      1062948        45.71
    9959.000     0.981250      1066144        53.33
   11543.000     0.984375      1069525        64.00
   11767.000     0.985938      1071239        71.11
   11895.000     0.987500      1072971        80.00
   12007.000     0.989062      1074666        91.43
   12095.000     0.990625      1076380       106.67
   12191.000     0.992188      1078048       128.00
   12239.000     0.992969      1078846       142.22
   12287.000     0.993750      1079733       160.00
   12343.000     0.994531      1080596       182.86
   12375.000     0.995313      1081588       213.33
   12415.000     0.996094      1082309       256.00
   12431.000     0.996484      1082750       284.44
   12455.000     0.996875      1083138       320.00
   12495.000     0.997266      1083547       365.71
   12527.000     0.997656      1084016       426.67
   12559.000     0.998047      1084549       512.00
   12567.000     0.998242      1084700       568.89
   12575.000     0.998437      1084787       640.00
   12591.000     0.998633      1085052       731.43
   12607.000     0.998828      1085335       853.33
   12615.000     0.999023      1085420      1024.00
   12631.000     0.999121      1085592      1137.78
   12639.000     0.999219      1085649      1280.00
   12687.000     0.999316      1085741      1462.86
   12727.000     0.999414      1085854      1706.67
   12751.000     0.999512      1085965      2048.00
   12799.000     0.999561      1086016      2275.56
   12895.000     0.999609      1086058      2560.00
   13127.000     0.999658      1086116      2925.71
   13135.000     0.999707      1086161      3413.33
   14623.000     0.999756      1086218      4096.00
   14879.000     0.999780      1086250      4551.11
   14919.000     0.999805      1086276      5120.00
   14927.000     0.999829      1086293      5851.43
   14943.000     0.999854      1086323      6826.67
   14975.000     0.999878      1086367      8192.00
   14975.000     0.999890      1086367      9102.22
   14983.000     0.999902      1086383     10240.00
   14991.000     0.999915      1086397     11702.86
   14999.000     0.999927      1086399     13653.33
   15007.000     0.999939      1086415     16384.00
   15063.000     0.999945      1086426     18204.44
   15063.000     0.999951      1086426     20480.00
   15071.000     0.999957      1086436     23405.71
   15079.000     0.999963      1086443     27306.67
   15087.000     0.999969      1086457     32768.00
   15087.000     0.999973      1086457     36408.89
   15087.000     0.999976      1086457     40960.00
   15087.000     0.999979      1086457     46811.43
   15095.000     0.999982      1086461     54613.33
   15103.000     0.999985      1086475     65536.00
   15103.000     0.999986      1086475     72817.78
   15103.000     0.999988      1086475     81920.00
   15103.000     0.999989      1086475     93622.86
   15103.000     0.999991      1086475    109226.67
   15103.000     0.999992      1086475    131072.00
   15103.000     0.999993      1086475    145635.56
   15103.000     0.999994      1086475    163840.00
   15103.000     0.999995      1086475    187245.71
   15103.000     0.999995      1086475    218453.33
   15103.000     0.999996      1086475    262144.00
   15103.000     0.999997      1086475    291271.11
   15103.000     0.999997      1086475    327680.00
   15111.000     0.999997      1086477    374491.43
   15111.000     0.999998      1086477    436906.67
   15111.000     0.999998      1086477    524288.00
   15111.000     0.999998      1086477    582542.22
   15111.000     0.999998      1086477    655360.00
   15111.000     0.999999      1086477    748982.86
   15111.000     0.999999      1086477    873813.33
   15111.000     0.999999      1086477   1048576.00
   15119.000     0.999999      1086478   1165084.44
   15119.000     1.000000      1086478          inf
#[Mean    =     9201.093, StdDeviation   =      559.457]
#[Max     =    15119.000, Total count    =      1086478]
#[Buckets =            4, SubBuckets     =         2048]
