       Value   Percentile   TotalCount 1/(1-Percentile)

     125.000     0.000000            1         1.00
     695.000     0.100000       338067         1.11
    1086.000     0.200000       676228         1.25
    1685.000     0.300000      1014523         1.43
    2781.000     0.400000      1352395         1.67
    4911.000     0.500000      1690622         2.00
    6799.000     0.550000      1859570         2.22
    9615.000     0.600000      2028440         2.50
   13399.000     0.650000      2197580         2.86
   18047.000     0.700000      2366598         3.33
   23231.000     0.750000      2535787         4.00
   25999.000     0.775000      2620288         4.44
   29103.000     0.800000      2704677         5.00
   32543.000     0.825000      2789209         5.71
   36479.000     0.850000      2873922         6.67
   41247.000     0.875000      2958115         8.00
   44159.000     0.887500      3000405         8.89
   47519.000     0.900000      3042518        10.00
   51743.000     0.912500      3084944        11.43
   56927.000     0.925000      3127105        13.33
   64063.000     0.937500      3169220        16.00
   69375.000     0.943750      3190378        17.78
   76351.000     0.950000      3211637        20.00
   86527.000     0.956250      3232632        22.86
  106111.000     0.962500      3253750        26.67
  133503.000     0.968750      3274890        32.00
  147327.000     0.971875      3285457        35.56
  164095.000     0.975000      3296040        40.00
  188287.000     0.978125      3306557        45.71
  225407.000     0.981250      3317132        53.33
  251647.000     0.984375      3327691        64.00
  260479.000     0.985938      3333040        71.11
  269567.000     0.987500      3338247        80.00
  278271.000     0.989062      3343660        91.43
  286719.000     0.990625      3348823       106.67
  299007.000     0.992188      3354159       128.00
  305407.000     0.992969      3356791       142.22
  313599.000     0.993750      3359381       160.00
  323839.000     0.994531      3362041       182.86
  339199.000     0.995313      3364649       213.33
  359423.000     0.996094      3367307       256.00
  369151.000     0.996484      3368619       284.44
  379135.000     0.996875      3369942       320.00
  390143.000     0.997266      3371260       365.71
  403711.000     0.997656      3372582       426.67
  419583.000     0.998047      3373894       512.00
  432639.000     0.998242      3374561       568.89
  453631.000     0.998437      3375212       640.00
  484095.000     0.998633      3375876       731.43
  511999.000     0.998828      3376533       853.33
  533503.000     0.999023      3377206      1024.00
  544255.000     0.999121      3377526      1137.78
  559615.000     0.999219      3377855      1280.00
  575999.000     0.999316      3378184      1462.86
  605695.000     0.999414      3378517      1706.67
  632831.000     0.999512      3378853      2048.00
  642559.000     0.999561      3379013      2275.56
  657407.000     0.999609      3379176      2560.00
  674303.000     0.999658      3379342      2925.71
  693759.000     0.999707      3379504      3413.33
  708607.000     0.999756      3379674      4096.00
  713727.000     0.999780      3379753      4551.11
  720895.000     0.999805      3379846      5120.00
  727551.000     0.999829      3379926      5851.43
  735743.000     0.999854      3379999      6826.67
  745471.000     0.999878      3380084      8192.00
  753663.000     0.999890      3380126      9102.22
  761855.000     0.999902      3380164     10240.00
  775679.000     0.999915      3380206     11702.86
  792575.000     0.999927      3380247     13653.33
  809983.000     0.999939      3380290     16384.00
  815103.000     0.999945      3380309     18204.44
  825855.000     0.999951      3380329     20480.00
  844287.000     0.999957      3380351     23405.71
  863231.000     0.999963      3380371     27306.67
  880127.000     0.999969      3380391     32768.00
  885759.000     0.999973      3380402     36408.89
  894463.000     0.999976      3380412     40960.00
  898559.000     0.999979      3380422     46811.43
  903679.000     0.999982      3380434     54613.33
  906751.000     0.999985      3380444     65536.00
  912895.000     0.999986      3380448     72817.78
  918015.000     0.999988      3380453     81920.00
  920063.000     0.999989      3380458     93622.86
  923135.000     0.999991      3380465    109226.67
  926207.000     0.999992      3380470    131072.00
  927231.000     0.999993      3380472    145635.56
  927743.000     0.999994      3380474    163840.00
  928255.000     0.999995      3380476    187245.71
  931327.000     0.999995      3380479    218453.33
  934399.000     0.999996      3380482    262144.00
  935423.000     0.999997      3380484    291271.11
  935423.000     0.999997      3380484    327680.00
  935935.000     0.999997      3380485    374491.43
  937471.000     0.999998      3380487    436906.67
  937983.000     0.999998      3380488    524288.00
  938495.000     0.999998      3380489    582542.22
  938495.000     0.999998      3380489    655360.00
  939519.000     0.999999      3380491    748982.86
  939519.000     0.999999      3380491    873813.33
  939519.000     0.999999      3380491   1048576.00
  940031.000     0.999999      3380492   1165084.44
  940031.000     0.999999      3380492   1310720.00
  940031.000     0.999999      3380492   1497965.71
  960511.000     0.999999      3380493   1747626.67
  960511.000     1.000000      3380493   2097152.00
  960511.000     1.000000      3380493   2330168.89
  960511.000     1.000000      3380493   2621440.00
  960511.000     1.000000      3380493   2995931.43
  961535.000     1.000000      3380494   3495253.33
  961535.000     1.000000      3380494          inf
#[Mean    =    21830.725, StdDeviation   =    50733.579]
#[Max     =   961535.000, Total count    =      3380494]
#[Buckets =           10, SubBuckets     =         2048]
