       Value   Percentile   TotalCount 1/(1-Percentile)

      44.000     0.000000            1         1.00
     186.000     0.100000      1278888         1.11
     266.000     0.200000      2535277         1.25
     350.000     0.300000      3803714         1.43
     458.000     0.400000      5074541         1.67
     610.000     0.500000      6339880         2.00
     709.000     0.550000      6968244         2.22
     836.000     0.600000      7602075         2.50
     999.000     0.650000      8234959         2.86
    1230.000     0.700000      8868927         3.33
    1558.000     0.750000      9501840         4.00
    1764.000     0.775000      9818836         4.44
    1992.000     0.800000     10135106         5.00
    2263.000     0.825000     10452610         5.71
    2627.000     0.850000     10769116         6.67
    3215.000     0.875000     11085383         8.00
    3581.000     0.887500     11244182         8.89
    3977.000     0.900000     11401985        10.00
    4427.000     0.912500     11561156        11.43
    4979.000     0.925000     11719004        13.33
    5739.000     0.937500     11876933        16.00
    6339.000     0.943750     11956115        17.78
    7539.000     0.950000     12035225        20.00
    9479.000     0.956250     12114468        22.86
   12095.000     0.962500     12193536        26.67
   15879.000     0.968750     12272751        32.00
   18383.000     0.971875     12312362        35.56
   21663.000     0.975000     12351916        40.00
   26655.000     0.978125     12391458        45.71
   34975.000     0.981250     12431056        53.33
   48863.000     0.984375     12470651        64.00
   59583.000     0.985938     12490465        71.11
   75327.000     0.987500     12510240        80.00
   90623.000     0.989062     12530015        91.43
  105791.000     0.990625     12549820       106.67
  122559.000     0.992188     12569638       128.00
  135679.000     0.992969     12579512       142.22
  148735.000     0.993750     12589438       160.00
  160767.000     0.994531     12599314       182.86
  172799.000     0.995313     12609258       213.33
  181375.000     0.996094     12619179       256.00
  184831.000     0.996484     12624128       284.44
  187391.000     0.996875     12629200       320.00
  189055.000     0.997266     12634032       365.71
  190975.000     0.997656     12638959       426.67
  193407.000     0.998047     12644000       512.00
  195711.000     0.998242     12646361       568.89
  200959.000     0.998437     12648791       640.00
  210175.000     0.998633     12651287       731.43
  221311.000     0.998828     12653769       853.33
  231423.000     0.999023     12656204      1024.00
  239615.000     0.999121     12657453      1137.78
  251263.000     0.999219     12658679      1280.00
  265471.000     0.999316     12659935      1462.86
  280063.000     0.999414     12661161      1706.67
  295679.000     0.999512     12662395      2048.00
  306431.000     0.999561     12663012      2275.56
  316927.000     0.999609     12663638      2560.00
  337919.000     0.999658     12664245      2925.71
  351487.000     0.999707     12664866      3413.33
  363775.000     0.999756     12665490      4096.00
  368639.000     0.999780     12665795      4551.11
  372991.000     0.999805     12666153      5120.00
  373759.000     0.999829     12666429      5851.43
  380671.000     0.999854     12666727      6826.67
  386303.000     0.999878     12667035      8192.00
  395263.000     0.999890     12667204      9102.22
  396543.000     0.999902     12667366     10240.00
  400895.000     0.999915     12667497     11702.86
  439039.000     0.999927     12667658     13653.33
  444671.000     0.999939     12667816     16384.00
  447231.000     0.999945     12667883     18204.44
  453887.000     0.999951     12667957     20480.00
  461823.000     0.999957     12668043     23405.71
  475647.000     0.999963     12668121     27306.67
  476671.000     0.999969     12668198     32768.00
  545791.000     0.999973     12668229     36408.89
  551423.000     0.999976     12668268     40960.00
  569855.000     0.999979     12668315     46811.43
  582143.000     0.999982     12668349     54613.33
  583679.000     0.999985     12668383     65536.00
  588799.000     0.999986     12668412     72817.78
  600575.000     0.999988     12668421     81920.00
  608255.000     0.999989     12668455     93622.86
  608767.000     0.999991     12668484    109226.67
  608767.000     0.999992     12668484    131072.00
  609279.000     0.999993     12668519    145635.56
  609279.000     0.999994     12668519    163840.00
  609279.000     0.999995     12668519    187245.71
  609279.000     0.999995     12668519    218453.33
  609791.000     0.999996     12668547    262144.00
  609791.000     0.999997     12668547    291271.11
  609791.000     0.999997     12668547    327680.00
  609791.000     0.999997     12668547    374491.43
  609791.000     0.999998     12668547    436906.67
  610303.000     0.999998     12668563    524288.00
  610303.000     0.999998     12668563    582542.22
  610303.000     0.999998     12668563    655360.00
  610303.000     0.999999     12668563    748982.86
  610303.000     0.999999     12668563    873813.33
  610303.000     0.999999     12668563   1048576.00
  610815.000     0.999999     12668566   1165084.44
  610815.000     0.999999     12668566   1310720.00
  628223.000     0.999999     12668575   1497965.71
  628223.000     1.000000     12668575          inf
#[Mean    =     3779.301, StdDeviation   =    19228.589]
#[Max     =   628223.000, Total count    =     12668575]
#[Buckets =           10, SubBuckets     =         2048]
