       Value   Percentile   TotalCount 1/(1-Percentile)

      78.000     0.000000            1         1.00
     606.000     0.100000       667139         1.11
     975.000     0.200000      1332483         1.25
    1390.000     0.300000      1998587         1.43
    1906.000     0.400000      2665388         1.67
    2611.000     0.500000      3331987         2.00
    3071.000     0.550000      3664716         2.22
    3629.000     0.600000      3997637         2.50
    4307.000     0.650000      4330512         2.86
    5123.000     0.700000      4664221         3.33
    6131.000     0.750000      4997010         4.00
    6731.000     0.775000      5162718         4.44
    7419.000     0.800000      5329630         5.00
    8179.000     0.825000      5495994         5.71
    9015.000     0.850000      5662942         6.67
    9943.000     0.875000      5830067         8.00
   10439.000     0.887500      5912151         8.89
   10983.000     0.900000      5996313        10.00
   11567.000     0.912500      6079562        11.43
   12199.000     0.925000      6161876        13.33
   12927.000     0.937500      6245202        16.00
   13335.000     0.943750      6287055        17.78
   13767.000     0.950000      6328485        20.00
   14255.000     0.956250      6370479        22.86
   14807.000     0.962500      6411921        26.67
   15447.000     0.968750      6453552        32.00
   15823.000     0.971875      6474370        35.56
   16231.000     0.975000      6494959        40.00
   16719.000     0.978125      6516339        45.71
   17279.000     0.981250      6536945        53.33
   17935.000     0.984375      6557516        64.00
   18335.000     0.985938      6567862        71.11
   18799.000     0.987500      6578445        80.00
   19327.000     0.989062      6588772        91.43
   19951.000     0.990625      6599103       106.67
   20751.000     0.992188      6609567       128.00
   21247.000     0.992969      6614732       142.22
   21839.000     0.993750      6619837       160.00
   22575.000     0.994531      6625036       182.86
   23583.000     0.995313      6630252       213.33
   25039.000     0.996094      6635419       256.00
   26031.000     0.996484      6638063       284.44
   27503.000     0.996875      6640628       320.00
   29311.000     0.997266      6643238       365.71
   32191.000     0.997656      6645841       426.67
   36447.000     0.998047      6648437       512.00
   39327.000     0.998242      6649730       568.89
   41791.000     0.998437      6651035       640.00
   44639.000     0.998633      6652339       731.43
   48223.000     0.998828      6653635       853.33
   52319.000     0.999023      6654937      1024.00
   54047.000     0.999121      6655588      1137.78
   57247.000     0.999219      6656238      1280.00
   60831.000     0.999316      6656890      1462.86
   63903.000     0.999414      6657536      1706.67
   67391.000     0.999512      6658199      2048.00
   68799.000     0.999561      6658514      2275.56
   72319.000     0.999609      6658844      2560.00
   75135.000     0.999658      6659167      2925.71
   79487.000     0.999707      6659488      3413.33
   84095.000     0.999756      6659814      4096.00
   85951.000     0.999780      6659978      4551.11
   88127.000     0.999805      6660138      5120.00
   90431.000     0.999829      6660310      5851.43
   92735.000     0.999854      6660464      6826.67
   98111.000     0.999878      6660626      8192.00
  100799.000     0.999890      6660708      9102.22
  103871.000     0.999902      6660789     10240.00
  105983.000     0.999915      6660872     11702.86
  108159.000     0.999927      6660952     13653.33
  110207.000     0.999939      6661033     16384.00
  112959.000     0.999945      6661074     18204.44
  116671.000     0.999951      6661114     20480.00
  120831.000     0.999957      6661155     23405.71
  123455.000     0.999963      6661196     27306.67
  127679.000     0.999969      6661237     32768.00
  130175.000     0.999973      6661258     36408.89
  132607.000     0.999976      6661281     40960.00
  135551.000     0.999979      6661298     46811.43
  138111.000     0.999982      6661318     54613.33
  143871.000     0.999985      6661338     65536.00
  146431.000     0.999986      6661348     72817.78
  150655.000     0.999988      6661358     81920.00
  162431.000     0.999989      6661368     93622.86
  171135.000     0.999991      6661380    109226.67
  171391.000     0.999992      6661389    131072.00
  176255.000     0.999993      6661396    145635.56
  176511.000     0.999994      6661401    163840.00
  176767.000     0.999995      6661405    187245.71
  177535.000     0.999995      6661418    218453.33
  177535.000     0.999996      6661418    262144.00
  177535.000     0.999997      6661418    291271.11
  178559.000     0.999997      6661419    327680.00
  178687.000     0.999997      6661422    374491.43
  178943.000     0.999998      6661425    436906.67
  179071.000     0.999998      6661429    524288.00
  179071.000     0.999998      6661429    582542.22
  179071.000     0.999998      6661429    655360.00
  201471.000     0.999999      6661433    748982.86
  201471.000     0.999999      6661433    873813.33
  201471.000     0.999999      6661433   1048576.00
  201599.000     0.999999      6661436   1165084.44
  201599.000     0.999999      6661436   1310720.00
  201599.000     0.999999      6661436   1497965.71
  201599.000     0.999999      6661436   1747626.67
  201599.000     1.000000      6661436   2097152.00
  201727.000     1.000000      6661439   2330168.89
  201727.000     1.000000      6661439          inf
#[Mean    =     4444.252, StdDeviation   =     5132.850]
#[Max     =   201727.000, Total count    =      6661439]
#[Buckets =            8, SubBuckets     =         2048]
