       Value   Percentile   TotalCount 1/(1-Percentile)

     114.000     0.000000            1         1.00
     492.000     0.100000       328224         1.11
     730.000     0.200000       655758         1.25
    1431.000     0.300000       982530         1.43
    6707.000     0.400000      1310092         1.67
   12623.000     0.500000      1637920         2.00
   14999.000     0.550000      1801317         2.22
   17103.000     0.600000      1965483         2.50
   20479.000     0.650000      2128943         2.86
   23519.000     0.700000      2293387         3.33
   27535.000     0.750000      2456452         4.00
   30863.000     0.775000      2538393         4.44
   32799.000     0.800000      2620653         5.00
   36607.000     0.825000      2702311         5.71
   41759.000     0.850000      2784396         6.67
   45823.000     0.875000      2865952         8.00
   50079.000     0.887500      2906559         8.89
   53887.000     0.900000      2947804        10.00
   54815.000     0.912500      2988768        11.43
   61887.000     0.925000      3029417        13.33
   74111.000     0.937500      3070283        16.00
   80319.000     0.943750      3090745        17.78
   89151.000     0.950000      3111321        20.00
  100543.000     0.956250      3131756        22.86
  112831.000     0.962500      3152185        26.67
  124415.000     0.968750      3172619        32.00
  131967.000     0.971875      3182859        35.56
  138751.000     0.975000      3193277        40.00
  145151.000     0.978125      3203455        45.71
  151423.000     0.981250      3213624        53.33
  157951.000     0.984375      3223803        64.00
  162047.000     0.985938      3228941        71.11
  167039.000     0.987500      3234165        80.00
  171775.000     0.989062      3239205        91.43
  178431.000     0.990625      3244272       106.67
  186751.000     0.992188      3249425       128.00
  191359.000     0.992969      3251953       142.22
  196351.000     0.993750      3254540       160.00
  200319.000     0.994531      3257055       182.86
  205311.000     0.995313      3259682       213.33
  211199.000     0.996094      3262185       256.00
  215167.000     0.996484      3263461       284.44
  220159.000     0.996875      3264769       320.00
  225151.000     0.997266      3266025       365.71
  233855.000     0.997656      3267298       426.67
  243327.000     0.998047      3268571       512.00
  248703.000     0.998242      3269206       568.89
  255999.000     0.998437      3269859       640.00
  263679.000     0.998633      3270488       731.43
  273663.000     0.998828      3271134       853.33
  285951.000     0.999023      3271786      1024.00
  292351.000     0.999121      3272086      1137.78
  300287.000     0.999219      3272403      1280.00
  310271.000     0.999316      3272727      1462.86
  322815.000     0.999414      3273049      1706.67
  331007.000     0.999512      3273362      2048.00
  336383.000     0.999561      3273530      2275.56
  343039.000     0.999609      3273684      2560.00
  349951.000     0.999658      3273845      2925.71
  356607.000     0.999707      3274005      3413.33
  364287.000     0.999756      3274171      4096.00
  366847.000     0.999780      3274248      4551.11
  369919.000     0.999805      3274325      5120.00
  374271.000     0.999829      3274402      5851.43
  378623.000     0.999854      3274484      6826.67
  386047.000     0.999878      3274562      8192.00
  391935.000     0.999890      3274607      9102.22
  398335.000     0.999902      3274642     10240.00
  402175.000     0.999915      3274682     11702.86
  405247.000     0.999927      3274722     13653.33
  409855.000     0.999939      3274764     16384.00
  412927.000     0.999945      3274782     18204.44
  415999.000     0.999951      3274803     20480.00
  418047.000     0.999957      3274823     23405.71
  420863.000     0.999963      3274842     27306.67
  427519.000     0.999969      3274862     32768.00
  430335.000     0.999973      3274872     36408.89
  432895.000     0.999976      3274882     40960.00
  434687.000     0.999979      3274892     46811.43
  437503.000     0.999982      3274902     54613.33
  441855.000     0.999985      3274912     65536.00
  443647.000     0.999986      3274918     72817.78
  445951.000     0.999988      3274923     81920.00
  447487.000     0.999989      3274927     93622.86
  453119.000     0.999991      3274932    109226.67
  458495.000     0.999992      3274937    131072.00
  460287.000     0.999993      3274940    145635.56
  461823.000     0.999994      3274942    163840.00
  463103.000     0.999995      3274944    187245.71
  464895.000     0.999995      3274947    218453.33
  465919.000     0.999996      3274949    262144.00
  466431.000     0.999997      3274950    291271.11
  467711.000     0.999997      3274952    327680.00
  468223.000     0.999997      3274954    374491.43
  468223.000     0.999998      3274954    436906.67
  468479.000     0.999998      3274955    524288.00
  468991.000     0.999998      3274956    582542.22
  469247.000     0.999998      3274957    655360.00
  469247.000     0.999999      3274957    748982.86
  469759.000     0.999999      3274958    873813.33
  469759.000     0.999999      3274958   1048576.00
  473343.000     0.999999      3274959   1165084.44
  473343.000     0.999999      3274959   1310720.00
  473343.000     0.999999      3274959   1497965.71
  475647.000     0.999999      3274960   1747626.67
  475647.000     1.000000      3274960   2097152.00
  475647.000     1.000000      3274960   2330168.89
  475647.000     1.000000      3274960   2621440.00
  475647.000     1.000000      3274960   2995931.43
  477183.000     1.000000      3274961   3495253.33
  477183.000     1.000000      3274961          inf
#[Mean    =    22686.864, StdDeviation   =    35018.495]
#[Max     =   477183.000, Total count    =      3274961]
#[Buckets =            9, SubBuckets     =         2048]
