       Value   Percentile   TotalCount 1/(1-Percentile)

      62.000     0.000000            1         1.00
     429.000     0.100000       816368         1.11
     659.000     0.200000      1632905         1.25
     953.000     0.300000      2448625         1.43
    1378.000     0.400000      3264139         1.67
    2185.000     0.500000      4079146         2.00
    2897.000     0.550000      4487803         2.22
    3845.000     0.600000      4895162         2.50
    5067.000     0.650000      5303807         2.86
    6895.000     0.700000      5710935         3.33
    9799.000     0.750000      6119107         4.00
   11519.000     0.775000      6322698         4.44
   13271.000     0.800000      6527271         5.00
   15015.000     0.825000      6731253         5.71
   16799.000     0.850000      6935186         6.67
   18719.000     0.875000      7139556         8.00
   19759.000     0.887500      7240567         8.89
   20927.000     0.900000      7342864        10.00
   22239.000     0.912500      7444888        11.43
   23759.000     0.925000      7547172        13.33
   25599.000     0.937500      7648429        16.00
   26735.000     0.943750      7699365        17.78
   28047.000     0.950000      7750347        20.00
   29631.000     0.956250      7801344        22.86
   31599.000     0.962500      7852695        26.67
   34111.000     0.968750      7903516        32.00
   35647.000     0.971875      7928895        35.56
   37471.000     0.975000      7954600        40.00
   39551.000     0.978125      7979858        45.71
   41983.000     0.981250      8005519        53.33
   44831.000     0.984375      8030791        64.00
   46495.000     0.985938      8043625        71.11
   48383.000     0.987500      8056364        80.00
   50559.000     0.989062      8069092        91.43
   53055.000     0.990625      8081854       106.67
   56159.000     0.992188      8094614       128.00
   57919.000     0.992969      8100897       142.22
   59871.000     0.993750      8107263       160.00
   62271.000     0.994531      8113644       182.86
   65151.000     0.995313      8120046       213.33
   68607.000     0.996094      8126443       256.00
   70591.000     0.996484      8129598       284.44
   72959.000     0.996875      8132794       320.00
   75775.000     0.997266      8135955       365.71
   79167.000     0.997656      8139162       426.67
   83263.000     0.998047      8142338       512.00
   86143.000     0.998242      8143923       568.89
   89407.000     0.998437      8145510       640.00
   93375.000     0.998633      8147092       731.43
   97663.000     0.998828      8148684       853.33
  102463.000     0.999023      8150269      1024.00
  106751.000     0.999121      8151077      1137.78
  111679.000     0.999219      8151870      1280.00
  116415.000     0.999316      8152661      1462.86
  121663.000     0.999414      8153458      1706.67
  133887.000     0.999512      8154254      2048.00
  150271.000     0.999561      8154654      2275.56
  167167.000     0.999609      8155052      2560.00
  182527.000     0.999658      8155452      2925.71
  206207.000     0.999707      8155846      3413.33
  220543.000     0.999756      8156255      4096.00
  223743.000     0.999780      8156449      4551.11
  245887.000     0.999805      8156643      5120.00
  264703.000     0.999829      8156848      5851.43
  300799.000     0.999854      8157043      6826.67
  349951.000     0.999878      8157255      8192.00
  391935.000     0.999890      8157340      9102.22
  406271.000     0.999902      8157455     10240.00
  409599.000     0.999915      8157541     11702.86
  412415.000     0.999927      8157643     13653.33
  415743.000     0.999939      8157753     16384.00
  416511.000     0.999945      8157790     18204.44
  427775.000     0.999951      8157838     20480.00
  456959.000     0.999957      8157893     23405.71
  458751.000     0.999963      8157940     27306.67
  462591.000     0.999969      8157988     32768.00
  464383.000     0.999973      8158013     36408.89
  467455.000     0.999976      8158039     40960.00
  468735.000     0.999979      8158069     46811.43
  469503.000     0.999982      8158090     54613.33
  471807.000     0.999985      8158116     65536.00
  489471.000     0.999986      8158124     72817.78
  491519.000     0.999988      8158137     81920.00
  492287.000     0.999989      8158150     93622.86
  493055.000     0.999991      8158164    109226.67
  509439.000     0.999992      8158184    131072.00
  509439.000     0.999993      8158184    145635.56
  509695.000     0.999994      8158197    163840.00
  509695.000     0.999995      8158197    187245.71
  509951.000     0.999995      8158207    218453.33
  509951.000     0.999996      8158207    262144.00
  510207.000     0.999997      8158213    291271.11
  510207.000     0.999997      8158213    327680.00
  510463.000     0.999997      8158220    374491.43
  510463.000     0.999998      8158220    436906.67
  510719.000     0.999998      8158223    524288.00
  510719.000     0.999998      8158223    582542.22
  510975.000     0.999998      8158224    655360.00
  511231.000     0.999999      8158229    748982.86
  511231.000     0.999999      8158229    873813.33
  511231.000     0.999999      8158229   1048576.00
  511231.000     0.999999      8158229   1165084.44
  511487.000     0.999999      8158232   1310720.00
  511487.000     0.999999      8158232   1497965.71
  511487.000     0.999999      8158232   1747626.67
  512255.000     1.000000      8158233   2097152.00
  512255.000     1.000000      8158233   2330168.89
  512255.000     1.000000      8158233   2621440.00
  543743.000     1.000000      8158234   2995931.43
  543743.000     1.000000      8158234   3495253.33
  545279.000     1.000000      8158236   4194304.00
  545279.000     1.000000      8158236          inf
#[Mean    =     7369.375, StdDeviation   =    12589.398]
#[Max     =   545279.000, Total count    =      8158236]
#[Buckets =           10, SubBuckets     =         2048]
