       Value   Percentile   TotalCount 1/(1-Percentile)

     346.000     0.000000            1         1.00
   13559.000     0.100000       351629         1.11
   15759.000     0.200000       703166         1.25
   16927.000     0.300000      1056197         1.43
   18223.000     0.400000      1408202         1.67
   19695.000     0.500000      1759103         2.00
   20255.000     0.550000      1933270         2.22
   21055.000     0.600000      2109499         2.50
   22079.000     0.650000      2283933         2.86
   22943.000     0.700000      2461397         3.33
   23615.000     0.750000      2635201         4.00
   24015.000     0.775000      2724916         4.44
   24607.000     0.800000      2811997         5.00
   25295.000     0.825000      2898140         5.71
   25919.000     0.850000      2987509         6.67
   26543.000     0.875000      3073567         8.00
   26847.000     0.887500      3117909         8.89
   27151.000     0.900000      3161662        10.00
   27631.000     0.912500      3205483        11.43
   28543.000     0.925000      3249776        13.33
   29823.000     0.937500      3293317        16.00
   30623.000     0.943750      3315379        17.78
   31535.000     0.950000      3337290        20.00
   32639.000     0.956250      3359098        22.86
   34047.000     0.962500      3381290        26.67
   35903.000     0.968750      3402889        32.00
   37087.000     0.971875      3413833        35.56
   38591.000     0.975000      3424845        40.00
   40575.000     0.978125      3435951        45.71
   43231.000     0.981250      3446763        53.33
   47423.000     0.984375      3457803        64.00
   51007.000     0.985938      3463232        71.11
   55455.000     0.987500      3468734        80.00
   61535.000     0.989062      3474219        91.43
   70207.000     0.990625      3479706       106.67
   84927.000     0.992188      3485181       128.00
   92799.000     0.992969      3487946       142.22
   99519.000     0.993750      3490685       160.00
  105727.000     0.994531      3493414       182.86
  112383.000     0.995313      3496191       213.33
  118847.000     0.996094      3498933       256.00
  121983.000     0.996484      3500279       284.44
  125119.000     0.996875      3501671       320.00
  128767.000     0.997266      3503021       365.71
  133503.000     0.997656      3504407       426.67
  140927.000     0.998047      3505779       512.00
  145279.000     0.998242      3506460       568.89
  150015.000     0.998437      3507140       640.00
  155263.000     0.998633      3507835       731.43
  161407.000     0.998828      3508518       853.33
  169087.000     0.999023      3509202      1024.00
  172799.000     0.999121      3509541      1137.78
  177279.000     0.999219      3509890      1280.00
  182015.000     0.999316      3510227      1462.86
  191103.000     0.999414      3510567      1706.67
  199679.000     0.999512      3510912      2048.00
  203903.000     0.999561      3511087      2275.56
  208639.000     0.999609      3511253      2560.00
  214527.000     0.999658      3511423      2925.71
  221055.000     0.999707      3511595      3413.33
  227711.000     0.999756      3511766      4096.00
  233215.000     0.999780      3511852      4551.11
  237183.000     0.999805      3511938      5120.00
  244607.000     0.999829      3512023      5851.43
  253311.000     0.999854      3512109      6826.67
  257279.000     0.999878      3512195      8192.00
  261887.000     0.999890      3512238      9102.22
  265471.000     0.999902      3512280     10240.00
  270591.000     0.999915      3512326     11702.86
  275199.000     0.999927      3512367     13653.33
  283135.000     0.999939      3512409     16384.00
  289791.000     0.999945      3512431     18204.44
  294399.000     0.999951      3512456     20480.00
  297215.000     0.999957      3512473     23405.71
  302079.000     0.999963      3512496     27306.67
  305919.000     0.999969      3512516     32768.00
  310015.000     0.999973      3512527     36408.89
  314623.000     0.999976      3512538     40960.00
  316671.000     0.999979      3512555     46811.43
  321279.000     0.999982      3512559     54613.33
  326399.000     0.999985      3512570     65536.00
  327167.000     0.999986      3512575     72817.78
  327423.000     0.999988      3512581     81920.00
  328959.000     0.999989      3512587     93622.86
  334335.000     0.999991      3512591    109226.67
  335103.000     0.999992      3512597    131072.00
  335359.000     0.999993      3512599    145635.56
  336639.000     0.999994      3512602    163840.00
  337407.000     0.999995      3512606    187245.71
  337663.000     0.999995      3512610    218453.33
  337663.000     0.999996      3512610    262144.00
  337919.000     0.999997      3512611    291271.11
  338431.000     0.999997      3512613    327680.00
  338687.000     0.999997      3512614    374491.43
  340223.000     0.999998      3512615    436906.67
  343295.000     0.999998      3512617    524288.00
  343295.000     0.999998      3512617    582542.22
  345855.000     0.999998      3512618    655360.00
  347647.000     0.999999      3512619    748982.86
  347647.000     0.999999      3512619    873813.33
  353791.000     0.999999      3512620   1048576.00
  353791.000     0.999999      3512620   1165084.44
  354047.000     0.999999      3512621   1310720.00
  354047.000     0.999999      3512621   1497965.71
  354047.000     0.999999      3512621   1747626.67
  354303.000     1.000000      3512622   2097152.00
  354303.000     1.000000      3512622   2330168.89
  354303.000     1.000000      3512622   2621440.00
  354303.000     1.000000      3512622   2995931.43
  354303.000     1.000000      3512622   3495253.33
  355071.000     1.000000      3512623   4194304.00
  355071.000     1.000000      3512623          inf
#[Mean    =    21205.730, StdDeviation   =    12227.060]
#[Max     =   355071.000, Total count    =      3512623]
#[Buckets =            9, SubBuckets     =         2048]
