       Value   Percentile   TotalCount 1/(1-Percentile)

    1614.000     0.000000            1         1.00
   12999.000     0.100000       356598         1.11
   14839.000     0.200000       711335         1.25
   16399.000     0.300000      1067749         1.43
   17935.000     0.400000      1425525         1.67
   19551.000     0.500000      1779958         2.00
   20383.000     0.550000      1956047         2.22
   21279.000     0.600000      2133530         2.50
   22287.000     0.650000      2313214         2.86
   23407.000     0.700000      2489800         3.33
   24671.000     0.750000      2668265         4.00
   25375.000     0.775000      2756851         4.44
   26143.000     0.800000      2844918         5.00
   27007.000     0.825000      2933585         5.71
   27999.000     0.850000      3023210         6.67
   29151.000     0.875000      3111859         8.00
   29839.000     0.887500      3156651         8.89
   30607.000     0.900000      3200259        10.00
   31487.000     0.912500      3245162        11.43
   32463.000     0.925000      3289304        13.33
   33631.000     0.937500      3334420        16.00
   34303.000     0.943750      3356621        17.78
   35039.000     0.950000      3378209        20.00
   35935.000     0.956250      3400484        22.86
   37023.000     0.962500      3422644        26.67
   38367.000     0.968750      3444687        32.00
   39135.000     0.971875      3455999        35.56
   39967.000     0.975000      3467048        40.00
   40895.000     0.978125      3478004        45.71
   41983.000     0.981250      3489052        53.33
   43295.000     0.984375      3500292        64.00
   44031.000     0.985938      3505794        71.11
   44863.000     0.987500      3511330        80.00
   45855.000     0.989062      3516804        91.43
   47135.000     0.990625      3522443       106.67
   48607.000     0.992188      3527985       128.00
   49407.000     0.992969      3530712       142.22
   50335.000     0.993750      3533471       160.00
   51487.000     0.994531      3536243       182.86
   52959.000     0.995313      3539049       213.33
   54815.000     0.996094      3541834       256.00
   55871.000     0.996484      3543206       284.44
   57087.000     0.996875      3544594       320.00
   58623.000     0.997266      3545975       365.71
   60511.000     0.997656      3547348       426.67
   62815.000     0.998047      3548735       512.00
   64191.000     0.998242      3549441       568.89
   65535.000     0.998437      3550135       640.00
   67071.000     0.998633      3550819       731.43
   68991.000     0.998828      3551526       853.33
   71551.000     0.999023      3552208      1024.00
   73535.000     0.999121      3552557      1137.78
   76543.000     0.999219      3552903      1280.00
   80127.000     0.999316      3553249      1462.86
   84991.000     0.999414      3553599      1706.67
   90111.000     0.999512      3553944      2048.00
   93695.000     0.999561      3554117      2275.56
   97343.000     0.999609      3554292      2560.00
  101119.000     0.999658      3554465      2925.71
  105855.000     0.999707      3554638      3413.33
  111295.000     0.999756      3554811      4096.00
  114431.000     0.999780      3554899      4551.11
  119039.000     0.999805      3554986      5120.00
  123327.000     0.999829      3555072      5851.43
  128127.000     0.999854      3555159      6826.67
  134399.000     0.999878      3555245      8192.00
  138623.000     0.999890      3555290      9102.22
  142847.000     0.999902      3555337     10240.00
  147199.000     0.999915      3555376     11702.86
  151935.000     0.999927      3555419     13653.33
  158719.000     0.999939      3555463     16384.00
  162047.000     0.999945      3555484     18204.44
  166271.000     0.999951      3555506     20480.00
  170879.000     0.999957      3555528     23405.71
  175103.000     0.999963      3555549     27306.67
  181503.000     0.999969      3555571     32768.00
  185727.000     0.999973      3555582     36408.89
  191999.000     0.999976      3555593     40960.00
  200063.000     0.999979      3555604     46811.43
  205055.000     0.999982      3555614     54613.33
  210431.000     0.999985      3555625     65536.00
  212607.000     0.999986      3555631     72817.78
  214399.000     0.999988      3555636     81920.00
  218367.000     0.999989      3555642     93622.86
  219647.000     0.999991      3555647    109226.67
  223871.000     0.999992      3555652    131072.00
  225663.000     0.999993      3555655    145635.56
  226687.000     0.999994      3555658    163840.00
  231039.000     0.999995      3555661    187245.71
  233215.000     0.999995      3555663    218453.33
  242175.000     0.999996      3555666    262144.00
  243839.000     0.999997      3555668    291271.11
  246783.000     0.999997      3555669    327680.00
  246911.000     0.999997      3555670    374491.43
  248447.000     0.999998      3555673    436906.67
  248447.000     0.999998      3555673    524288.00
  248447.000     0.999998      3555673    582542.22
  253823.000     0.999998      3555674    655360.00
  261375.000     0.999999      3555675    748982.86
  261375.000     0.999999      3555675    873813.33
  262399.000     0.999999      3555677   1048576.00
  262399.000     0.999999      3555677   1165084.44
  262399.000     0.999999      3555677   1310720.00
  262399.000     0.999999      3555677   1497965.71
  262399.000     0.999999      3555677   1747626.67
  268031.000     1.000000      3555678   2097152.00
  268031.000     1.000000      3555678   2330168.89
  268031.000     1.000000      3555678   2621440.00
  268031.000     1.000000      3555678   2995931.43
  268031.000     1.000000      3555678   3495253.33
  305151.000     1.000000      3555679   4194304.00
  305151.000     1.000000      3555679          inf
#[Mean    =    21001.119, StdDeviation   =     8006.028]
#[Max     =   305151.000, Total count    =      3555679]
#[Buckets =            9, SubBuckets     =         2048]
