       Value   Percentile   TotalCount 1/(1-Percentile)

      93.000     0.000000           14         1.00
      97.000     0.100000        57063         1.11
      98.000     0.200000       116336         1.25
      98.000     0.300000       116336         1.43
      99.000     0.400000       184766         1.67
      99.000     0.500000       184766         2.00
      99.000     0.550000       184766         2.22
      99.000     0.600000       184766         2.50
     100.000     0.650000       233675         2.86
     100.000     0.700000       233675         3.33
     100.000     0.750000       233675         4.00
     100.000     0.775000       233675         4.44
     101.000     0.800000       260896         5.00
     101.000     0.825000       260896         5.71
     101.000     0.850000       260896         6.67
     102.000     0.875000       272988         8.00
     102.000     0.887500       272988         8.89
     102.000     0.900000       272988        10.00
     103.000     0.912500       278848        11.43
     103.000     0.925000       278848        13.33
     104.000     0.937500       283527        16.00
     104.000     0.943750       283527        17.78
     105.000     0.950000       287778        20.00
     105.000     0.956250       287778        22.86
     106.000     0.962500       290943        26.67
     106.000     0.968750       290943        32.00
     107.000     0.971875       293159        35.56
     107.000     0.975000       293159        40.00
     108.000     0.978125       294863        45.71
     108.000     0.981250       294863        53.33
     109.000     0.984375       296202        64.00
     109.000     0.985938       296202        71.11
     109.000     0.987500       296202        80.00
     110.000     0.989062       297170        91.43
     110.000     0.990625       297170       106.67
     111.000     0.992188       297865       128.00
     111.000     0.992969       297865       142.22
     112.000     0.993750       298393       160.00
     112.000     0.994531       298393       182.86
     112.000     0.995313       298393       213.33
     113.000     0.996094       298750       256.00
     113.000     0.996484       298750       284.44
     114.000     0.996875       299006       320.00
     114.000     0.997266       299006       365.71
     115.000     0.997656       299181       426.67
     116.000     0.998047       299320       512.00
     116.000     0.998242       299320       568.89
     116.000     0.998437       299320       640.00
     117.000     0.998633       299384       731.43
     118.000     0.998828       299448       853.33
     119.000     0.999023       299484      1024.00
     120.000     0.999121       299514      1137.78
     122.000     0.999219       299550      1280.00
     124.000     0.999316       299578      1462.86
     126.000     0.999414       299608      1706.67
     130.000     0.999512       299628      2048.00
     134.000     0.999561       299642      2275.56
     140.000     0.999609       299656      2560.00
     149.000     0.999658       299671      2925.71
     176.000     0.999707       299690      3413.33
     178.000     0.999756       299700      4096.00
     180.000     0.999780       299711      4551.11
     181.000     0.999805       299716      5120.00
     183.000     0.999829       299722      5851.43
     190.000     0.999854       299733      6826.67
     192.000     0.999878       299739      8192.00
     196.000     0.999890       299742      9102.22
     198.000     0.999902       299744     10240.00
     204.000     0.999915       299748     11702.86
     208.000     0.999927       299753     13653.33
     216.000     0.999939       299755     16384.00
     227.000     0.999945       299757     18204.44
     235.000     0.999951       299759     20480.00
     292.000     0.999957       299761     23405.71
     293.000     0.999963       299763     27306.67
     295.000     0.999969       299764     32768.00
     296.000     0.999973       299765     36408.89
     310.000     0.999976       299766     40960.00
     339.000     0.999979       299767     46811.43
     420.000     0.999982       299768     54613.33
    1238.000     0.999985       299769     65536.00
    1238.000     0.999986       299769     72817.78
    1351.000     0.999988       299770     81920.00
    1351.000     0.999989       299770     93622.86
    1673.000     0.999991       299771    109226.67
    1673.000     0.999992       299771    131072.00
    1673.000     0.999993       299771    145635.56
    5683.000     0.999994       299772    163840.00
    5683.000     0.999995       299772    187245.71
    5683.000     0.999995       299772    218453.33
    5683.000     0.999996       299772    262144.00
    5683.000     0.999997       299772    291271.11
   43199.000     0.999997       299773    327680.00
   43199.000     1.000000       299773          inf
#[Mean    =       99.623, StdDeviation   =       79.533]
#[Max     =    43199.000, Total count    =       299773]
#[Buckets =            6, SubBuckets     =         2048]
