       Value   Percentile   TotalCount 1/(1-Percentile)

      50.000     0.000000            3         1.00
     318.000     0.100000      1156047         1.11
     399.000     0.200000      2299053         1.25
     484.000     0.300000      3446753         1.43
     589.000     0.400000      4597388         1.67
     725.000     0.500000      5743784         2.00
     816.000     0.550000      6315705         2.22
     942.000     0.600000      6890883         2.50
    1115.000     0.650000      7464883         2.86
    1323.000     0.700000      8036950         3.33
    1578.000     0.750000      8611284         4.00
    1735.000     0.775000      8899010         4.44
    1911.000     0.800000      9185820         5.00
    2105.000     0.825000      9472101         5.71
    2329.000     0.850000      9759354         6.67
    2601.000     0.875000     10046733         8.00
    2769.000     0.887500     10190008         8.89
    2983.000     0.900000     10333314        10.00
    3269.000     0.912500     10476719        11.43
    3655.000     0.925000     10620093        13.33
    4255.000     0.937500     10763939        16.00
    4731.000     0.943750     10835419        17.78
    5399.000     0.950000     10907087        20.00
    6535.000     0.956250     10978932        22.86
    8327.000     0.962500     11050606        26.67
   12039.000     0.968750     11122282        32.00
   16311.000     0.971875     11158183        35.56
   23807.000     0.975000     11194064        40.00
   38943.000     0.978125     11229962        45.71
   56735.000     0.981250     11265812        53.33
   78271.000     0.984375     11301732        64.00
   91711.000     0.985938     11319606        71.11
  105535.000     0.987500     11337555        80.00
  122495.000     0.989062     11355536        91.43
  140543.000     0.990625     11373423       106.67
  159359.000     0.992188     11391440       128.00
  167935.000     0.992969     11400350       142.22
  175487.000     0.993750     11409337       160.00
  182015.000     0.994531     11418340       182.86
  185983.000     0.995313     11427525       213.33
  188799.000     0.996094     11436563       256.00
  189823.000     0.996484     11441015       284.44
  190847.000     0.996875     11445692       320.00
  191999.000     0.997266     11450095       365.71
  193279.000     0.997656     11454240       426.67
  195967.000     0.998047     11458666       512.00
  197887.000     0.998242     11460913       568.89
  200703.000     0.998437     11463140       640.00
  205055.000     0.998633     11465363       731.43
  211071.000     0.998828     11467599       853.33
  219391.000     0.999023     11469885      1024.00
  227967.000     0.999121     11470966      1137.78
  243967.000     0.999219     11472085      1280.00
  256767.000     0.999316     11473207      1462.86
  280063.000     0.999414     11474334      1706.67
  300543.000     0.999512     11475459      2048.00
  325119.000     0.999561     11476009      2275.56
  341759.000     0.999609     11476580      2560.00
  362751.000     0.999658     11477141      2925.71
  375039.000     0.999707     11477700      3413.33
  382719.000     0.999756     11478274      4096.00
  388863.000     0.999780     11478534      4551.11
  395519.000     0.999805     11478822      5120.00
  400895.000     0.999829     11479093      5851.43
  415999.000     0.999854     11479374      6826.67
  424959.000     0.999878     11479666      8192.00
  427775.000     0.999890     11479792      9102.22
  454911.000     0.999902     11479934     10240.00
  483071.000     0.999915     11480072     11702.86
  523007.000     0.999927     11480218     13653.33
  542719.000     0.999939     11480361     16384.00
  554495.000     0.999945     11480424     18204.44
  570879.000     0.999951     11480510     20480.00
  574463.000     0.999957     11480563     23405.71
  584191.000     0.999963     11480633     27306.67
  593407.000     0.999969     11480718     32768.00
  593919.000     0.999973     11480740     36408.89
  595455.000     0.999976     11480776     40960.00
  602623.000     0.999979     11480810     46811.43
  604671.000     0.999982     11480844     54613.33
  612351.000     0.999985     11480897     65536.00
  612351.000     0.999986     11480897     72817.78
  635391.000     0.999988     11480913     81920.00
  648703.000     0.999989     11480935     93622.86
  662015.000     0.999991     11480951    109226.67
  678911.000     0.999992     11480968    131072.00
  683519.000     0.999993     11480975    145635.56
  717311.000     0.999994     11480983    163840.00
  718847.000     0.999995     11480994    187245.71
  720383.000     0.999995     11481002    218453.33
  741375.000     0.999996     11481010    262144.00
  764927.000     0.999997     11481014    291271.11
  795135.000     0.999997     11481018    327680.00
  796671.000     0.999997     11481023    374491.43
  812031.000     0.999998     11481028    436906.67
  814591.000     0.999998     11481032    524288.00
  815103.000     0.999998     11481035    582542.22
  815615.000     0.999998     11481037    655360.00
  816127.000     0.999999     11481039    748982.86
  816639.000     0.999999     11481042    873813.33
  817151.000     0.999999     11481044   1048576.00
  817151.000     0.999999     11481044   1165084.44
  817663.000     0.999999     11481045   1310720.00
  818175.000     0.999999     11481046   1497965.71
  819199.000     0.999999     11481047   1747626.67
  819711.000     1.000000     11481049   2097152.00
  819711.000     1.000000     11481049   2330168.89
  819711.000     1.000000     11481049   2621440.00
  928767.000     1.000000     11481051   2995931.43
  928767.000     1.000000     11481051   3495253.33
  928767.000     1.000000     11481051   4194304.00
  928767.000     1.000000     11481051   4660337.78
  928767.000     1.000000     11481051   5242880.00
  953343.000     1.000000     11481053   5991862.86
  953343.000     1.000000     11481053          inf
#[Mean    =     4205.749, StdDeviation   =    21771.495]
#[Max     =   953343.000, Total count    =     11481053]
#[Buckets =           10, SubBuckets     =         2048]
