       Value   Percentile   TotalCount 1/(1-Percentile)

      52.000     0.000000            2         1.00
      69.000     0.100000       249362         1.11
      72.000     0.200000       468340         1.25
      75.000     0.300000       711806         1.43
      78.000     0.400000       931192         1.67
      81.000     0.500000      1121073         2.00
      83.000     0.550000      1237266         2.22
      85.000     0.600000      1350410         2.50
      87.000     0.650000      1463556         2.86
      89.000     0.700000      1569402         3.33
      92.000     0.750000      1707030         4.00
      93.000     0.775000      1748936         4.44
      95.000     0.800000      1825825         5.00
      96.000     0.825000      1860913         5.71
      98.000     0.850000      1924561         6.67
     100.000     0.875000      1981052         8.00
     101.000     0.887500      2006255         8.89
     102.000     0.900000      2029278        10.00
     103.000     0.912500      2050124        11.43
     105.000     0.925000      2085624        13.33
     106.000     0.937500      2100257        16.00
     107.000     0.943750      2113264        17.78
     109.000     0.950000      2135029        20.00
     110.000     0.956250      2144072        22.86
     112.000     0.962500      2159406        26.67
     114.000     0.968750      2171362        32.00
     115.000     0.971875      2176395        35.56
     117.000     0.975000      2184920        40.00
     119.000     0.978125      2191950        45.71
     121.000     0.981250      2198423        53.33
     123.000     0.984375      2204474        64.00
     124.000     0.985938      2207379        71.11
     126.000     0.987500      2212803        80.00
     127.000     0.989062      2215307        91.43
     128.000     0.990625      2217542       106.67
     130.000     0.992188      2221350       128.00
     131.000     0.992969      2223046       142.22
     132.000     0.993750      2224571       160.00
     134.000     0.994531      2226957       182.86
     135.000     0.995313      2227941       213.33
     137.000     0.996094      2229525       256.00
     139.000     0.996484      2230875       284.44
     140.000     0.996875      2231438       320.00
     142.000     0.997266      2232335       365.71
     144.000     0.997656      2233129       426.67
     147.000     0.998047      2234140       512.00
     148.000     0.998242      2234449       568.89
     150.000     0.998437      2234962       640.00
     151.000     0.998633      2235199       731.43
     153.000     0.998828      2235640       853.33
     156.000     0.999023      2236190      1024.00
     157.000     0.999121      2236340      1137.78
     159.000     0.999219      2236601      1280.00
     161.000     0.999316      2236854      1462.86
     163.000     0.999414      2237035      1706.67
     165.000     0.999512      2237216      2048.00
     166.000     0.999561      2237280      2275.56
     168.000     0.999609      2237438      2560.00
     169.000     0.999658      2237506      2925.71
     171.000     0.999707      2237630      3413.33
     173.000     0.999756      2237719      4096.00
     175.000     0.999780      2237804      4551.11
     176.000     0.999805      2237833      5120.00
     178.000     0.999829      2237894      5851.43
     180.000     0.999854      2237939      6826.67
     182.000     0.999878      2237984      8192.00
     184.000     0.999890      2238014      9102.22
     186.000     0.999902      2238043     10240.00
     188.000     0.999915      2238063     11702.86
     191.000     0.999927      2238095     13653.33
     195.000     0.999939      2238119     16384.00
     198.000     0.999945      2238134     18204.44
     201.000     0.999951      2238146     20480.00
     205.000     0.999957      2238160     23405.71
     211.000     0.999963      2238175     27306.67
     221.000     0.999969      2238186     32768.00
     236.000     0.999973      2238194     36408.89
     241.000     0.999976      2238200     40960.00
     259.000     0.999979      2238207     46811.43
     322.000     0.999982      2238214     54613.33
     421.000     0.999985      2238220     65536.00
     437.000     0.999986      2238224     72817.78
     461.000     0.999988      2238227     81920.00
     501.000     0.999989      2238231     93622.86
     514.000     0.999991      2238234    109226.67
     525.000     0.999992      2238237    131072.00
     542.000     0.999993      2238239    145635.56
     565.000     0.999994      2238241    163840.00
     606.000     0.999995      2238243    187245.71
     624.000     0.999995      2238244    218453.33
     716.000     0.999996      2238246    262144.00
     817.000     0.999997      2238247    291271.11
     855.000     0.999997      2238248    327680.00
     865.000     0.999997      2238249    374491.43
     865.000     0.999998      2238249    436906.67
     870.000     0.999998      2238250    524288.00
     890.000     0.999998      2238251    582542.22
     890.000     0.999998      2238251    655360.00
     897.000     0.999999      2238252    748982.86
     897.000     0.999999      2238252    873813.33
     897.000     0.999999      2238252   1048576.00
     924.000     0.999999      2238253   1165084.44
     924.000     0.999999      2238253   1310720.00
     924.000     0.999999      2238253   1497965.71
     924.000     0.999999      2238253   1747626.67
     924.000     1.000000      2238253   2097152.00
     935.000     1.000000      2238254   2330168.89
     935.000     1.000000      2238254          inf
#[Mean    =       84.007, StdDeviation   =       13.984]
#[Max     =      935.000, Total count    =      2238254]
#[Buckets =            1, SubBuckets     =         2048]
