       Value   Percentile   TotalCount 1/(1-Percentile)

     121.000     0.000000            1         1.00
     956.000     0.100000       947594         1.11
    1515.000     0.200000      1894492         1.25
    1859.000     0.300000      2842369         1.43
    2121.000     0.400000      3795516         1.67
    2407.000     0.500000      4737079         2.00
    2601.000     0.550000      5213866         2.22
    2863.000     0.600000      5686166         2.50
    3223.000     0.650000      6157020         2.86
    3729.000     0.700000      6631033         3.33
    4571.000     0.750000      7105274         4.00
    5227.000     0.775000      7342299         4.44
    5959.000     0.800000      7578295         5.00
    6727.000     0.825000      7815045         5.71
    7547.000     0.850000      8052058         6.67
    8511.000     0.875000      8288589         8.00
    9119.000     0.887500      8407210         8.89
    9855.000     0.900000      8525382        10.00
   10807.000     0.912500      8643638        11.43
   12015.000     0.925000      8762087        13.33
   13479.000     0.937500      8880685        16.00
   14311.000     0.943750      8939597        17.78
   15271.000     0.950000      8998701        20.00
   16495.000     0.956250      9058147        22.86
   18191.000     0.962500      9117467        26.67
   20831.000     0.968750      9176426        32.00
   22767.000     0.971875      9205847        35.56
   25311.000     0.975000      9235489        40.00
   28767.000     0.978125      9265008        45.71
   33663.000     0.981250      9294757        53.33
   39967.000     0.984375      9324308        64.00
   43903.000     0.985938      9339091        71.11
   48767.000     0.987500      9353886        80.00
   55135.000     0.989062      9368628        91.43
   64767.000     0.990625      9383423       106.67
   78335.000     0.992188      9398228       128.00
   88639.000     0.992969      9405647       142.22
   99263.000     0.993750      9413008       160.00
  115775.000     0.994531      9420418       182.86
  136959.000     0.995313      9427849       213.33
  159231.000     0.996094      9435229       256.00
  172415.000     0.996484      9438928       284.44
  186239.000     0.996875      9442626       320.00
  200191.000     0.997266      9446327       365.71
  214783.000     0.997656      9450025       426.67
  236159.000     0.998047      9453713       512.00
  253183.000     0.998242      9455563       568.89
  263935.000     0.998437      9457459       640.00
  272895.000     0.998633      9459289       731.43
  283903.000     0.998828      9461113       853.33
  304383.000     0.999023      9462961      1024.00
  329727.000     0.999121      9463887      1137.78
  348159.000     0.999219      9464815      1280.00
  369919.000     0.999316      9465734      1462.86
  388607.000     0.999414      9466667      1706.67
  407039.000     0.999512      9467593      2048.00
  420607.000     0.999561      9468050      2275.56
  441599.000     0.999609      9468519      2560.00
  465407.000     0.999658      9468975      2925.71
  503807.000     0.999707      9469442      3413.33
  537087.000     0.999756      9469915      4096.00
  542719.000     0.999780      9470144      4551.11
  554495.000     0.999805      9470363      5120.00
  569855.000     0.999829      9470595      5851.43
  585727.000     0.999854      9470827      6826.67
  606207.000     0.999878      9471060      8192.00
  612351.000     0.999890      9471176      9102.22
  617471.000     0.999902      9471292     10240.00
  629759.000     0.999915      9471400     11702.86
  665599.000     0.999927      9471521     13653.33
  676351.000     0.999939      9471631     16384.00
  701439.000     0.999945      9471693     18204.44
  711167.000     0.999951      9471747     20480.00
  753663.000     0.999957      9471807     23405.71
  818175.000     0.999963      9471863     27306.67
  843263.000     0.999969      9471920     32768.00
  869375.000     0.999973      9471949     36408.89
  922623.000     0.999976      9471980     40960.00
  968191.000     0.999979      9472008     46811.43
 1077247.000     0.999982      9472036     54613.33
 1083391.000     0.999985      9472068     65536.00
 1084415.000     0.999986      9472080     72817.78
 1086463.000     0.999988      9472100     81920.00
 1088511.000     0.999989      9472118     93622.86
 1090559.000     0.999991      9472123    109226.67
 1106943.000     0.999992      9472139    131072.00
 1132543.000     0.999993      9472144    145635.56
 1150975.000     0.999994      9472152    163840.00
 1156095.000     0.999995      9472162    187245.71
 1157119.000     0.999995      9472167    218453.33
 1159167.000     0.999996      9472176    262144.00
 1160191.000     0.999997      9472179    291271.11
 1161215.000     0.999997      9472183    327680.00
 1162239.000     0.999997      9472184    374491.43
 1174527.000     0.999998      9472189    436906.67
 1175551.000     0.999998      9472191    524288.00
 1190911.000     0.999998      9472194    582542.22
 1191935.000     0.999998      9472197    655360.00
 1191935.000     0.999999      9472197    748982.86
 1215487.000     0.999999      9472201    873813.33
 1215487.000     0.999999      9472201   1048576.00
 1215487.000     0.999999      9472201   1165084.44
 1371135.000     0.999999      9472203   1310720.00
 1371135.000     0.999999      9472203   1497965.71
 1373183.000     0.999999      9472204   1747626.67
 1376255.000     1.000000      9472205   2097152.00
 1376255.000     1.000000      9472205   2330168.89
 1392639.000     1.000000      9472206   2621440.00
 1392639.000     1.000000      9472206   2995931.43
 1396735.000     1.000000      9472209   3495253.33
 1396735.000     1.000000      9472209          inf
#[Mean    =     5927.314, StdDeviation   =    21235.848]
#[Max     =  1396735.000, Total count    =      9472209]
#[Buckets =           11, SubBuckets     =         2048]
