       Value   Percentile   TotalCount 1/(1-Percentile)

      47.000     0.000000            2         1.00
     305.000     0.100000      1351222         1.11
     396.000     0.200000      2693394         1.25
     485.000     0.300000      4034608         1.43
     590.000     0.400000      5371601         1.67
     737.000     0.500000      6715576         2.00
     854.000     0.550000      7385454         2.22
    1038.000     0.600000      8055278         2.50
    1348.000     0.650000      8726508         2.86
    1797.000     0.700000      9396732         3.33
    2313.000     0.750000     10068010         4.00
    2575.000     0.775000     10403881         4.44
    2859.000     0.800000     10740337         5.00
    3203.000     0.825000     11074129         5.71
    3873.000     0.850000     11410107         6.67
    5423.000     0.875000     11745264         8.00
    6695.000     0.887500     11913117         8.89
    8127.000     0.900000     12080842        10.00
    9855.000     0.912500     12248943        11.43
   12159.000     0.925000     12416416        13.33
   15751.000     0.937500     12584054        16.00
   18143.000     0.943750     12668384        17.78
   20847.000     0.950000     12751949        20.00
   23855.000     0.956250     12835696        22.86
   27535.000     0.962500     12919593        26.67
   31471.000     0.968750     13003559        32.00
   33567.000     0.971875     13045814        35.56
   35775.000     0.975000     13087744        40.00
   38111.000     0.978125     13129504        45.71
   40735.000     0.981250     13171605        53.33
   43935.000     0.984375     13213504        64.00
   46015.000     0.985938     13234320        71.11
   48863.000     0.987500     13255254        80.00
   52383.000     0.989062     13276166        91.43
   56927.000     0.990625     13297161       106.67
   68031.000     0.992188     13318061       128.00
   79807.000     0.992969     13328611       142.22
   93183.000     0.993750     13339069       160.00
  113023.000     0.994531     13349536       182.86
  127039.000     0.995313     13360021       213.33
  139007.000     0.996094     13370501       256.00
  152831.000     0.996484     13375739       284.44
  163839.000     0.996875     13380998       320.00
  173951.000     0.997266     13386233       365.71
  181503.000     0.997656     13391555       426.67
  187135.000     0.998047     13396804       512.00
  188671.000     0.998242     13399453       568.89
  189823.000     0.998437     13402058       640.00
  190847.000     0.998633     13404793       731.43
  191999.000     0.998828     13407344       853.33
  194047.000     0.999023     13409876      1024.00
  196479.000     0.999121     13411146      1137.78
  203391.000     0.999219     13412448      1280.00
  210047.000     0.999316     13413754      1462.86
  226431.000     0.999414     13415063      1706.67
  253695.000     0.999512     13416393      2048.00
  271615.000     0.999561     13417040      2275.56
  300543.000     0.999609     13417686      2560.00
  313087.000     0.999658     13418366      2925.71
  334847.000     0.999707     13418996      3413.33
  349695.000     0.999756     13419658      4096.00
  363775.000     0.999780     13419979      4551.11
  378367.000     0.999805     13420306      5120.00
  390143.000     0.999829     13420644      5851.43
  412415.000     0.999854     13420963      6826.67
  437759.000     0.999878     13421296      8192.00
  458751.000     0.999890     13421454      9102.22
  481535.000     0.999902     13421619     10240.00
  501759.000     0.999915     13421786     11702.86
  523519.000     0.999927     13421954     13653.33
  543743.000     0.999939     13422115     16384.00
  547327.000     0.999945     13422190     18204.44
  556031.000     0.999951     13422275     20480.00
  593407.000     0.999957     13422355     23405.71
  608767.000     0.999963     13422453     27306.67
  617471.000     0.999969     13422518     32768.00
  624639.000     0.999973     13422559     36408.89
  629759.000     0.999976     13422600     40960.00
  645119.000     0.999979     13422644     46811.43
  692223.000     0.999982     13422682     54613.33
  701951.000     0.999985     13422724     65536.00
  715263.000     0.999986     13422750     72817.78
  769023.000     0.999988     13422764     81920.00
  776191.000     0.999989     13422784     93622.86
  783359.000     0.999991     13422805    109226.67
  802303.000     0.999992     13422829    131072.00
  817151.000     0.999993     13422838    145635.56
  817663.000     0.999994     13422851    163840.00
  818175.000     0.999995     13422856    187245.71
  819199.000     0.999995     13422868    218453.33
  830463.000     0.999996     13422880    262144.00
  830975.000     0.999997     13422886    291271.11
  831999.000     0.999997     13422895    327680.00
  831999.000     0.999997     13422895    374491.43
  832511.000     0.999998     13422903    436906.67
  832511.000     0.999998     13422903    524288.00
  833023.000     0.999998     13422912    582542.22
  833023.000     0.999998     13422912    655360.00
  833023.000     0.999999     13422912    748982.86
  833023.000     0.999999     13422912    873813.33
  834047.000     0.999999     13422923   1048576.00
  834047.000     0.999999     13422923   1165084.44
  834047.000     0.999999     13422923   1310720.00
  834047.000     0.999999     13422923   1497965.71
  834047.000     0.999999     13422923   1747626.67
  834047.000     1.000000     13422923   2097152.00
  834047.000     1.000000     13422923   2330168.89
  834047.000     1.000000     13422923   2621440.00
  834047.000     1.000000     13422923   2995931.43
  834559.000     1.000000     13422927   3495253.33
  834559.000     1.000000     13422927          inf
#[Mean    =     4448.523, StdDeviation   =    16913.208]
#[Max     =   834559.000, Total count    =     13422927]
#[Buckets =           10, SubBuckets     =         2048]
