       Value   Percentile   TotalCount 1/(1-Percentile)

      75.000     0.000000            1         1.00
      81.000     0.100000        28192         1.11
      82.000     0.200000        40841         1.25
     121.000     0.300000        57470         1.43
     150.000     0.400000        76496         1.67
     160.000     0.500000        98890         2.00
     161.000     0.550000       106185         2.22
     165.000     0.600000       115969         2.50
     176.000     0.650000       124138         2.86
     190.000     0.700000       135586         3.33
     192.000     0.750000       148158         4.00
     192.000     0.775000       148158         4.44
     193.000     0.800000       157426         5.00
     194.000     0.825000       163967         5.71
     194.000     0.850000       163967         6.67
     195.000     0.875000       167049         8.00
     196.000     0.887500       169484         8.89
     197.000     0.900000       172674        10.00
     198.000     0.912500       176245        11.43
     199.000     0.925000       178717        13.33
     200.000     0.937500       180252        16.00
     200.000     0.943750       180252        17.78
     201.000     0.950000       181427        20.00
     203.000     0.956250       183174        22.86
     204.000     0.962500       183899        26.67
     206.000     0.968750       185347        32.00
     207.000     0.971875       186256        35.56
     207.000     0.975000       186256        40.00
     208.000     0.978125       187049        45.71
     209.000     0.981250       187716        53.33
     210.000     0.984375       188253        64.00
     210.000     0.985938       188253        71.11
     211.000     0.987500       188720        80.00
     212.000     0.989062       189040        91.43
     213.000     0.990625       189331       106.67
     214.000     0.992188       189558       128.00
     214.000     0.992969       189558       142.22
     215.000     0.993750       189750       160.00
     216.000     0.994531       189908       182.86
     217.000     0.995313       190048       213.33
     218.000     0.996094       190162       256.00
     219.000     0.996484       190270       284.44
     220.000     0.996875       190350       320.00
     221.000     0.997266       190431       365.71
     222.000     0.997656       190484       426.67
     223.000     0.998047       190535       512.00
     224.000     0.998242       190586       568.89
     225.000     0.998437       190625       640.00
     226.000     0.998633       190658       731.43
     227.000     0.998828       190677       853.33
     229.000     0.999023       190718      1024.00
     230.000     0.999121       190733      1137.78
     232.000     0.999219       190759      1280.00
     233.000     0.999316       190769      1462.86
     235.000     0.999414       190789      1706.67
     238.000     0.999512       190806      2048.00
     242.000     0.999561       190814      2275.56
     247.000     0.999609       190822      2560.00
     253.000     0.999658       190830      2925.71
     271.000     0.999707       190840      3413.33
     313.000     0.999756       190849      4096.00
     340.000     0.999780       190854      4551.11
     417.000     0.999805       190858      5120.00
     489.000     0.999829       190863      5851.43
     658.000     0.999854       190868      6826.67
    2309.000     0.999878       190872      8192.00
    2565.000     0.999890       190875      9102.22
    2687.000     0.999902       190877     10240.00
    2727.000     0.999915       190879     11702.86
    2917.000     0.999927       190882     13653.33
    3237.000     0.999939       190884     16384.00
    3339.000     0.999945       190885     18204.44
    3479.000     0.999951       190886     20480.00
    3533.000     0.999957       190887     23405.71
    9063.000     0.999963       190889     27306.67
   18431.000     0.999969       190890     32768.00
   18431.000     0.999973       190890     36408.89
   18591.000     0.999976       190891     40960.00
   18591.000     0.999979       190891     46811.43
   18911.000     0.999982       190892     54613.33
   19391.000     0.999985       190893     65536.00
   19391.000     0.999986       190893     72817.78
   19391.000     0.999988       190893     81920.00
   19391.000     0.999989       190893     93622.86
   19455.000     0.999991       190894    109226.67
   19455.000     0.999992       190894    131072.00
   19455.000     0.999993       190894    145635.56
   19455.000     0.999994       190894    163840.00
   19455.000     0.999995       190894    187245.71
   20111.000     0.999995       190895    218453.33
   20111.000     1.000000       190895          inf
#[Mean    =      148.357, StdDeviation   =      120.859]
#[Max     =    20111.000, Total count    =       190895]
#[Buckets =            5, SubBuckets     =         2048]
