       Value   Percentile   TotalCount 1/(1-Percentile)

      90.000     0.000000            1         1.00
     496.000     0.100000       867018         1.11
     710.000     0.200000      1733031         1.25
     956.000     0.300000      2598933         1.43
    1256.000     0.400000      3464490         1.67
    1602.000     0.500000      4330651         2.00
    1794.000     0.550000      4762847         2.22
    2009.000     0.600000      5195242         2.50
    2261.000     0.650000      5629413         2.86
    2563.000     0.700000      6060713         3.33
    2935.000     0.750000      6494316         4.00
    3151.000     0.775000      6710244         4.44
    3393.000     0.800000      6926585         5.00
    3667.000     0.825000      7142277         5.71
    3987.000     0.850000      7359018         6.67
    4375.000     0.875000      7575376         8.00
    4607.000     0.887500      7683062         8.89
    4879.000     0.900000      7791331        10.00
    5207.000     0.912500      7900346        11.43
    5615.000     0.925000      8008328        13.33
    6159.000     0.937500      8116175        16.00
    6511.000     0.943750      8169935        17.78
    6971.000     0.950000      8224251        20.00
    7583.000     0.956250      8278087        22.86
    8471.000     0.962500      8332537        26.67
    9831.000     0.968750      8386406        32.00
   10863.000     0.971875      8413482        35.56
   12335.000     0.975000      8440426        40.00
   14551.000     0.978125      8467450        45.71
   17999.000     0.981250      8494503        53.33
   23823.000     0.984375      8521596        64.00
   27839.000     0.985938      8535121        71.11
   32735.000     0.987500      8548612        80.00
   38047.000     0.989062      8562205        91.43
   43519.000     0.990625      8575661       106.67
   52095.000     0.992188      8589214       128.00
   57215.000     0.992969      8595959       142.22
   64895.000     0.993750      8602718       160.00
   71935.000     0.994531      8609482       182.86
   81279.000     0.995313      8616273       213.33
   92223.000     0.996094      8623033       256.00
  100863.000     0.996484      8626382       284.44
  113471.000     0.996875      8629778       320.00
  126527.000     0.997266      8633157       365.71
  144383.000     0.997656      8636532       426.67
  165375.000     0.998047      8639928       512.00
  178943.000     0.998242      8641612       568.89
  192895.000     0.998437      8643293       640.00
  212991.000     0.998633      8644986       731.43
  237183.000     0.998828      8646679       853.33
  267007.000     0.999023      8648370      1024.00
  291583.000     0.999121      8649207      1137.78
  322815.000     0.999219      8650055      1280.00
  349183.000     0.999316      8650906      1462.86
  388607.000     0.999414      8651743      1706.67
  440575.000     0.999512      8652596      2048.00
  478975.000     0.999561      8653011      2275.56
  510719.000     0.999609      8653435      2560.00
  553983.000     0.999658      8653859      2925.71
  594943.000     0.999707      8654289      3413.33
  624639.000     0.999756      8654704      4096.00
  650751.000     0.999780      8654913      4551.11
  674815.000     0.999805      8655128      5120.00
  715263.000     0.999829      8655336      5851.43
  733695.000     0.999854      8655547      6826.67
  780799.000     0.999878      8655762      8192.00
  812543.000     0.999890      8655870      9102.22
  821247.000     0.999902      8655973     10240.00
  832511.000     0.999915      8656078     11702.86
  835583.000     0.999927      8656181     13653.33
  858111.000     0.999939      8656301     16384.00
  858623.000     0.999945      8656346     18204.44
  864255.000     0.999951      8656393     20480.00
  878079.000     0.999957      8656446     23405.71
  889855.000     0.999963      8656501     27306.67
  893951.000     0.999969      8656555     32768.00
  904191.000     0.999973      8656578     36408.89
  931839.000     0.999976      8656605     40960.00
  936959.000     0.999979      8656634     46811.43
  941567.000     0.999982      8656661     54613.33
  946687.000     0.999985      8656684     65536.00
  955391.000     0.999986      8656698     72817.78
  961023.000     0.999988      8656710     81920.00
  971775.000     0.999989      8656725     93622.86
 1005567.000     0.999991      8656737    109226.67
 1072127.000     0.999992      8656750    131072.00
 1075199.000     0.999993      8656756    145635.56
 1077247.000     0.999994      8656766    163840.00
 1078271.000     0.999995      8656769    187245.71
 1081343.000     0.999995      8656778    218453.33
 1082367.000     0.999996      8656783    262144.00
 1083391.000     0.999997      8656787    291271.11
 1084415.000     0.999997      8656790    327680.00
 1145855.000     0.999997      8656793    374491.43
 1198079.000     0.999998      8656796    436906.67
 1201151.000     0.999998      8656800    524288.00
 1242111.000     0.999998      8656801    582542.22
 1243135.000     0.999998      8656802    655360.00
 1542143.000     0.999999      8656808    748982.86
 1542143.000     0.999999      8656808    873813.33
 1542143.000     0.999999      8656808   1048576.00
 1542143.000     0.999999      8656808   1165084.44
 1545215.000     0.999999      8656813   1310720.00
 1545215.000     0.999999      8656813   1497965.71
 1545215.000     0.999999      8656813   1747626.67
 1545215.000     1.000000      8656813   2097152.00
 1545215.000     1.000000      8656813   2330168.89
 1545215.000     1.000000      8656813   2621440.00
 1545215.000     1.000000      8656813   2995931.43
 1545215.000     1.000000      8656813   3495253.33
 1545215.000     1.000000      8656813   4194304.00
 1553407.000     1.000000      8656814   4660337.78
 1553407.000     1.000000      8656814   5242880.00
 1553407.000     1.000000      8656814   5991862.86
 1553407.000     1.000000      8656814   6990506.67
 1553407.000     1.000000      8656814   8388608.00
 1556479.000     1.000000      8656815   9320675.55
 1556479.000     1.000000      8656815          inf
#[Mean    =     3682.129, StdDeviation   =    19570.107]
#[Max     =  1556479.000, Total count    =      8656815]
#[Buckets =           11, SubBuckets     =         2048]
