       Value   Percentile   TotalCount 1/(1-Percentile)

      96.000     0.000000            4         1.00
     202.000     0.100000       250234         1.11
     265.000     0.200000       500437         1.25
     342.000     0.300000       745946         1.43
     447.000     0.400000       994430         1.67
    1789.000     0.500000      1242371         2.00
    7063.000     0.550000      1366615         2.22
   11367.000     0.600000      1490911         2.50
   20479.000     0.650000      1615139         2.86
   38015.000     0.700000      1739357         3.33
   58495.000     0.750000      1863780         4.00
   65023.000     0.775000      1925674         4.44
   70783.000     0.800000      1988352         5.00
   76607.000     0.825000      2050184         5.71
   83903.000     0.850000      2112315         6.67
   91775.000     0.875000      2174196         8.00
   95999.000     0.887500      2205539         8.89
  100287.000     0.900000      2236347        10.00
  104895.000     0.912500      2267431        11.43
  109695.000     0.925000      2298735        13.33
  114751.000     0.937500      2329605        16.00
  117567.000     0.943750      2345032        17.78
  120703.000     0.950000      2360527        20.00
  124351.000     0.956250      2376060        22.86
  128767.000     0.962500      2391657        26.67
  134271.000     0.968750      2407318        32.00
  137599.000     0.971875      2415096        35.56
  141311.000     0.975000      2422827        40.00
  145023.000     0.978125      2430524        45.71
  148735.000     0.981250      2438136        53.33
  152959.000     0.984375      2445929        64.00
  155519.000     0.985938      2449914        71.11
  158079.000     0.987500      2453680        80.00
  161151.000     0.989062      2457597        91.43
  164735.000     0.990625      2461482       106.67
  169215.000     0.992188      2465386       128.00
  171775.000     0.992969      2467303       142.22
  174591.000     0.993750      2469243       160.00
  178175.000     0.994531      2471169       182.86
  182399.000     0.995313      2473086       213.33
  187647.000     0.996094      2475045       256.00
  190591.000     0.996484      2476014       284.44
  193919.000     0.996875      2476983       320.00
  197503.000     0.997266      2477934       365.71
  201599.000     0.997656      2478911       426.67
  206591.000     0.998047      2479897       512.00
  208895.000     0.998242      2480373       568.89
  211711.000     0.998437      2480842       640.00
  214655.000     0.998633      2481337       731.43
  218239.000     0.998828      2481820       853.33
  222079.000     0.999023      2482304      1024.00
  223871.000     0.999121      2482544      1137.78
  226431.000     0.999219      2482787      1280.00
  229503.000     0.999316      2483032      1462.86
  232319.000     0.999414      2483281      1706.67
  236159.000     0.999512      2483511      2048.00
  238207.000     0.999561      2483634      2275.56
  240383.000     0.999609      2483762      2560.00
  243583.000     0.999658      2483882      2925.71
  246399.000     0.999707      2483998      3413.33
  249983.000     0.999756      2484118      4096.00
  252159.000     0.999780      2484179      4551.11
  254591.000     0.999805      2484241      5120.00
  257279.000     0.999829      2484304      5851.43
  261887.000     0.999854      2484364      6826.67
  266751.000     0.999878      2484423      8192.00
  272383.000     0.999890      2484453      9102.22
  278783.000     0.999902      2484483     10240.00
  281343.000     0.999915      2484512     11702.86
  285951.000     0.999927      2484545     13653.33
  290303.000     0.999939      2484574     16384.00
  293119.000     0.999945      2484591     18204.44
  294911.000     0.999951      2484604     20480.00
  296959.000     0.999957      2484618     23405.71
  297983.000     0.999963      2484635     27306.67
  301823.000     0.999969      2484649     32768.00
  304383.000     0.999973      2484657     36408.89
  306431.000     0.999976      2484665     40960.00
  308223.000     0.999979      2484673     46811.43
  311039.000     0.999982      2484679     54613.33
  313087.000     0.999985      2484687     65536.00
  314111.000     0.999986      2484690     72817.78
  315135.000     0.999988      2484694     81920.00
  316927.000     0.999989      2484698     93622.86
  320255.000     0.999991      2484702    109226.67
  323839.000     0.999992      2484706    131072.00
  324095.000     0.999993      2484708    145635.56
  324351.000     0.999994      2484709    163840.00
  324607.000     0.999995      2484713    187245.71
  324607.000     0.999995      2484713    218453.33
  325119.000     0.999996      2484715    262144.00
  325375.000     0.999997      2484716    291271.11
  325631.000     0.999997      2484717    327680.00
  326399.000     0.999997      2484718    374491.43
  331263.000     0.999998      2484719    436906.67
  331775.000     0.999998      2484720    524288.00
  331775.000     0.999998      2484720    582542.22
  332031.000     0.999998      2484722    655360.00
  332031.000     0.999999      2484722    748982.86
  332031.000     0.999999      2484722    873813.33
  332031.000     0.999999      2484722   1048576.00
  332031.000     0.999999      2484722   1165084.44
  332287.000     0.999999      2484723   1310720.00
  332287.000     0.999999      2484723   1497965.71
  332287.000     0.999999      2484723   1747626.67
  332287.000     1.000000      2484723   2097152.00
  332287.000     1.000000      2484723   2330168.89
  332543.000     1.000000      2484724   2621440.00
  332543.000     1.000000      2484724          inf
#[Mean    =    30073.264, StdDeviation   =    43996.648]
#[Max     =   332543.000, Total count    =      2484724]
#[Buckets =            9, SubBuckets     =         2048]
