       Value   Percentile   TotalCount 1/(1-Percentile)

      64.000     0.000000            1         1.00
     581.000     0.100000       835123         1.11
     845.000     0.200000      1668799         1.25
    1092.000     0.300000      2499860         1.43
    1355.000     0.400000      3334649         1.67
    1657.000     0.500000      4166306         2.00
    1834.000     0.550000      4584310         2.22
    2034.000     0.600000      4999540         2.50
    2267.000     0.650000      5415901         2.86
    2547.000     0.700000      5834043         3.33
    2895.000     0.750000      6250676         4.00
    3105.000     0.775000      6457674         4.44
    3353.000     0.800000      6666411         5.00
    3651.000     0.825000      6874731         5.71
    4019.000     0.850000      7082257         6.67
    4491.000     0.875000      7291815         8.00
    4775.000     0.887500      7395447         8.89
    5107.000     0.900000      7499613        10.00
    5495.000     0.912500      7602981        11.43
    5963.000     0.925000      7707874        13.33
    6515.000     0.937500      7811599        16.00
    6839.000     0.943750      7863705        17.78
    7195.000     0.950000      7915386        20.00
    7599.000     0.956250      7967483        22.86
    8055.000     0.962500      8019565        26.67
    8599.000     0.968750      8072034        32.00
    8911.000     0.971875      8097889        35.56
    9271.000     0.975000      8123922        40.00
    9687.000     0.978125      8149942        45.71
   10191.000     0.981250      8175869        53.33
   10831.000     0.984375      8201832        64.00
   11239.000     0.985938      8214949        71.11
   11727.000     0.987500      8227970        80.00
   12319.000     0.989062      8240894        91.43
   13071.000     0.990625      8253905       106.67
   14047.000     0.992188      8266880       128.00
   14663.000     0.992969      8273394       142.22
   15391.000     0.993750      8279906       160.00
   16255.000     0.994531      8286433       182.86
   17295.000     0.995313      8293005       213.33
   18543.000     0.996094      8299422       256.00
   19279.000     0.996484      8302678       284.44
   20111.000     0.996875      8305964       320.00
   21023.000     0.997266      8309215       365.71
   22047.000     0.997656      8312461       426.67
   23199.000     0.998047      8315712       512.00
   23871.000     0.998242      8317320       568.89
   24623.000     0.998437      8318948       640.00
   25471.000     0.998633      8320596       731.43
   26399.000     0.998828      8322207       853.33
   27439.000     0.999023      8323845      1024.00
   28063.000     0.999121      8324644      1137.78
   28735.000     0.999219      8325453      1280.00
   29519.000     0.999316      8326270      1462.86
   30383.000     0.999414      8327089      1706.67
   31391.000     0.999512      8327897      2048.00
   31935.000     0.999561      8328302      2275.56
   32591.000     0.999609      8328723      2560.00
   33279.000     0.999658      8329120      2925.71
   34111.000     0.999707      8329532      3413.33
   35167.000     0.999756      8329926      4096.00
   35775.000     0.999780      8330140      4551.11
   36415.000     0.999805      8330335      5120.00
   37151.000     0.999829      8330538      5851.43
   38111.000     0.999854      8330741      6826.67
   39423.000     0.999878      8330943      8192.00
   40223.000     0.999890      8331046      9102.22
   40991.000     0.999902      8331146     10240.00
   41919.000     0.999915      8331248     11702.86
   43103.000     0.999927      8331350     13653.33
   44447.000     0.999939      8331453     16384.00
   45279.000     0.999945      8331503     18204.44
   46079.000     0.999951      8331553     20480.00
   47135.000     0.999957      8331605     23405.71
   48351.000     0.999963      8331654     27306.67
   50111.000     0.999969      8331705     32768.00
   51231.000     0.999973      8331731     36408.89
   52287.000     0.999976      8331756     40960.00
   53279.000     0.999979      8331782     46811.43
   54719.000     0.999982      8331807     54613.33
   56159.000     0.999985      8331832     65536.00
   57023.000     0.999986      8331845     72817.78
   57567.000     0.999988      8331858     81920.00
   58751.000     0.999989      8331873     93622.86
   59551.000     0.999991      8331883    109226.67
   60927.000     0.999992      8331897    131072.00
   61279.000     0.999993      8331902    145635.56
   61631.000     0.999994      8331909    163840.00
   62431.000     0.999995      8331915    187245.71
   62847.000     0.999995      8331921    218453.33
   63839.000     0.999996      8331928    262144.00
   64191.000     0.999997      8331931    291271.11
   64607.000     0.999997      8331934    327680.00
   65247.000     0.999997      8331937    374491.43
   65599.000     0.999998      8331940    436906.67
   66175.000     0.999998      8331944    524288.00
   66239.000     0.999998      8331945    582542.22
   66303.000     0.999998      8331947    655360.00
   66367.000     0.999999      8331948    748982.86
   67263.000     0.999999      8331950    873813.33
   67775.000     0.999999      8331952   1048576.00
   67775.000     0.999999      8331952   1165084.44
   67967.000     0.999999      8331953   1310720.00
   68863.000     0.999999      8331954   1497965.71
   68991.000     0.999999      8331956   1747626.67
   68991.000     1.000000      8331956   2097152.00
   68991.000     1.000000      8331956   2330168.89
   68991.000     1.000000      8331956   2621440.00
   69951.000     1.000000      8331957   2995931.43
   69951.000     1.000000      8331957   3495253.33
   70527.000     1.000000      8331958   4194304.00
   70527.000     1.000000      8331958   4660337.78
   70527.000     1.000000      8331958   5242880.00
   70527.000     1.000000      8331958   5991862.86
   70527.000     1.000000      8331958   6990506.67
   70975.000     1.000000      8331959   8388608.00
   70975.000     1.000000      8331959          inf
#[Mean    =     2444.492, StdDeviation   =     2669.637]
#[Max     =    70975.000, Total count    =      8331959]
#[Buckets =            7, SubBuckets     =         2048]
