       Value   Percentile   TotalCount 1/(1-Percentile)

      81.000     0.000000            1         1.00
     113.000     0.100000       137897         1.11
     119.000     0.200000       293368         1.25
     123.000     0.300000       416066         1.43
     128.000     0.400000       572597         1.67
     132.000     0.500000       693904         2.00
     135.000     0.550000       778946         2.22
     137.000     0.600000       832269         2.50
     140.000     0.650000       905373         2.86
     143.000     0.700000       970258         3.33
     147.000     0.750000      1044404         4.00
     149.000     0.775000      1076912         4.44
     151.000     0.800000      1106145         5.00
     153.000     0.825000      1132838         5.71
     156.000     0.850000      1169171         6.67
     159.000     0.875000      1200603         8.00
     161.000     0.887500      1219198         8.89
     163.000     0.900000      1236035        10.00
     165.000     0.912500      1251021        11.43
     168.000     0.925000      1270529        13.33
     171.000     0.937500      1286736        16.00
     173.000     0.943750      1295952        17.78
     175.000     0.950000      1303893        20.00
     177.000     0.956250      1311156        22.86
     180.000     0.962500      1320175        26.67
     183.000     0.968750      1327711        32.00
     186.000     0.971875      1333843        35.56
     188.000     0.975000      1337344        40.00
     190.000     0.978125      1340558        45.71
     194.000     0.981250      1346000        53.33
     197.000     0.984375      1349494        64.00
     199.000     0.985938      1351622        71.11
     201.000     0.987500      1353500        80.00
     204.000     0.989062      1355979        91.43
     207.000     0.990625      1358217       106.67
     210.000     0.992188      1360173       128.00
     212.000     0.992969      1361298       142.22
     214.000     0.993750      1362291       160.00
     216.000     0.994531      1363217       182.86
     219.000     0.995313      1364329       213.33
     222.000     0.996094      1365306       256.00
     224.000     0.996484      1365876       284.44
     226.000     0.996875      1366387       320.00
     228.000     0.997266      1366813       365.71
     231.000     0.997656      1367399       426.67
     235.000     0.998047      1367977       512.00
     237.000     0.998242      1368227       568.89
     239.000     0.998437      1368447       640.00
     242.000     0.998633      1368755       731.43
     245.000     0.998828      1368991       853.33
     248.000     0.999023      1369204      1024.00
     250.000     0.999121      1369343      1137.78
     253.000     0.999219      1369493      1280.00
     256.000     0.999316      1369643      1462.86
     259.000     0.999414      1369763      1706.67
     262.000     0.999512      1369886      2048.00
     265.000     0.999561      1369964      2275.56
     267.000     0.999609      1370014      2560.00
     270.000     0.999658      1370089      2925.71
     274.000     0.999707      1370146      3413.33
     280.000     0.999756      1370207      4096.00
     285.000     0.999780      1370244      4551.11
     293.000     0.999805      1370271      5120.00
     312.000     0.999829      1370304      5851.43
     364.000     0.999854      1370338      6826.67
     720.000     0.999878      1370371      8192.00
    1093.000     0.999890      1370388      9102.22
    1366.000     0.999902      1370405     10240.00
    2279.000     0.999915      1370421     11702.86
    5343.000     0.999927      1370438     13653.33
   14607.000     0.999939      1370455     16384.00
   22479.000     0.999945      1370464     18204.44
   25599.000     0.999951      1370472     20480.00
   26703.000     0.999957      1370480     23405.71
   29823.000     0.999963      1370488     27306.67
   35071.000     0.999969      1370497     32768.00
   38879.000     0.999973      1370501     36408.89
   39199.000     0.999976      1370505     40960.00
   39775.000     0.999979      1370509     46811.43
   39967.000     0.999982      1370513     54613.33
   41183.000     0.999985      1370518     65536.00
   42079.000     0.999986      1370520     72817.78
   43327.000     0.999988      1370522     81920.00
   44095.000     0.999989      1370524     93622.86
   45375.000     0.999991      1370526    109226.67
   46911.000     0.999992      1370528    131072.00
   49375.000     0.999993      1370529    145635.56
   49407.000     0.999994      1370530    163840.00
   49439.000     0.999995      1370531    187245.71
   50143.000     0.999995      1370532    218453.33
   50175.000     0.999996      1370533    262144.00
   50367.000     0.999997      1370534    291271.11
   50367.000     0.999997      1370534    327680.00
   53247.000     0.999997      1370535    374491.43
   53247.000     0.999998      1370535    436906.67
   56863.000     0.999998      1370536    524288.00
   56863.000     0.999998      1370536    582542.22
   56863.000     0.999998      1370536    655360.00
   58303.000     0.999999      1370537    748982.86
   58303.000     0.999999      1370537    873813.33
   58303.000     0.999999      1370537   1048576.00
   58303.000     0.999999      1370537   1165084.44
   58303.000     0.999999      1370537   1310720.00
   58335.000     0.999999      1370538   1497965.71
   58335.000     1.000000      1370538          inf
#[Mean    =      138.339, StdDeviation   =      286.490]
#[Max     =    58335.000, Total count    =      1370538]
#[Buckets =            6, SubBuckets     =         2048]
