       Value   Percentile   TotalCount 1/(1-Percentile)

      62.000     0.000000            1         1.00
     548.000     0.100000       904884         1.11
     821.000     0.200000      1808200         1.25
    1096.000     0.300000      2711895         1.43
    1413.000     0.400000      3615420         1.67
    1835.000     0.500000      4519149         2.00
    2119.000     0.550000      4972367         2.22
    2463.000     0.600000      5422503         2.50
    2873.000     0.650000      5875591         2.86
    3367.000     0.700000      6327274         3.33
    3991.000     0.750000      6778236         4.00
    4355.000     0.775000      7004717         4.44
    4747.000     0.800000      7230606         5.00
    5159.000     0.825000      7456116         5.71
    5599.000     0.850000      7682904         6.67
    6071.000     0.875000      7907721         8.00
    6335.000     0.887500      8021896         8.89
    6619.000     0.900000      8133696        10.00
    6943.000     0.912500      8246677        11.43
    7323.000     0.925000      8359825        13.33
    7795.000     0.937500      8472841        16.00
    8079.000     0.943750      8528829        17.78
    8423.000     0.950000      8586335        20.00
    8823.000     0.956250      8641978        22.86
    9335.000     0.962500      8698870        26.67
   10007.000     0.968750      8754944        32.00
   10447.000     0.971875      8783263        35.56
   10975.000     0.975000      8811545        40.00
   11607.000     0.978125      8839554        45.71
   12391.000     0.981250      8867678        53.33
   13407.000     0.984375      8895968        64.00
   14031.000     0.985938      8910025        71.11
   14759.000     0.987500      8924219        80.00
   15639.000     0.989062      8938274        91.43
   16751.000     0.990625      8952455       106.67
   18159.000     0.992188      8966499       128.00
   19023.000     0.992969      8973573       142.22
   19999.000     0.993750      8980662       160.00
   21087.000     0.994531      8987664       182.86
   22287.000     0.995313      8994800       213.33
   23599.000     0.996094      9001796       256.00
   24335.000     0.996484      9005377       284.44
   25071.000     0.996875      9008845       320.00
   25887.000     0.997266      9012381       365.71
   26751.000     0.997656      9015937       426.67
   27695.000     0.998047      9019445       512.00
   28223.000     0.998242      9021244       568.89
   28767.000     0.998437      9022989       640.00
   29359.000     0.998633      9024767       731.43
   30031.000     0.998828      9026523       853.33
   30751.000     0.999023      9028268      1024.00
   31167.000     0.999121      9029147      1137.78
   31631.000     0.999219      9030040      1280.00
   32143.000     0.999316      9030937      1462.86
   32703.000     0.999414      9031807      1706.67
   33375.000     0.999512      9032685      2048.00
   33759.000     0.999561      9033131      2275.56
   34207.000     0.999609      9033561      2560.00
   34687.000     0.999658      9034015      2925.71
   35231.000     0.999707      9034459      3413.33
   35871.000     0.999756      9034890      4096.00
   36191.000     0.999780      9035099      4551.11
   36575.000     0.999805      9035326      5120.00
   36991.000     0.999829      9035540      5851.43
   37503.000     0.999854      9035762      6826.67
   38079.000     0.999878      9035980      8192.00
   38495.000     0.999890      9036100      9102.22
   38847.000     0.999902      9036207     10240.00
   39263.000     0.999915      9036317     11702.86
   39775.000     0.999927      9036424     13653.33
   40351.000     0.999939      9036536     16384.00
   40639.000     0.999945      9036591     18204.44
   40959.000     0.999951      9036647     20480.00
   41311.000     0.999957      9036700     23405.71
   41727.000     0.999963      9036753     27306.67
   42239.000     0.999969      9036808     32768.00
   42527.000     0.999973      9036836     36408.89
   42975.000     0.999976      9036864     40960.00
   43263.000     0.999979      9036891     46811.43
   43743.000     0.999982      9036918     54613.33
   44255.000     0.999985      9036946     65536.00
   44447.000     0.999986      9036959     72817.78
   44735.000     0.999988      9036973     81920.00
   45215.000     0.999989      9036988     93622.86
   45727.000     0.999991      9037001    109226.67
   46303.000     0.999992      9037015    131072.00
   46463.000     0.999993      9037021    145635.56
   46751.000     0.999994      9037028    163840.00
   47167.000     0.999995      9037035    187245.71
   47647.000     0.999995      9037042    218453.33
   47999.000     0.999996      9037050    262144.00
   48095.000     0.999997      9037052    291271.11
   48191.000     0.999997      9037057    327680.00
   48415.000     0.999997      9037059    374491.43
   48927.000     0.999998      9037063    436906.67
   49247.000     0.999998      9037066    524288.00
   49791.000     0.999998      9037068    582542.22
   50047.000     0.999998      9037070    655360.00
   50239.000     0.999999      9037071    748982.86
   50847.000     0.999999      9037073    873813.33
   50911.000     0.999999      9037075   1048576.00
   51487.000     0.999999      9037076   1165084.44
   51743.000     0.999999      9037078   1310720.00
   51743.000     0.999999      9037078   1497965.71
   51743.000     0.999999      9037078   1747626.67
   52479.000     1.000000      9037079   2097152.00
   52895.000     1.000000      9037080   2330168.89
   52895.000     1.000000      9037080   2621440.00
   52895.000     1.000000      9037080   2995931.43
   53279.000     1.000000      9037081   3495253.33
   53279.000     1.000000      9037081   4194304.00
   54271.000     1.000000      9037082   4660337.78
   54271.000     1.000000      9037082   5242880.00
   54271.000     1.000000      9037082   5991862.86
   54271.000     1.000000      9037082   6990506.67
   54271.000     1.000000      9037082   8388608.00
   54623.000     1.000000      9037083   9320675.55
   54623.000     1.000000      9037083          inf
#[Mean    =     2984.604, StdDeviation   =     3305.487]
#[Max     =    54623.000, Total count    =      9037083]
#[Buckets =            6, SubBuckets     =         2048]
