       Value   Percentile   TotalCount 1/(1-Percentile)

      75.000     0.000000            2         1.00
     611.000     0.100000       617318         1.11
     984.000     0.200000      1232310         1.25
    1422.000     0.300000      1847279         1.43
    1995.000     0.400000      2463404         1.67
    2839.000     0.500000      3079234         2.00
    3425.000     0.550000      3387319         2.22
    4171.000     0.600000      3694662         2.50
    5147.000     0.650000      4003110         2.86
    6419.000     0.700000      4310532         3.33
    7955.000     0.750000      4618622         4.00
    8775.000     0.775000      4773335         4.44
    9607.000     0.800000      4926783         5.00
   10463.000     0.825000      5080734         5.71
   11359.000     0.850000      5233983         6.67
   12335.000     0.875000      5388470         8.00
   12863.000     0.887500      5465609         8.89
   13423.000     0.900000      5541792        10.00
   14039.000     0.912500      5618683        11.43
   14719.000     0.925000      5696408        13.33
   15471.000     0.937500      5772703        16.00
   15895.000     0.943750      5811082        17.78
   16359.000     0.950000      5849703        20.00
   16879.000     0.956250      5888820        22.86
   17455.000     0.962500      5927326        26.67
   18127.000     0.968750      5965806        32.00
   18511.000     0.971875      5984810        35.56
   18943.000     0.975000      6004201        40.00
   19407.000     0.978125      6022777        45.71
   19983.000     0.981250      6042476        53.33
   20639.000     0.984375      6061442        64.00
   21039.000     0.985938      6071015        71.11
   21503.000     0.987500      6080671        80.00
   22047.000     0.989062      6090341        91.43
   22687.000     0.990625      6099808       106.67
   23519.000     0.992188      6109468       128.00
   24031.000     0.992969      6114220       142.22
   24655.000     0.993750      6119043       160.00
   25471.000     0.994531      6123794       182.86
   26575.000     0.995313      6128581       213.33
   28383.000     0.996094      6133412       256.00
   29823.000     0.996484      6135796       284.44
   32143.000     0.996875      6138209       320.00
   35711.000     0.997266      6140612       365.71
   40863.000     0.997656      6143011       426.67
   49535.000     0.998047      6145416       512.00
   54207.000     0.998242      6146614       568.89
   60159.000     0.998437      6147817       640.00
   66751.000     0.998633      6149019       731.43
   73151.000     0.998828      6150227       853.33
   78015.000     0.999023      6151430      1024.00
   81535.000     0.999121      6152038      1137.78
   85695.000     0.999219      6152637      1280.00
   89279.000     0.999316      6153232      1462.86
   94335.000     0.999414      6153831      1706.67
   99647.000     0.999512      6154431      2048.00
  103231.000     0.999561      6154732      2275.56
  104895.000     0.999609      6155037      2560.00
  107391.000     0.999658      6155338      2925.71
  110143.000     0.999707      6155635      3413.33
  115711.000     0.999756      6155939      4096.00
  117887.000     0.999780      6156087      4551.11
  121023.000     0.999805      6156235      5120.00
  123455.000     0.999829      6156388      5851.43
  126591.000     0.999854      6156535      6826.67
  130623.000     0.999878      6156687      8192.00
  131967.000     0.999890      6156760      9102.22
  132607.000     0.999902      6156835     10240.00
  133759.000     0.999915      6156913     11702.86
  137471.000     0.999927      6156990     13653.33
  141055.000     0.999939      6157064     16384.00
  142975.000     0.999945      6157104     18204.44
  143999.000     0.999951      6157142     20480.00
  147839.000     0.999957      6157173     23405.71
  150911.000     0.999963      6157211     27306.67
  155903.000     0.999969      6157251     32768.00
  156799.000     0.999973      6157268     36408.89
  157311.000     0.999976      6157286     40960.00
  158335.000     0.999979      6157311     46811.43
  159487.000     0.999982      6157324     54613.33
  165887.000     0.999985      6157343     65536.00
  166655.000     0.999986      6157352     72817.78
  167807.000     0.999988      6157363     81920.00
  170751.000     0.999989      6157373     93622.86
  171519.000     0.999991      6157382    109226.67
  175359.000     0.999992      6157391    131072.00
  178175.000     0.999993      6157395    145635.56
  178687.000     0.999994      6157399    163840.00
  180863.000     0.999995      6157404    187245.71
  185727.000     0.999995      6157408    218453.33
  185855.000     0.999996      6157413    262144.00
  186495.000     0.999997      6157416    291271.11
  188287.000     0.999997      6157418    327680.00
  190591.000     0.999997      6157421    374491.43
  191103.000     0.999998      6157423    436906.67
  199807.000     0.999998      6157426    524288.00
  199807.000     0.999998      6157426    582542.22
  199935.000     0.999998      6157427    655360.00
  200831.000     0.999999      6157428    748982.86
  202751.000     0.999999      6157429    873813.33
  206719.000     0.999999      6157431   1048576.00
  206719.000     0.999999      6157431   1165084.44
  207743.000     0.999999      6157432   1310720.00
  207743.000     0.999999      6157432   1497965.71
  211839.000     0.999999      6157433   1747626.67
  212351.000     1.000000      6157434   2097152.00
  212351.000     1.000000      6157434   2330168.89
  212351.000     1.000000      6157434   2621440.00
  212351.000     1.000000      6157434   2995931.43
  215551.000     1.000000      6157436   3495253.33
  215551.000     1.000000      6157436          inf
#[Mean    =     5314.374, StdDeviation   =     6513.705]
#[Max     =   215551.000, Total count    =      6157436]
#[Buckets =            8, SubBuckets     =         2048]
