       Value   Percentile   TotalCount 1/(1-Percentile)

      83.000     0.000000            1         1.00
     113.000     0.100000       155950         1.11
     118.000     0.200000       283975         1.25
     123.000     0.300000       428828         1.43
     127.000     0.400000       545046         1.67
     132.000     0.500000       680830         2.00
     135.000     0.550000       754706         2.22
     138.000     0.600000       821110         2.50
     141.000     0.650000       881202         2.86
     145.000     0.700000       951221         3.33
     149.000     0.750000      1010711         4.00
     152.000     0.775000      1048857         4.44
     155.000     0.800000      1082609         5.00
     158.000     0.825000      1112035         5.71
     162.000     0.850000      1145945         6.67
     167.000     0.875000      1179947         8.00
     170.000     0.887500      1197351         8.89
     173.000     0.900000      1212446        10.00
     177.000     0.912500      1229942        11.43
     182.000     0.925000      1248771        13.33
     187.000     0.937500      1264743        16.00
     190.000     0.943750      1273169        17.78
     193.000     0.950000      1280829        20.00
     196.000     0.956250      1287863        22.86
     200.000     0.962500      1296116        26.67
     205.000     0.968750      1304849        32.00
     208.000     0.971875      1309298        35.56
     211.000     0.975000      1313295        40.00
     214.000     0.978125      1316925        45.71
     218.000     0.981250      1321178        53.33
     223.000     0.984375      1325767        64.00
     225.000     0.985938      1327457        71.11
     228.000     0.987500      1329740        80.00
     231.000     0.989062      1331784        91.43
     234.000     0.990625      1333827       106.67
     238.000     0.992188      1336198       128.00
     240.000     0.992969      1337275       142.22
     242.000     0.993750      1338258       160.00
     244.000     0.994531      1339152       182.86
     246.000     0.995313      1339978       213.33
     249.000     0.996094      1341054       256.00
     251.000     0.996484      1341649       284.44
     253.000     0.996875      1342190       320.00
     255.000     0.997266      1342680       365.71
     257.000     0.997656      1343136       426.67
     260.000     0.998047      1343700       512.00
     262.000     0.998242      1344005       568.89
     263.000     0.998437      1344169       640.00
     265.000     0.998633      1344411       731.43
     268.000     0.998828      1344728       853.33
     271.000     0.999023      1344988      1024.00
     273.000     0.999121      1345114      1137.78
     275.000     0.999219      1345224      1280.00
     277.000     0.999316      1345325      1462.86
     281.000     0.999414      1345486      1706.67
     285.000     0.999512      1345601      2048.00
     288.000     0.999561      1345678      2275.56
     291.000     0.999609      1345724      2560.00
     295.000     0.999658      1345789      2925.71
     302.000     0.999707      1345853      3413.33
     313.000     0.999756      1345917      4096.00
     322.000     0.999780      1345950      4551.11
     336.000     0.999805      1345984      5120.00
     386.000     0.999829      1346015      5851.43
     634.000     0.999854      1346048      6826.67
    1320.000     0.999878      1346082      8192.00
    1715.000     0.999890      1346098      9102.22
    2701.000     0.999902      1346114     10240.00
   11191.000     0.999915      1346130     11702.86
   19919.000     0.999927      1346147     13653.33
   23695.000     0.999939      1346163     16384.00
   25023.000     0.999945      1346172     18204.44
   27727.000     0.999951      1346180     20480.00
   29919.000     0.999957      1346188     23405.71
   31183.000     0.999963      1346196     27306.67
   33663.000     0.999969      1346204     32768.00
   34719.000     0.999973      1346209     36408.89
   36511.000     0.999976      1346213     40960.00
   38303.000     0.999979      1346217     46811.43
   39135.000     0.999982      1346222     54613.33
   40319.000     0.999985      1346225     65536.00
   40543.000     0.999986      1346227     72817.78
   41247.000     0.999988      1346229     81920.00
   44287.000     0.999989      1346231     93622.86
   44511.000     0.999991      1346233    109226.67
   45183.000     0.999992      1346235    131072.00
   49983.000     0.999993      1346236    145635.56
   51807.000     0.999994      1346237    163840.00
   51871.000     0.999995      1346238    187245.71
   51967.000     0.999995      1346239    218453.33
   52639.000     0.999996      1346240    262144.00
   52671.000     0.999997      1346242    291271.11
   52671.000     0.999997      1346242    327680.00
   52671.000     0.999997      1346242    374491.43
   52671.000     0.999998      1346242    436906.67
   52799.000     0.999998      1346243    524288.00
   52799.000     0.999998      1346243    582542.22
   52799.000     0.999998      1346243    655360.00
   55967.000     0.999999      1346244    748982.86
   55967.000     0.999999      1346244    873813.33
   55967.000     0.999999      1346244   1048576.00
   55967.000     0.999999      1346244   1165084.44
   55967.000     0.999999      1346244   1310720.00
   56031.000     0.999999      1346245   1497965.71
   56031.000     1.000000      1346245          inf
#[Mean    =      141.352, StdDeviation   =      300.765]
#[Max     =    56031.000, Total count    =      1346245]
#[Buckets =            6, SubBuckets     =         2048]
