       Value   Percentile   TotalCount 1/(1-Percentile)

      71.000     0.000000            1         1.00
     751.000     0.100000       659321         1.11
    1275.000     0.200000      1316909         1.25
    1892.000     0.300000      1974102         1.43
    2667.000     0.400000      2632245         1.67
    3639.000     0.500000      3290793         2.00
    4203.000     0.550000      3619469         2.22
    4827.000     0.600000      3949025         2.50
    5515.000     0.650000      4278084         2.86
    6275.000     0.700000      4607068         3.33
    7143.000     0.750000      4936292         4.00
    7627.000     0.775000      5100823         4.44
    8151.000     0.800000      5264962         5.00
    8735.000     0.825000      5430289         5.71
    9383.000     0.850000      5593572         6.67
   10135.000     0.875000      5757832         8.00
   10567.000     0.887500      5840893         8.89
   11039.000     0.900000      5922744        10.00
   11567.000     0.912500      6004800        11.43
   12167.000     0.925000      6086846        13.33
   12855.000     0.937500      6169038        16.00
   13247.000     0.943750      6210497        17.78
   13679.000     0.950000      6251557        20.00
   14175.000     0.956250      6292798        22.86
   14735.000     0.962500      6333898        26.67
   15391.000     0.968750      6374595        32.00
   15775.000     0.971875      6395189        35.56
   16215.000     0.975000      6415928        40.00
   16719.000     0.978125      6436788        45.71
   17279.000     0.981250      6456870        53.33
   17983.000     0.984375      6477532        64.00
   18399.000     0.985938      6487771        71.11
   18863.000     0.987500      6497993        80.00
   19407.000     0.989062      6508379        91.43
   20047.000     0.990625      6518526       106.67
   20911.000     0.992188      6528813       128.00
   21455.000     0.992969      6533932       142.22
   22111.000     0.993750      6539115       160.00
   22927.000     0.994531      6544174       182.86
   24063.000     0.995313      6549295       213.33
   25647.000     0.996094      6554459       256.00
   26751.000     0.996484      6557021       284.44
   28159.000     0.996875      6559579       320.00
   30047.000     0.997266      6562147       365.71
   32751.000     0.997656      6564718       426.67
   37343.000     0.998047      6567302       512.00
   39647.000     0.998242      6568577       568.89
   43263.000     0.998437      6569859       640.00
   46047.000     0.998633      6571144       731.43
   49823.000     0.998828      6572429       853.33
   52863.000     0.999023      6573719      1024.00
   55199.000     0.999121      6574355      1137.78
   57471.000     0.999219      6574995      1280.00
   60383.000     0.999316      6575647      1462.86
   63871.000     0.999414      6576286      1706.67
   67903.000     0.999512      6576930      2048.00
   70015.000     0.999561      6577251      2275.56
   72895.000     0.999609      6577569      2560.00
   76031.000     0.999658      6577890      2925.71
   79679.000     0.999707      6578208      3413.33
   83583.000     0.999756      6578531      4096.00
   85439.000     0.999780      6578702      4551.11
   86783.000     0.999805      6578856      5120.00
   88831.000     0.999829      6579012      5851.43
   91903.000     0.999854      6579172      6826.67
   94143.000     0.999878      6579334      8192.00
   95935.000     0.999890      6579417      9102.22
   99135.000     0.999902      6579494     10240.00
  102719.000     0.999915      6579575     11702.86
  104127.000     0.999927      6579654     13653.33
  106751.000     0.999939      6579737     16384.00
  108223.000     0.999945      6579774     18204.44
  111167.000     0.999951      6579814     20480.00
  115711.000     0.999957      6579855     23405.71
  119935.000     0.999963      6579895     27306.67
  131071.000     0.999969      6579935     32768.00
  135807.000     0.999973      6579956     36408.89
  138495.000     0.999976      6579975     40960.00
  143871.000     0.999979      6579995     46811.43
  147455.000     0.999982      6580015     54613.33
  149119.000     0.999985      6580036     65536.00
  150655.000     0.999986      6580049     72817.78
  150783.000     0.999988      6580055     81920.00
  154879.000     0.999989      6580065     93622.86
  156799.000     0.999991      6580075    109226.67
  158975.000     0.999992      6580086    131072.00
  160127.000     0.999993      6580090    145635.56
  163071.000     0.999994      6580095    163840.00
  163839.000     0.999995      6580100    187245.71
  166911.000     0.999995      6580105    218453.33
  168575.000     0.999996      6580111    262144.00
  169343.000     0.999997      6580113    291271.11
  171391.000     0.999997      6580115    327680.00
  172415.000     0.999997      6580118    374491.43
  172543.000     0.999998      6580122    436906.67
  176511.000     0.999998      6580123    524288.00
  177407.000     0.999998      6580124    582542.22
  177663.000     0.999998      6580127    655360.00
  177663.000     0.999999      6580127    748982.86
  181119.000     0.999999      6580128    873813.33
  182655.000     0.999999      6580131   1048576.00
  182655.000     0.999999      6580131   1165084.44
  182655.000     0.999999      6580131   1310720.00
  182655.000     0.999999      6580131   1497965.71
  192127.000     0.999999      6580133   1747626.67
  192127.000     1.000000      6580133   2097152.00
  192127.000     1.000000      6580133   2330168.89
  192127.000     1.000000      6580133   2621440.00
  192127.000     1.000000      6580133   2995931.43
  196223.000     1.000000      6580135   3495253.33
  196223.000     1.000000      6580135          inf
#[Mean    =     5035.564, StdDeviation   =     5067.658]
#[Max     =   196223.000, Total count    =      6580135]
#[Buckets =            8, SubBuckets     =         2048]
