       Value   Percentile   TotalCount 1/(1-Percentile)

      36.000     0.000000            2         1.00
      44.000     0.100000        77917         1.11
      52.000     0.200000       239513         1.25
      52.000     0.300000       239513         1.43
      52.000     0.400000       239513         1.67
      53.000     0.500000       487432         2.00
      53.000     0.550000       487432         2.22
      53.000     0.600000       487432         2.50
      53.000     0.650000       487432         2.86
      53.000     0.700000       487432         3.33
      53.000     0.750000       487432         4.00
      53.000     0.775000       487432         4.44
      53.000     0.800000       487432         5.00
      53.000     0.825000       487432         5.71
      53.000     0.850000       487432         6.67
      53.000     0.875000       487432         8.00
      53.000     0.887500       487432         8.89
      53.000     0.900000       487432        10.00
      53.000     0.912500       487432        11.43
      54.000     0.925000       524657        13.33
      54.000     0.937500       524657        16.00
      54.000     0.943750       524657        17.78
      54.000     0.950000       524657        20.00
      54.000     0.956250       524657        22.86
      54.000     0.962500       524657        26.67
      54.000     0.968750       524657        32.00
      54.000     0.971875       524657        35.56
      54.000     0.975000       524657        40.00
      54.000     0.978125       524657        45.71
      54.000     0.981250       524657        53.33
      54.000     0.984375       524657        64.00
      54.000     0.985938       524657        71.11
      54.000     0.987500       524657        80.00
      54.000     0.989062       524657        91.43
      55.000     0.990625       527473       106.67
      55.000     0.992188       527473       128.00
      55.000     0.992969       527473       142.22
      55.000     0.993750       527473       160.00
      55.000     0.994531       527473       182.86
      56.000     0.995313       528452       213.33
      56.000     0.996094       528452       256.00
      56.000     0.996484       528452       284.44
      57.000     0.996875       529177       320.00
      57.000     0.997266       529177       365.71
      57.000     0.997656       529177       426.67
      57.000     0.998047       529177       512.00
      58.000     0.998242       529654       568.89
      58.000     0.998437       529654       640.00
      58.000     0.998633       529654       731.43
      58.000     0.998828       529654       853.33
      58.000     0.999023       529654      1024.00
      59.000     0.999121       529948      1137.78
      59.000     0.999219       529948      1280.00
      59.000     0.999316       529948      1462.86
      59.000     0.999414       529948      1706.67
      59.000     0.999512       529948      2048.00
      59.000     0.999561       529948      2275.56
      59.000     0.999609       529948      2560.00
      59.000     0.999658       529948      2925.71
      60.000     0.999707       530047      3413.33
      60.000     0.999756       530047      4096.00
      60.000     0.999780       530047      4551.11
      60.000     0.999805       530047      5120.00
      60.000     0.999829       530047      5851.43
      60.000     0.999854       530047      6826.67
      61.000     0.999878       530083      8192.00
      61.000     0.999890       530083      9102.22
      61.000     0.999902       530083     10240.00
      61.000     0.999915       530083     11702.86
      61.000     0.999927       530083     13653.33
      62.000     0.999939       530092     16384.00
      62.000     0.999945       530092     18204.44
      64.000     0.999951       530098     20480.00
      65.000     0.999957       530103     23405.71
      65.000     0.999963       530103     27306.67
      68.000     0.999969       530107     32768.00
      68.000     0.999973       530107     36408.89
      71.000     0.999976       530109     40960.00
      74.000     0.999979       530110     46811.43
      78.000     0.999982       530113     54613.33
      78.000     0.999985       530113     65536.00
      80.000     0.999986       530115     72817.78
      80.000     0.999988       530115     81920.00
      82.000     0.999989       530116     93622.86
      85.000     0.999991       530118    109226.67
      85.000     0.999992       530118    131072.00
      85.000     0.999993       530118    145635.56
      85.000     0.999994       530118    163840.00
      87.000     0.999995       530119    187245.71
      87.000     0.999995       530119    218453.33
      87.000     0.999996       530119    262144.00
     107.000     0.999997       530120    291271.11
     107.000     0.999997       530120    327680.00
     107.000     0.999997       530120    374491.43
     107.000     0.999998       530120    436906.67
     107.000     0.999998       530120    524288.00
     561.000     0.999998       530121    582542.22
     561.000     1.000000       530121          inf
#[Mean    =       51.237, StdDeviation   =        3.655]
#[Max     =      561.000, Total count    =       530121]
#[Buckets =            1, SubBuckets     =         2048]
