       Value   Percentile   TotalCount 1/(1-Percentile)

      61.000     0.000000            2         1.00
     653.000     0.100000       760389         1.11
    1223.000     0.200000      1519195         1.25
    2036.000     0.300000      2278550         1.43
    3115.000     0.400000      3037292         1.67
    4395.000     0.500000      3796677         2.00
    5063.000     0.550000      4176234         2.22
    5731.000     0.600000      4555890         2.50
    6403.000     0.650000      4936640         2.86
    7079.000     0.700000      5315798         3.33
    7783.000     0.750000      5695502         4.00
    8155.000     0.775000      5885496         4.44
    8551.000     0.800000      6077494         5.00
    8967.000     0.825000      6265792         5.71
    9423.000     0.850000      6454138         6.67
    9943.000     0.875000      6643860         8.00
   10239.000     0.887500      6740630         8.89
   10559.000     0.900000      6835017        10.00
   10919.000     0.912500      6929374        11.43
   11335.000     0.925000      7024189        13.33
   11823.000     0.937500      7119221        16.00
   12103.000     0.943750      7166353        17.78
   12415.000     0.950000      7213141        20.00
   12767.000     0.956250      7260648        22.86
   13175.000     0.962500      7308028        26.67
   13663.000     0.968750      7355682        32.00
   13943.000     0.971875      7379306        35.56
   14255.000     0.975000      7403073        40.00
   14607.000     0.978125      7426912        45.71
   15015.000     0.981250      7450607        53.33
   15503.000     0.984375      7473952        64.00
   15791.000     0.985938      7485849        71.11
   16111.000     0.987500      7497710        80.00
   16479.000     0.989062      7509706        91.43
   16927.000     0.990625      7521758       106.67
   17439.000     0.992188      7533359       128.00
   17743.000     0.992969      7539186       142.22
   18095.000     0.993750      7545160       160.00
   18511.000     0.994531      7551175       182.86
   19007.000     0.995313      7556971       213.33
   19663.000     0.996094      7562999       256.00
   20063.000     0.996484      7565919       284.44
   20543.000     0.996875      7568896       320.00
   21119.000     0.997266      7571795       365.71
   21903.000     0.997656      7574768       426.67
   23183.000     0.998047      7577748       512.00
   24255.000     0.998242      7579208       568.89
   26607.000     0.998437      7580697       640.00
   34399.000     0.998633      7582174       731.43
   49599.000     0.998828      7583656       853.33
   67327.000     0.999023      7585141      1024.00
   80191.000     0.999121      7585880      1137.78
   91199.000     0.999219      7586621      1280.00
  100287.000     0.999316      7587362      1462.86
  109695.000     0.999414      7588108      1706.67
  119295.000     0.999512      7588848      2048.00
  126015.000     0.999561      7589219      2275.56
  132479.000     0.999609      7589594      2560.00
  138751.000     0.999658      7589958      2925.71
  145023.000     0.999707      7590331      3413.33
  151039.000     0.999756      7590703      4096.00
  153599.000     0.999780      7590891      4551.11
  156159.000     0.999805      7591079      5120.00
  159359.000     0.999829      7591257      5851.43
  163967.000     0.999854      7591441      6826.67
  168703.000     0.999878      7591627      8192.00
  172159.000     0.999890      7591718      9102.22
  176767.000     0.999902      7591812     10240.00
  181247.000     0.999915      7591906     11702.86
  186111.000     0.999927      7591996     13653.33
  189183.000     0.999939      7592091     16384.00
  191103.000     0.999945      7592137     18204.44
  193023.000     0.999951      7592183     20480.00
  194431.000     0.999957      7592233     23405.71
  195583.000     0.999963      7592275     27306.67
  197247.000     0.999969      7592324     32768.00
  198143.000     0.999973      7592348     36408.89
  198911.000     0.999976      7592370     40960.00
  199679.000     0.999979      7592391     46811.43
  200575.000     0.999982      7592413     54613.33
  201343.000     0.999985      7592440     65536.00
  201727.000     0.999986      7592450     72817.78
  202111.000     0.999988      7592463     81920.00
  202239.000     0.999989      7592471     93622.86
  202751.000     0.999991      7592486    109226.67
  203135.000     0.999992      7592497    131072.00
  203647.000     0.999993      7592501    145635.56
  203903.000     0.999994      7592509    163840.00
  204415.000     0.999995      7592512    187245.71
  205311.000     0.999995      7592520    218453.33
  207743.000     0.999996      7592525    262144.00
  207871.000     0.999997      7592526    291271.11
  209023.000     0.999997      7592529    327680.00
  211455.000     0.999997      7592532    374491.43
  215551.000     0.999998      7592535    436906.67
  216831.000     0.999998      7592538    524288.00
  217599.000     0.999998      7592540    582542.22
  218367.000     0.999998      7592541    655360.00
  218623.000     0.999999      7592542    748982.86
  219007.000     0.999999      7592544    873813.33
  219263.000     0.999999      7592545   1048576.00
  220159.000     0.999999      7592546   1165084.44
  221183.000     0.999999      7592547   1310720.00
  221183.000     0.999999      7592547   1497965.71
  221951.000     0.999999      7592548   1747626.67
  222079.000     1.000000      7592549   2097152.00
  222079.000     1.000000      7592549   2330168.89
  222719.000     1.000000      7592550   2621440.00
  222719.000     1.000000      7592550   2995931.43
  222719.000     1.000000      7592550   3495253.33
  223871.000     1.000000      7592551   4194304.00
  223871.000     1.000000      7592551   4660337.78
  223871.000     1.000000      7592551   5242880.00
  223871.000     1.000000      7592551   5991862.86
  223871.000     1.000000      7592551   6990506.67
  224895.000     1.000000      7592552   8388608.00
  224895.000     1.000000      7592552          inf
#[Mean    =     5231.428, StdDeviation   =     5645.907]
#[Max     =   224895.000, Total count    =      7592552]
#[Buckets =            8, SubBuckets     =         2048]
