       Value   Percentile   TotalCount 1/(1-Percentile)

      94.000     0.000000            1         1.00
     411.000     0.100000       810688         1.11
     534.000     0.200000      1618432         1.25
     654.000     0.300000      2419553         1.43
     796.000     0.400000      3226984         1.67
     986.000     0.500000      4031945         2.00
    1115.000     0.550000      4436705         2.22
    1281.000     0.600000      4839945         2.50
    1501.000     0.650000      5242822         2.86
    1796.000     0.700000      5645589         3.33
    2191.000     0.750000      6047923         4.00
    2437.000     0.775000      6250725         4.44
    2723.000     0.800000      6451259         5.00
    3065.000     0.825000      6652694         5.71
    3481.000     0.850000      6854963         6.67
    3991.000     0.875000      7056042         8.00
    4295.000     0.887500      7157429         8.89
    4643.000     0.900000      7257716        10.00
    5063.000     0.912500      7358623        11.43
    5579.000     0.925000      7459402        13.33
    6255.000     0.937500      7560180        16.00
    6691.000     0.943750      7610584        17.78
    7223.000     0.950000      7660799        20.00
    7903.000     0.956250      7711154        22.86
    8823.000     0.962500      7761800        26.67
   10135.000     0.968750      7811928        32.00
   11071.000     0.971875      7837084        35.56
   12423.000     0.975000      7862247        40.00
   14647.000     0.978125      7887506        45.71
   18895.000     0.981250      7912653        53.33
   28927.000     0.984375      7937852        64.00
   36447.000     0.985938      7950474        71.11
   43967.000     0.987500      7963068        80.00
   55231.000     0.989062      7975647        91.43
   69375.000     0.990625      7988245       106.67
   85887.000     0.992188      8000873       128.00
   93823.000     0.992969      8007149       142.22
  106303.000     0.993750      8013453       160.00
  119295.000     0.994531      8019756       182.86
  133887.000     0.995313      8026067       213.33
  150271.000     0.996094      8032370       256.00
  159871.000     0.996484      8035507       284.44
  168703.000     0.996875      8038652       320.00
  180095.000     0.997266      8041795       365.71
  195199.000     0.997656      8044940       426.67
  210431.000     0.998047      8048103       512.00
  220159.000     0.998242      8049692       568.89
  228479.000     0.998437      8051256       640.00
  240767.000     0.998633      8052820       731.43
  252543.000     0.998828      8054399       853.33
  266495.000     0.999023      8055996      1024.00
  274687.000     0.999121      8056770      1137.78
  285439.000     0.999219      8057549      1280.00
  298751.000     0.999316      8058333      1462.86
  312831.000     0.999414      8059121      1706.67
  334847.000     0.999512      8059915      2048.00
  345599.000     0.999561      8060297      2275.56
  365567.000     0.999609      8060697      2560.00
  375295.000     0.999658      8061090      2925.71
  391935.000     0.999707      8061485      3413.33
  399103.000     0.999756      8061872      4096.00
  403455.000     0.999780      8062073      4551.11
  413439.000     0.999805      8062267      5120.00
  447999.000     0.999829      8062461      5851.43
  461567.000     0.999854      8062669      6826.67
  475903.000     0.999878      8062855      8192.00
  487167.000     0.999890      8062954      9102.22
  543743.000     0.999902      8063056     10240.00
  569343.000     0.999915      8063151     11702.86
  660479.000     0.999927      8063252     13653.33
  690175.000     0.999939      8063348     16384.00
  691711.000     0.999945      8063397     18204.44
  694783.000     0.999951      8063450     20480.00
  738815.000     0.999957      8063496     23405.71
  782335.000     0.999963      8063547     27306.67
  784383.000     0.999969      8063595     32768.00
  786943.000     0.999973      8063619     36408.89
  790015.000     0.999976      8063643     40960.00
  792575.000     0.999979      8063672     46811.43
  793599.000     0.999982      8063695     54613.33
  795135.000     0.999985      8063720     65536.00
  797695.000     0.999986      8063738     72817.78
  798207.000     0.999988      8063747     81920.00
  873471.000     0.999989      8063754     93622.86
  874495.000     0.999991      8063774    109226.67
  875007.000     0.999992      8063787    131072.00
  875007.000     0.999993      8063787    145635.56
  875519.000     0.999994      8063796    163840.00
  875519.000     0.999995      8063796    187245.71
  876031.000     0.999995      8063807    218453.33
  876543.000     0.999996      8063814    262144.00
  876543.000     0.999997      8063814    291271.11
  877055.000     0.999997      8063823    327680.00
  877055.000     0.999997      8063823    374491.43
  877055.000     0.999998      8063823    436906.67
  877567.000     0.999998      8063833    524288.00
  877567.000     0.999998      8063833    582542.22
  877567.000     0.999998      8063833    655360.00
  877567.000     0.999999      8063833    748982.86
  877567.000     0.999999      8063833    873813.33
  877567.000     0.999999      8063833   1048576.00
  877567.000     0.999999      8063833   1165084.44
  877567.000     0.999999      8063833   1310720.00
  878079.000     0.999999      8063839   1497965.71
  878079.000     1.000000      8063839          inf
#[Mean    =     3613.770, StdDeviation   =    18521.787]
#[Max     =   878079.000, Total count    =      8063839]
#[Buckets =           10, SubBuckets     =         2048]
