       Value   Percentile   TotalCount 1/(1-Percentile)

      68.000     0.000000            1         1.00
     102.000     0.100000       143195         1.11
     109.000     0.200000       268303         1.25
     116.000     0.300000       413305         1.43
     122.000     0.400000       539766         1.67
     128.000     0.500000       661522         2.00
     132.000     0.550000       736827         2.22
     136.000     0.600000       805808         2.50
     140.000     0.650000       868174         2.86
     144.000     0.700000       923088         3.33
     150.000     0.750000       992742         4.00
     153.000     0.775000      1022446         4.44
     157.000     0.800000      1057131         5.00
     162.000     0.825000      1093721         5.71
     167.000     0.850000      1124052         6.67
     174.000     0.875000      1157040         8.00
     178.000     0.887500      1172233         8.89
     183.000     0.900000      1187710        10.00
     189.000     0.912500      1202844        11.43
     198.000     0.925000      1220085        13.33
     211.000     0.937500      1236629        16.00
     219.000     0.943750      1244035        17.78
     230.000     0.950000      1252154        20.00
     245.000     0.956250      1260635        22.86
     264.000     0.962500      1269005        26.67
     288.000     0.968750      1277056        32.00
     304.000     0.971875      1281184        35.56
     322.000     0.975000      1285114        40.00
     344.000     0.978125      1289377        45.71
     367.000     0.981250      1293356        53.33
     394.000     0.984375      1297536        64.00
     408.000     0.985938      1299654        71.11
     422.000     0.987500      1301643        80.00
     438.000     0.989062      1303699        91.43
     458.000     0.990625      1305721       106.67
     484.000     0.992188      1307769       128.00
     502.000     0.992969      1308823       142.22
     525.000     0.993750      1309852       160.00
     554.000     0.994531      1310891       182.86
     592.000     0.995313      1311895       213.33
     638.000     0.996094      1312907       256.00
     667.000     0.996484      1313435       284.44
     699.000     0.996875      1313934       320.00
     737.000     0.997266      1314449       365.71
     780.000     0.997656      1314966       426.67
     831.000     0.998047      1315478       512.00
     868.000     0.998242      1315738       568.89
     907.000     0.998437      1315999       640.00
     947.000     0.998633      1316250       731.43
     998.000     0.998828      1316509       853.33
    1061.000     0.999023      1316768      1024.00
    1097.000     0.999121      1316895      1137.78
    1136.000     0.999219      1317024      1280.00
    1180.000     0.999316      1317151      1462.86
    1226.000     0.999414      1317281      1706.67
    1292.000     0.999512      1317410      2048.00
    1319.000     0.999561      1317473      2275.56
    1362.000     0.999609      1317539      2560.00
    1399.000     0.999658      1317602      2925.71
    1445.000     0.999707      1317667      3413.33
    1498.000     0.999756      1317731      4096.00
    1531.000     0.999780      1317763      4551.11
    1571.000     0.999805      1317795      5120.00
    1605.000     0.999829      1317827      5851.43
    1648.000     0.999854      1317859      6826.67
    1687.000     0.999878      1317892      8192.00
    1714.000     0.999890      1317908      9102.22
    1746.000     0.999902      1317925     10240.00
    1784.000     0.999915      1317940     11702.86
    1828.000     0.999927      1317956     13653.33
    1887.000     0.999939      1317972     16384.00
    1923.000     0.999945      1317980     18204.44
    1960.000     0.999951      1317988     20480.00
    2024.000     0.999957      1317997     23405.71
    2083.000     0.999963      1318004     27306.67
    2117.000     0.999969      1318012     32768.00
    2129.000     0.999973      1318016     36408.89
    2165.000     0.999976      1318020     40960.00
    2181.000     0.999979      1318024     46811.43
    2203.000     0.999982      1318028     54613.33
    2275.000     0.999985      1318032     65536.00
    2319.000     0.999986      1318034     72817.78
    2359.000     0.999988      1318036     81920.00
    2411.000     0.999989      1318039     93622.86
    2443.000     0.999991      1318040    109226.67
    2475.000     0.999992      1318042    131072.00
    2491.000     0.999993      1318043    145635.56
    2517.000     0.999994      1318044    163840.00
    2535.000     0.999995      1318045    187245.71
    2555.000     0.999995      1318046    218453.33
    2627.000     0.999996      1318047    262144.00
    2683.000     0.999997      1318048    291271.11
    2683.000     0.999997      1318048    327680.00
    2689.000     0.999997      1318049    374491.43
    2689.000     0.999998      1318049    436906.67
    2865.000     0.999998      1318050    524288.00
    2865.000     0.999998      1318050    582542.22
    2865.000     0.999998      1318050    655360.00
    3159.000     0.999999      1318051    748982.86
    3159.000     0.999999      1318051    873813.33
    3159.000     0.999999      1318051   1048576.00
    3159.000     0.999999      1318051   1165084.44
    3159.000     0.999999      1318051   1310720.00
    3787.000     0.999999      1318052   1497965.71
    3787.000     1.000000      1318052          inf
#[Mean    =      143.952, StdDeviation   =       76.128]
#[Max     =     3787.000, Total count    =      1318052]
#[Buckets =            2, SubBuckets     =         2048]
