       Value   Percentile   TotalCount 1/(1-Percentile)

    6087.000     0.000000            1         1.00
   11183.000     0.100000        82733         1.11
   11383.000     0.200000       163440         1.25
   11535.000     0.300000       242947         1.43
   11687.000     0.400000       324021         1.67
   11855.000     0.500000       404198         2.00
   11951.000     0.550000       443098         2.22
   12071.000     0.600000       483799         2.50
   12231.000     0.650000       524390         2.86
   12463.000     0.700000       563220         3.33
   12863.000     0.750000       603299         4.00
   13127.000     0.775000       623673         4.44
   13407.000     0.800000       643592         5.00
   13703.000     0.825000       663925         5.71
   13991.000     0.850000       683820         6.67
   14279.000     0.875000       704177         8.00
   14415.000     0.887500       713810         8.89
   14567.000     0.900000       724371        10.00
   14703.000     0.912500       733971        11.43
   14863.000     0.925000       744138        13.33
   15015.000     0.937500       754351        16.00
   15095.000     0.943750       759221        17.78
   15191.000     0.950000       764504        20.00
   15287.000     0.956250       769403        22.86
   15399.000     0.962500       774264        26.67
   15535.000     0.968750       779165        32.00
   15623.000     0.971875       781849        35.56
   15727.000     0.975000       784316        40.00
   15847.000     0.978125       786816        45.71
   15983.000     0.981250       789226        53.33
   16151.000     0.984375       791713        64.00
   16279.000     0.985938       792967        71.11
   16479.000     0.987500       794290        80.00
   16703.000     0.989062       795512        91.43
   17023.000     0.990625       796736       106.67
   17503.000     0.992188       797998       128.00
   17919.000     0.992969       798621       142.22
   18415.000     0.993750       799263       160.00
   19183.000     0.994531       799914       182.86
   20143.000     0.995313       800518       213.33
   21007.000     0.996094       801140       256.00
   21615.000     0.996484       801453       284.44
   21887.000     0.996875       801786       320.00
   22191.000     0.997266       802087       365.71
   22607.000     0.997656       802414       426.67
   23071.000     0.998047       802712       512.00
   23455.000     0.998242       802867       568.89
   24239.000     0.998437       803020       640.00
   25023.000     0.998633       803183       731.43
   25391.000     0.998828       803342       853.33
   25775.000     0.999023       803494      1024.00
   25999.000     0.999121       803570      1137.78
   26207.000     0.999219       803649      1280.00
   26383.000     0.999316       803734      1462.86
   26495.000     0.999414       803806      1706.67
   26735.000     0.999512       803889      2048.00
   26815.000     0.999561       803925      2275.56
   26911.000     0.999609       803962      2560.00
   27023.000     0.999658       804006      2925.71
   27103.000     0.999707       804046      3413.33
   27215.000     0.999756       804080      4096.00
   27327.000     0.999780       804101      4551.11
   27391.000     0.999805       804119      5120.00
   27551.000     0.999829       804140      5851.43
   27855.000     0.999854       804161      6826.67
   28271.000     0.999878       804188      8192.00
   28271.000     0.999890       804188      9102.22
   28495.000     0.999902       804203     10240.00
   28511.000     0.999915       804212     11702.86
   29727.000     0.999927       804223     13653.33
   29887.000     0.999939       804230     16384.00
   29951.000     0.999945       804235     18204.44
   29967.000     0.999951       804238     20480.00
   31167.000     0.999957       804244     23405.71
   31183.000     0.999963       804247     27306.67
   33023.000     0.999969       804253     32768.00
   34239.000     0.999973       804256     36408.89
   34431.000     0.999976       804259     40960.00
   34431.000     0.999979       804259     46811.43
   38111.000     0.999982       804263     54613.33
   38143.000     0.999985       804267     65536.00
   38143.000     0.999986       804267     72817.78
   38143.000     0.999988       804267     81920.00
   38175.000     0.999989       804271     93622.86
   38175.000     0.999991       804271    109226.67
   38175.000     0.999992       804271    131072.00
   38175.000     0.999993       804271    145635.56
   38207.000     0.999994       804275    163840.00
   38207.000     0.999995       804275    187245.71
   38207.000     0.999995       804275    218453.33
   38207.000     0.999996       804275    262144.00
   38207.000     0.999997       804275    291271.11
   38207.000     0.999997       804275    327680.00
   38207.000     0.999997       804275    374491.43
   38207.000     0.999998       804275    436906.67
   38207.000     0.999998       804275    524288.00
   38207.000     0.999998       804275    582542.22
   38207.000     0.999998       804275    655360.00
   38207.000     0.999999       804275    748982.86
   38239.000     0.999999       804276    873813.33
   38239.000     1.000000       804276          inf
#[Mean    =    12390.766, StdDeviation   =     1533.505]
#[Max     =    38239.000, Total count    =       804276]
#[Buckets =            6, SubBuckets     =         2048]
