       Value   Percentile   TotalCount 1/(1-Percentile)

     234.000     0.000000            1         1.00
    1409.000     0.100000       346994         1.11
    5255.000     0.200000       693993         1.25
    9711.000     0.300000      1040828         1.43
   13639.000     0.400000      1387793         1.67
   17167.000     0.500000      1735725         2.00
   18991.000     0.550000      1907934         2.22
   21071.000     0.600000      2081505         2.50
   23263.000     0.650000      2255092         2.86
   25439.000     0.700000      2428250         3.33
   27999.000     0.750000      2602203         4.00
   29535.000     0.775000      2688938         4.44
   31375.000     0.800000      2775540         5.00
   33375.000     0.825000      2862774         5.71
   35615.000     0.850000      2948877         6.67
   38111.000     0.875000      3035371         8.00
   39327.000     0.887500      3079421         8.89
   40639.000     0.900000      3122251        10.00
   42111.000     0.912500      3165616        11.43
   43903.000     0.925000      3209282        13.33
   46271.000     0.937500      3252379        16.00
   47903.000     0.943750      3273893        17.78
   50527.000     0.950000      3295557        20.00
   54431.000     0.956250      3317280        22.86
   59295.000     0.962500      3338897        26.67
   65599.000     0.968750      3360537        32.00
   69759.000     0.971875      3371449        35.56
   74367.000     0.975000      3382234        40.00
   80255.000     0.978125      3393032        45.71
   87871.000     0.981250      3403891        53.33
   97279.000     0.984375      3414719        64.00
  103423.000     0.985938      3420169        71.11
  110975.000     0.987500      3425550        80.00
  119231.000     0.989062      3430993        91.43
  129343.000     0.990625      3436400       106.67
  139903.000     0.992188      3441855       128.00
  145407.000     0.992969      3444547       142.22
  152063.000     0.993750      3447239       160.00
  159999.000     0.994531      3449958       182.86
  167295.000     0.995313      3452679       213.33
  175615.000     0.996094      3455379       256.00
  179967.000     0.996484      3456722       284.44
  185087.000     0.996875      3458100       320.00
  190975.000     0.997266      3459435       365.71
  199167.000     0.997656      3460795       426.67
  208255.000     0.998047      3462144       512.00
  214015.000     0.998242      3462820       568.89
  221439.000     0.998437      3463491       640.00
  229631.000     0.998633      3464172       731.43
  237183.000     0.998828      3464849       853.33
  248319.000     0.999023      3465529      1024.00
  254335.000     0.999121      3465863      1137.78
  266495.000     0.999219      3466201      1280.00
  277759.000     0.999316      3466544      1462.86
  293375.000     0.999414      3466883      1706.67
  308735.000     0.999512      3467219      2048.00
  322303.000     0.999561      3467388      2275.56
  358399.000     0.999609      3467556      2560.00
  391935.000     0.999658      3467727      2925.71
  413183.000     0.999707      3467895      3413.33
  450303.000     0.999756      3468065      4096.00
  471295.000     0.999780      3468150      4551.11
  500735.000     0.999805      3468235      5120.00
  521727.000     0.999829      3468320      5851.43
  532479.000     0.999854      3468403      6826.67
  590847.000     0.999878      3468488      8192.00
  695295.000     0.999890      3468530      9102.22
  719359.000     0.999902      3468574     10240.00
  737791.000     0.999915      3468615     11702.86
  779263.000     0.999927      3468657     13653.33
  821247.000     0.999939      3468700     16384.00
  826367.000     0.999945      3468723     18204.44
  831999.000     0.999951      3468743     20480.00
  854015.000     0.999957      3468763     23405.71
  891391.000     0.999963      3468784     27306.67
  900095.000     0.999969      3468806     32768.00
  903679.000     0.999973      3468816     36408.89
  912383.000     0.999976      3468827     40960.00
  922623.000     0.999979      3468837     46811.43
  940031.000     0.999982      3468850     54613.33
  949247.000     0.999985      3468859     65536.00
  950783.000     0.999986      3468864     72817.78
  955391.000     0.999988      3468869     81920.00
  958975.000     0.999989      3468874     93622.86
  967679.000     0.999991      3468880    109226.67
  973311.000     0.999992      3468885    131072.00
  976383.000     0.999993      3468889    145635.56
  976895.000     0.999994      3468890    163840.00
 1040895.000     0.999995      3468893    187245.71
 1563647.000     0.999995      3468896    218453.33
 1568767.000     0.999996      3468898    262144.00
 1570815.000     0.999997      3468900    291271.11
 1576959.000     0.999997      3468901    327680.00
 1585151.000     0.999997      3468902    374491.43
 1588223.000     0.999998      3468904    436906.67
 1837055.000     0.999998      3468905    524288.00
 1842175.000     0.999998      3468906    582542.22
 1842175.000     0.999998      3468906    655360.00
 1843199.000     0.999999      3468908    748982.86
 1843199.000     0.999999      3468908    873813.33
 1843199.000     0.999999      3468908   1048576.00
 1844223.000     0.999999      3468909   1165084.44
 1844223.000     0.999999      3468909   1310720.00
 1844223.000     0.999999      3468909   1497965.71
 1846271.000     0.999999      3468910   1747626.67
 1846271.000     1.000000      3468910   2097152.00
 1846271.000     1.000000      3468910   2330168.89
 1846271.000     1.000000      3468910   2621440.00
 1846271.000     1.000000      3468910   2995931.43
 1848319.000     1.000000      3468911   3495253.33
 1848319.000     1.000000      3468911          inf
#[Mean    =    21483.628, StdDeviation   =    25628.918]
#[Max     =  1848319.000, Total count    =      3468911]
#[Buckets =           11, SubBuckets     =         2048]
