       Value   Percentile   TotalCount 1/(1-Percentile)

      64.000     0.000000            1         1.00
     552.000     0.100000       688246         1.11
     856.000     0.200000      1373605         1.25
    1208.000     0.300000      2059096         1.43
    1679.000     0.400000      2744821         1.67
    2417.000     0.500000      3431579         2.00
    2987.000     0.550000      3774584         2.22
    3765.000     0.600000      4116991         2.50
    4819.000     0.650000      4460466         2.86
    6103.000     0.700000      4803074         3.33
    7415.000     0.750000      5145948         4.00
    8059.000     0.775000      5318219         4.44
    8711.000     0.800000      5490774         5.00
    9375.000     0.825000      5662293         5.71
   10071.000     0.850000      5832971         6.67
   10823.000     0.875000      6004273         8.00
   11231.000     0.887500      6089838         8.89
   11663.000     0.900000      6175343        10.00
   12135.000     0.912500      6261541        11.43
   12655.000     0.925000      6347636        13.33
   13231.000     0.937500      6432979        16.00
   13551.000     0.943750      6475264        17.78
   13911.000     0.950000      6518864        20.00
   14303.000     0.956250      6561661        22.86
   14743.000     0.962500      6604302        26.67
   15255.000     0.968750      6646899        32.00
   15551.000     0.971875      6668287        35.56
   15879.000     0.975000      6689843        40.00
   16247.000     0.978125      6710999        45.71
   16687.000     0.981250      6732694        53.33
   17215.000     0.984375      6754452        64.00
   17503.000     0.985938      6764706        71.11
   17839.000     0.987500      6775395        80.00
   18239.000     0.989062      6786321        91.43
   18703.000     0.990625      6796825       106.67
   19295.000     0.992188      6807696       128.00
   19631.000     0.992969      6812930       142.22
   20031.000     0.993750      6818322       160.00
   20495.000     0.994531      6823660       182.86
   21071.000     0.995313      6828963       213.33
   21823.000     0.996094      6834303       256.00
   22335.000     0.996484      6837015       284.44
   23007.000     0.996875      6839670       320.00
   23903.000     0.997266      6842350       365.71
   25407.000     0.997656      6845014       426.67
   28927.000     0.998047      6847689       512.00
   32463.000     0.998242      6849023       568.89
   42527.000     0.998437      6850360       640.00
   52319.000     0.998633      6851701       731.43
   64255.000     0.998828      6853041       853.33
   85887.000     0.999023      6854382      1024.00
   96831.000     0.999121      6855051      1137.78
  108991.000     0.999219      6855724      1280.00
  118015.000     0.999316      6856390      1462.86
  127167.000     0.999414      6857062      1706.67
  136959.000     0.999512      6857734      2048.00
  142207.000     0.999561      6858074      2275.56
  146559.000     0.999609      6858404      2560.00
  151295.000     0.999658      6858741      2925.71
  156159.000     0.999707      6859075      3413.33
  161791.000     0.999756      6859409      4096.00
  164479.000     0.999780      6859576      4551.11
  166911.000     0.999805      6859744      5120.00
  168831.000     0.999829      6859908      5851.43
  171135.000     0.999854      6860085      6826.67
  173567.000     0.999878      6860246      8192.00
  175359.000     0.999890      6860333      9102.22
  177023.000     0.999902      6860411     10240.00
  178687.000     0.999915      6860496     11702.86
  180863.000     0.999927      6860578     13653.33
  183167.000     0.999939      6860663     16384.00
  184319.000     0.999945      6860704     18204.44
  185471.000     0.999951      6860746     20480.00
  187007.000     0.999957      6860788     23405.71
  188671.000     0.999963      6860833     27306.67
  190207.000     0.999969      6860872     32768.00
  192383.000     0.999973      6860892     36408.89
  193919.000     0.999976      6860913     40960.00
  197503.000     0.999979      6860934     46811.43
  200831.000     0.999982      6860955     54613.33
  203135.000     0.999985      6860977     65536.00
  204543.000     0.999986      6860987     72817.78
  205439.000     0.999988      6860999     81920.00
  206463.000     0.999989      6861007     93622.86
  207871.000     0.999991      6861019    109226.67
  208639.000     0.999992      6861028    131072.00
  209407.000     0.999993      6861033    145635.56
  210943.000     0.999994      6861040    163840.00
  211967.000     0.999995      6861044    187245.71
  213119.000     0.999995      6861049    218453.33
  214015.000     0.999996      6861054    262144.00
  220415.000     0.999997      6861057    291271.11
  227071.000     0.999997      6861060    327680.00
  231679.000     0.999997      6861062    374491.43
  234623.000     0.999998      6861065    436906.67
  234879.000     0.999998      6861067    524288.00
  235775.000     0.999998      6861069    582542.22
  236543.000     0.999998      6861070    655360.00
  237055.000     0.999999      6861071    748982.86
  238463.000     0.999999      6861074    873813.33
  238463.000     0.999999      6861074   1048576.00
  239103.000     0.999999      6861075   1165084.44
  239103.000     0.999999      6861075   1310720.00
  239487.000     0.999999      6861076   1497965.71
  239615.000     0.999999      6861078   1747626.67
  239615.000     1.000000      6861078   2097152.00
  239615.000     1.000000      6861078   2330168.89
  239615.000     1.000000      6861078   2621440.00
  239615.000     1.000000      6861078   2995931.43
  240639.000     1.000000      6861079   3495253.33
  240639.000     1.000000      6861079   4194304.00
  240639.000     1.000000      6861079   4660337.78
  240639.000     1.000000      6861079   5242880.00
  240639.000     1.000000      6861079   5991862.86
  240767.000     1.000000      6861080   6990506.67
  240767.000     1.000000      6861080          inf
#[Mean    =     4703.764, StdDeviation   =     6426.979]
#[Max     =   240767.000, Total count    =      6861080]
#[Buckets =            8, SubBuckets     =         2048]
