       Value   Percentile   TotalCount 1/(1-Percentile)

      70.000     0.000000            1         1.00
     112.000     0.100000       125326         1.11
     122.000     0.200000       257387         1.25
     129.000     0.300000       367710         1.43
     137.000     0.400000       506529         1.67
     143.000     0.500000       612875         2.00
     147.000     0.550000       681115         2.22
     151.000     0.600000       745984         2.50
     155.000     0.650000       806261         2.86
     159.000     0.700000       860842         3.33
     164.000     0.750000       921157         4.00
     167.000     0.775000       952998         4.44
     170.000     0.800000       981241         5.00
     174.000     0.825000      1014462         5.71
     178.000     0.850000      1042762         6.67
     183.000     0.875000      1072260         8.00
     186.000     0.887500      1087178         8.89
     190.000     0.900000      1104437        10.00
     194.000     0.912500      1118901        11.43
     198.000     0.925000      1131008        13.33
     205.000     0.937500      1147599        16.00
     209.000     0.943750      1154856        17.78
     214.000     0.950000      1162422        20.00
     220.000     0.956250      1169621        22.86
     229.000     0.962500      1177147        26.67
     243.000     0.968750      1184670        32.00
     254.000     0.971875      1188419        35.56
     269.000     0.975000      1192186        40.00
     293.000     0.978125      1195989        45.71
     329.000     0.981250      1199760        53.33
     400.000     0.984375      1203556        64.00
     443.000     0.985938      1205487        71.11
     477.000     0.987500      1207412        80.00
     506.000     0.989062      1209297        91.43
     536.000     0.990625      1211194       106.67
     576.000     0.992188      1213105       128.00
     603.000     0.992969      1214062       142.22
     636.000     0.993750      1215026       160.00
     669.000     0.994531      1215988       182.86
     701.000     0.995313      1216937       213.33
     739.000     0.996094      1217902       256.00
     760.000     0.996484      1218377       284.44
     783.000     0.996875      1218832       320.00
     811.000     0.997266      1219308       365.71
     846.000     0.997656      1219795       426.67
     884.000     0.998047      1220271       512.00
     904.000     0.998242      1220504       568.89
     926.000     0.998437      1220747       640.00
     950.000     0.998633      1220987       731.43
     975.000     0.998828      1221228       853.33
    1007.000     0.999023      1221466      1024.00
    1028.000     0.999121      1221578      1137.78
    1052.000     0.999219      1221696      1280.00
    1083.000     0.999316      1221817      1462.86
    1118.000     0.999414      1221938      1706.67
    1152.000     0.999512      1222057      2048.00
    1174.000     0.999561      1222118      2275.56
    1197.000     0.999609      1222175      2560.00
    1219.000     0.999658      1222234      2925.71
    1242.000     0.999707      1222293      3413.33
    1277.000     0.999756      1222353      4096.00
    1300.000     0.999780      1222384      4551.11
    1325.000     0.999805      1222413      5120.00
    1341.000     0.999829      1222443      5851.43
    1382.000     0.999854      1222472      6826.67
    1403.000     0.999878      1222503      8192.00
    1425.000     0.999890      1222518      9102.22
    1446.000     0.999902      1222532     10240.00
    1470.000     0.999915      1222547     11702.86
    1495.000     0.999927      1222562     13653.33
    1544.000     0.999939      1222577     16384.00
    1554.000     0.999945      1222584     18204.44
    1575.000     0.999951      1222593     20480.00
    1598.000     0.999957      1222599     23405.71
    1679.000     0.999963      1222607     27306.67
    1717.000     0.999969      1222614     32768.00
    1732.000     0.999973      1222618     36408.89
    1759.000     0.999976      1222622     40960.00
    1777.000     0.999979      1222625     46811.43
    1811.000     0.999982      1222629     54613.33
    1874.000     0.999985      1222633     65536.00
    1914.000     0.999986      1222635     72817.78
    2135.000     0.999988      1222637     81920.00
    2157.000     0.999989      1222638     93622.86
    2183.000     0.999991      1222640    109226.67
    2239.000     0.999992      1222642    131072.00
    2437.000     0.999993      1222643    145635.56
    2507.000     0.999994      1222644    163840.00
    2543.000     0.999995      1222645    187245.71
    2601.000     0.999995      1222646    218453.33
    3539.000     0.999996      1222647    262144.00
    3539.000     0.999997      1222647    291271.11
    3665.000     0.999997      1222648    327680.00
    3665.000     0.999997      1222648    374491.43
    3725.000     0.999998      1222649    436906.67
    3725.000     0.999998      1222649    524288.00
    3725.000     0.999998      1222649    582542.22
    3915.000     0.999998      1222650    655360.00
    3915.000     0.999999      1222650    748982.86
    3915.000     0.999999      1222650    873813.33
    3915.000     0.999999      1222650   1048576.00
    3915.000     0.999999      1222650   1165084.44
    4023.000     0.999999      1222651   1310720.00
    4023.000     1.000000      1222651          inf
#[Mean    =      155.286, StdDeviation   =       74.916]
#[Max     =     4023.000, Total count    =      1222651]
#[Buckets =            2, SubBuckets     =         2048]
