       Value   Percentile   TotalCount 1/(1-Percentile)

      85.000     0.000000            4         1.00
     111.000     0.100000        16720         1.11
     117.000     0.200000        34670         1.25
     143.000     0.300000        51334         1.43
     168.000     0.400000        68482         1.67
     179.000     0.500000        84108         2.00
     188.000     0.550000        92251         2.22
     190.000     0.600000       102105         2.50
     194.000     0.650000       109107         2.86
     202.000     0.700000       117367         3.33
     206.000     0.750000       130357         4.00
     206.000     0.775000       130357         4.44
     207.000     0.800000       138357         5.00
     207.000     0.825000       138357         5.71
     208.000     0.850000       144287         6.67
     209.000     0.875000       147246         8.00
     210.000     0.887500       149104         8.89
     211.000     0.900000       150709        10.00
     213.000     0.912500       153722        11.43
     214.000     0.925000       155457        13.33
     215.000     0.937500       157160        16.00
     216.000     0.943750       158451        17.78
     217.000     0.950000       159381        20.00
     218.000     0.956250       160098        22.86
     219.000     0.962500       160720        26.67
     221.000     0.968750       161763        32.00
     222.000     0.971875       162275        35.56
     223.000     0.975000       162744        40.00
     225.000     0.978125       163612        45.71
     226.000     0.981250       164085        53.33
     227.000     0.984375       164473        64.00
     228.000     0.985938       164841        71.11
     228.000     0.987500       164841        80.00
     229.000     0.989062       165099        91.43
     231.000     0.990625       165506       106.67
     232.000     0.992188       165654       128.00
     233.000     0.992969       165823       142.22
     234.000     0.993750       165950       160.00
     235.000     0.994531       166085       182.86
     236.000     0.995313       166179       213.33
     237.000     0.996094       166261       256.00
     238.000     0.996484       166329       284.44
     239.000     0.996875       166382       320.00
     241.000     0.997266       166470       365.71
     242.000     0.997656       166507       426.67
     244.000     0.998047       166570       512.00
     246.000     0.998242       166620       568.89
     247.000     0.998437       166636       640.00
     249.000     0.998633       166668       731.43
     252.000     0.998828       166711       853.33
     255.000     0.999023       166737      1024.00
     257.000     0.999121       166751      1137.78
     261.000     0.999219       166768      1280.00
     268.000     0.999316       166781      1462.86
     276.000     0.999414       166798      1706.67
     310.000     0.999512       166814      2048.00
     325.000     0.999561       166822      2275.56
     339.000     0.999609       166830      2560.00
     346.000     0.999658       166839      2925.71
     351.000     0.999707       166848      3413.33
     355.000     0.999756       166858      4096.00
     357.000     0.999780       166859      4551.11
     359.000     0.999805       166863      5120.00
     363.000     0.999829       166867      5851.43
     369.000     0.999854       166872      6826.67
     378.000     0.999878       166875      8192.00
     380.000     0.999890       166878      9102.22
     382.000     0.999902       166879     10240.00
     391.000     0.999915       166881     11702.86
     403.000     0.999927       166883     13653.33
     431.000     0.999939       166885     16384.00
     437.000     0.999945       166886     18204.44
     489.000     0.999951       166887     20480.00
     557.000     0.999957       166888     23405.71
     602.000     0.999963       166889     27306.67
    2783.000     0.999969       166890     32768.00
   18751.000     0.999973       166891     36408.89
   18751.000     0.999976       166891     40960.00
   19103.000     0.999979       166892     46811.43
   19103.000     0.999982       166892     54613.33
   22479.000     0.999985       166893     65536.00
   22479.000     0.999986       166893     72817.78
   22479.000     0.999988       166893     81920.00
   22767.000     0.999989       166894     93622.86
   22767.000     0.999991       166894    109226.67
   22767.000     0.999992       166894    131072.00
   22767.000     0.999993       166894    145635.56
   22767.000     0.999994       166894    163840.00
   23151.000     0.999995       166895    187245.71
   23151.000     1.000000       166895          inf
#[Mean    =      169.308, StdDeviation   =      122.907]
#[Max     =    23151.000, Total count    =       166895]
#[Buckets =            5, SubBuckets     =         2048]
