       Value   Percentile   TotalCount 1/(1-Percentile)

      95.000     0.000000            1         1.00
     451.000     0.100000       870521         1.11
     616.000     0.200000      1737401         1.25
     799.000     0.300000      2603673         1.43
    1027.000     0.400000      3467634         1.67
    1322.000     0.500000      4334180         2.00
    1500.000     0.550000      4767142         2.22
    1706.000     0.600000      5201964         2.50
    1951.000     0.650000      5634465         2.86
    2251.000     0.700000      6067535         3.33
    2613.000     0.750000      6500154         4.00
    2821.000     0.775000      6717081         4.44
    3051.000     0.800000      6933615         5.00
    3315.000     0.825000      7151431         5.71
    3623.000     0.850000      7367020         6.67
    4007.000     0.875000      7583474         8.00
    4247.000     0.887500      7692955         8.89
    4531.000     0.900000      7801468        10.00
    4875.000     0.912500      7909216        11.43
    5311.000     0.925000      8017444        13.33
    5883.000     0.937500      8125132        16.00
    6247.000     0.943750      8179678        17.78
    6691.000     0.950000      8233891        20.00
    7243.000     0.956250      8287824        22.86
    7987.000     0.962500      8341789        26.67
    9103.000     0.968750      8396137        32.00
    9927.000     0.971875      8423238        35.56
   11103.000     0.975000      8450218        40.00
   12871.000     0.978125      8477298        45.71
   15703.000     0.981250      8504294        53.33
   20959.000     0.984375      8531388        64.00
   25295.000     0.985938      8544960        71.11
   30847.000     0.987500      8558462        80.00
   37023.000     0.989062      8572048        91.43
   42623.000     0.990625      8585559       106.67
   50527.000     0.992188      8599105       128.00
   56639.000     0.992969      8605879       142.22
   63487.000     0.993750      8612651       160.00
   70335.000     0.994531      8619395       182.86
   77823.000     0.995313      8626166       213.33
   87295.000     0.996094      8632954       256.00
   92287.000     0.996484      8636343       284.44
  100351.000     0.996875      8639713       320.00
  112319.000     0.997266      8643093       365.71
  128511.000     0.997656      8646488       426.67
  150527.000     0.998047      8649886       512.00
  165503.000     0.998242      8651572       568.89
  185727.000     0.998437      8653251       640.00
  206079.000     0.998633      8654964       731.43
  236415.000     0.998828      8656643       853.33
  260735.000     0.999023      8658331      1024.00
  272127.000     0.999121      8659173      1137.78
  290559.000     0.999219      8660023      1280.00
  316927.000     0.999316      8660866      1462.86
  334847.000     0.999414      8661711      1706.67
  367359.000     0.999512      8662559      2048.00
  396799.000     0.999561      8662996      2275.56
  474111.000     0.999609      8663406      2560.00
  485887.000     0.999658      8663836      2925.71
  509439.000     0.999707      8664251      3413.33
  567807.000     0.999756      8664677      4096.00
  668671.000     0.999780      8664890      4551.11
  702975.000     0.999805      8665099      5120.00
  808959.000     0.999829      8665308      5851.43
  881151.000     0.999854      8665524      6826.67
 1004543.000     0.999878      8665732      8192.00
 1014783.000     0.999890      8665837      9102.22
 1150975.000     0.999902      8665945     10240.00
 1239039.000     0.999915      8666052     11702.86
 1424383.000     0.999927      8666158     13653.33
 1475583.000     0.999939      8666265     16384.00
 1481727.000     0.999945      8666318     18204.44
 1491967.000     0.999951      8666368     20480.00
 1510399.000     0.999957      8666429     23405.71
 1652735.000     0.999963      8666480     27306.67
 1694719.000     0.999969      8666544     32768.00
 1695743.000     0.999973      8666556     36408.89
 1697791.000     0.999976      8666580     40960.00
 1715199.000     0.999979      8666613     46811.43
 1717247.000     0.999982      8666639     54613.33
 1735679.000     0.999985      8666657     65536.00
 1740799.000     0.999986      8666674     72817.78
 1744895.000     0.999988      8666687     81920.00
 1758207.000     0.999989      8666697     93622.86
 1882111.000     0.999991      8666712    109226.67
 1968127.000     0.999992      8666726    131072.00
 1970175.000     0.999993      8666731    145635.56
 1978367.000     0.999994      8666742    163840.00
 1993727.000     0.999995      8666744    187245.71
 1994751.000     0.999995      8666752    218453.33
 2369535.000     0.999996      8666756    262144.00
 2414591.000     0.999997      8666760    291271.11
 2420735.000     0.999997      8666763    327680.00
 2426879.000     0.999997      8666776    374491.43
 2426879.000     0.999998      8666776    436906.67
 2426879.000     0.999998      8666776    524288.00
 2426879.000     0.999998      8666776    582542.22
 2426879.000     0.999998      8666776    655360.00
 2428927.000     0.999999      8666778    748982.86
 2480127.000     0.999999      8666781    873813.33
 2480127.000     0.999999      8666781   1048576.00
 2840575.000     0.999999      8666782   1165084.44
 2842623.000     0.999999      8666784   1310720.00
 2842623.000     0.999999      8666784   1497965.71
 2887679.000     0.999999      8666786   1747626.67
 2887679.000     1.000000      8666786   2097152.00
 2887679.000     1.000000      8666786   2330168.89
 2887679.000     1.000000      8666786   2621440.00
 2889727.000     1.000000      8666788   2995931.43
 2889727.000     1.000000      8666788   3495253.33
 2889727.000     1.000000      8666788   4194304.00
 2889727.000     1.000000      8666788   4660337.78
 2889727.000     1.000000      8666788   5242880.00
 2889727.000     1.000000      8666788   5991862.86
 2889727.000     1.000000      8666788   6990506.67
 2889727.000     1.000000      8666788   8388608.00
 2891775.000     1.000000      8666789   9320675.55
 2891775.000     1.000000      8666789          inf
#[Mean    =     3432.454, StdDeviation   =    23161.686]
#[Max     =  2891775.000, Total count    =      8666789]
#[Buckets =           12, SubBuckets     =         2048]
