       Value   Percentile   TotalCount 1/(1-Percentile)

     212.000     0.000000            1         1.00
    1307.000     0.100000       351115         1.11
    3185.000     0.200000       702228         1.25
    7995.000     0.300000      1053135         1.43
   13023.000     0.400000      1404584         1.67
   17343.000     0.500000      1755404         2.00
   19423.000     0.550000      1930706         2.22
   21631.000     0.600000      2106693         2.50
   24143.000     0.650000      2282244         2.86
   26815.000     0.700000      2457915         3.33
   29919.000     0.750000      2633016         4.00
   31887.000     0.775000      2721088         4.44
   33887.000     0.800000      2808999         5.00
   35999.000     0.825000      2896189         5.71
   38463.000     0.850000      2984399         6.67
   40991.000     0.875000      3072530         8.00
   42175.000     0.887500      3115515         8.89
   43423.000     0.900000      3160192        10.00
   44703.000     0.912500      3203183        11.43
   46175.000     0.925000      3247161        13.33
   48063.000     0.937500      3291126        16.00
   49215.000     0.943750      3313171        17.78
   50527.000     0.950000      3335126        20.00
   52159.000     0.956250      3357069        22.86
   54559.000     0.962500      3378698        26.67
   58431.000     0.968750      3400647        32.00
   61279.000     0.971875      3411558        35.56
   65311.000     0.975000      3422532        40.00
   70655.000     0.978125      3433601        45.71
   78143.000     0.981250      3444496        53.33
   87039.000     0.984375      3455491        64.00
   92415.000     0.985938      3460956        71.11
   98367.000     0.987500      3466409        80.00
  105919.000     0.989062      3471907        91.43
  114559.000     0.990625      3477387       106.67
  124607.000     0.992188      3482874       128.00
  129791.000     0.992969      3485617       142.22
  135295.000     0.993750      3488370       160.00
  142591.000     0.994531      3491080       182.86
  151039.000     0.995313      3493837       213.33
  160767.000     0.996094      3496574       256.00
  166783.000     0.996484      3497943       284.44
  175103.000     0.996875      3499322       320.00
  186495.000     0.997266      3500686       365.71
  199807.000     0.997656      3502054       426.67
  211455.000     0.998047      3503422       512.00
  220799.000     0.998242      3504113       568.89
  232063.000     0.998437      3504792       640.00
  242687.000     0.998633      3505478       731.43
  254335.000     0.998828      3506174       853.33
  270079.000     0.999023      3506852      1024.00
  278527.000     0.999121      3507194      1137.78
  290303.000     0.999219      3507537      1280.00
  306431.000     0.999316      3507879      1462.86
  318207.000     0.999414      3508226      1706.67
  331263.000     0.999512      3508567      2048.00
  339711.000     0.999561      3508735      2275.56
  351999.000     0.999609      3508907      2560.00
  368639.000     0.999658      3509077      2925.71
  385791.000     0.999707      3509248      3413.33
  407551.000     0.999756      3509419      4096.00
  427007.000     0.999780      3509505      4551.11
  436735.000     0.999805      3509592      5120.00
  467455.000     0.999829      3509678      5851.43
  549375.000     0.999854      3509762      6826.67
  602111.000     0.999878      3509848      8192.00
  620031.000     0.999890      3509891      9102.22
  639487.000     0.999902      3509934     10240.00
  667647.000     0.999915      3509977     11702.86
  680447.000     0.999927      3510019     13653.33
  691199.000     0.999939      3510063     16384.00
  701439.000     0.999945      3510084     18204.44
  706559.000     0.999951      3510107     20480.00
  718847.000     0.999957      3510129     23405.71
  722943.000     0.999963      3510149     27306.67
  730111.000     0.999969      3510169     32768.00
  738303.000     0.999973      3510180     36408.89
  750079.000     0.999976      3510192     40960.00
  753663.000     0.999979      3510202     46811.43
  758271.000     0.999982      3510212     54613.33
  764415.000     0.999985      3510225     65536.00
  767487.000     0.999986      3510229     72817.78
  770047.000     0.999988      3510234     81920.00
  771071.000     0.999989      3510240     93622.86
  778239.000     0.999991      3510244    109226.67
  782335.000     0.999992      3510251    131072.00
  784383.000     0.999993      3510254    145635.56
  796671.000     0.999994      3510255    163840.00
  804863.000     0.999995      3510258    187245.71
  808959.000     0.999995      3510260    218453.33
  813567.000     0.999996      3510263    262144.00
  817151.000     0.999997      3510264    291271.11
  819711.000     0.999997      3510268    327680.00
  819711.000     0.999997      3510268    374491.43
  819711.000     0.999998      3510268    436906.67
  820735.000     0.999998      3510270    524288.00
  820735.000     0.999998      3510270    582542.22
  821759.000     0.999998      3510271    655360.00
  822271.000     0.999999      3510272    748982.86
  822271.000     0.999999      3510272    873813.33
  823807.000     0.999999      3510273   1048576.00
  823807.000     0.999999      3510273   1165084.44
  824831.000     0.999999      3510274   1310720.00
  824831.000     0.999999      3510274   1497965.71
  824831.000     0.999999      3510274   1747626.67
  825855.000     1.000000      3510276   2097152.00
  825855.000     1.000000      3510276          inf
#[Mean    =    21359.654, StdDeviation   =    24564.072]
#[Max     =   825855.000, Total count    =      3510276]
#[Buckets =           10, SubBuckets     =         2048]
