       Value   Percentile   TotalCount 1/(1-Percentile)

     124.000     0.000000            2         1.00
    1212.000     0.100000      1090019         1.11
    1611.000     0.200000      2180984         1.25
    1830.000     0.300000      3271876         1.43
    2023.000     0.400000      4359614         1.67
    2259.000     0.500000      5455853         2.00
    2421.000     0.550000      5993411         2.22
    2645.000     0.600000      6541350         2.50
    2953.000     0.650000      7084073         2.86
    3413.000     0.700000      7628328         3.33
    4207.000     0.750000      8173999         4.00
    4819.000     0.775000      8446645         4.44
    5539.000     0.800000      8718375         5.00
    6295.000     0.825000      8991176         5.71
    7071.000     0.850000      9262686         6.67
    7983.000     0.875000      9535047         8.00
    8551.000     0.887500      9671403         8.89
    9247.000     0.900000      9808121        10.00
   10111.000     0.912500      9943992        11.43
   11167.000     0.925000     10079767        13.33
   12511.000     0.937500     10216411        16.00
   13367.000     0.943750     10284477        17.78
   14423.000     0.950000     10352519        20.00
   15727.000     0.956250     10420251        22.86
   17455.000     0.962500     10488702        26.67
   19871.000     0.968750     10556784        32.00
   21423.000     0.971875     10590599        35.56
   23391.000     0.975000     10624599        40.00
   25919.000     0.978125     10658711        45.71
   29567.000     0.981250     10692657        53.33
   34623.000     0.984375     10726850        64.00
   37535.000     0.985938     10743721        71.11
   41023.000     0.987500     10760822        80.00
   45599.000     0.989062     10777778        91.43
   51263.000     0.990625     10794860       106.67
   58911.000     0.992188     10811832       128.00
   65215.000     0.992969     10820339       142.22
   72255.000     0.993750     10828895       160.00
   82111.000     0.994531     10837381       182.86
   97407.000     0.995313     10845876       213.33
  118463.000     0.996094     10854400       256.00
  130239.000     0.996484     10858657       284.44
  142207.000     0.996875     10862958       320.00
  156671.000     0.997266     10867160       365.71
  174975.000     0.997656     10871449       426.67
  190463.000     0.998047     10875690       512.00
  200959.000     0.998242     10877805       568.89
  213503.000     0.998437     10879951       640.00
  228607.000     0.998633     10882069       731.43
  244991.000     0.998828     10884186       853.33
  266239.000     0.999023     10886346      1024.00
  275455.000     0.999121     10887404      1137.78
  285951.000     0.999219     10888449      1280.00
  300031.000     0.999316     10889521      1462.86
  321791.000     0.999414     10890571      1706.67
  347903.000     0.999512     10891652      2048.00
  362751.000     0.999561     10892177      2275.56
  384767.000     0.999609     10892705      2560.00
  411391.000     0.999658     10893231      2925.71
  444927.000     0.999707     10893763      3413.33
  500991.000     0.999756     10894296      4096.00
  595967.000     0.999780     10894565      4551.11
  646655.000     0.999805     10894828      5120.00
  689151.000     0.999829     10895093      5851.43
  794111.000     0.999854     10895372      6826.67
  888319.000     0.999878     10895625      8192.00
  953855.000     0.999890     10895758      9102.22
 1069055.000     0.999902     10895892     10240.00
 1081343.000     0.999915     10896026     11702.86
 1217535.000     0.999927     10896167     13653.33
 1320959.000     0.999939     10896291     16384.00
 1340415.000     0.999945     10896360     18204.44
 1353727.000     0.999951     10896423     20480.00
 1395711.000     0.999957     10896491     23405.71
 1497087.000     0.999963     10896564     27306.67
 1748991.000     0.999969     10896623     32768.00
 1783807.000     0.999973     10896661     36408.89
 1793023.000     0.999976     10896691     40960.00
 1797119.000     0.999979     10896729     46811.43
 1800191.000     0.999982     10896760     54613.33
 2148351.000     0.999985     10896789     65536.00
 2322431.000     0.999986     10896815     72817.78
 2465791.000     0.999988     10896826     81920.00
 2482175.000     0.999989     10896854     93622.86
 2484223.000     0.999991     10896866    109226.67
 2699263.000     0.999992     10896872    131072.00
 2703359.000     0.999993     10896884    145635.56
 2705407.000     0.999994     10896892    163840.00
 2709503.000     0.999995     10896897    187245.71
 2713599.000     0.999995     10896914    218453.33
 2713599.000     0.999996     10896914    262144.00
 2717695.000     0.999997     10896920    291271.11
 2723839.000     0.999997     10896924    327680.00
 2795519.000     0.999997     10896926    374491.43
 2975743.000     0.999998     10896931    436906.67
 2981887.000     0.999998     10896936    524288.00
 2985983.000     0.999998     10896937    582542.22
 2988031.000     0.999998     10896939    655360.00
 3125247.000     0.999999     10896941    748982.86
 3139583.000     0.999999     10896944    873813.33
 3143679.000     0.999999     10896947   1048576.00
 3143679.000     0.999999     10896947   1165084.44
 3143679.000     0.999999     10896947   1310720.00
 3145727.000     0.999999     10896948   1497965.71
 3153919.000     0.999999     10896950   1747626.67
 3153919.000     1.000000     10896950   2097152.00
 3158015.000     1.000000     10896951   2330168.89
 3158015.000     1.000000     10896951   2621440.00
 3244031.000     1.000000     10896953   2995931.43
 3244031.000     1.000000     10896953   3495253.33
 3244031.000     1.000000     10896953   4194304.00
 3244031.000     1.000000     10896953   4660337.78
 3244031.000     1.000000     10896953   5242880.00
 3250175.000     1.000000     10896955   5991862.86
 3250175.000     1.000000     10896955          inf
#[Mean    =     5448.845, StdDeviation   =    23866.423]
#[Max     =  3250175.000, Total count    =     10896955]
#[Buckets =           12, SubBuckets     =         2048]
