       Value   Percentile   TotalCount 1/(1-Percentile)

      41.000     0.000000            1         1.00
     784.000     0.100000      1399681         1.11
    1183.000     0.200000      2801955         1.25
    1614.000     0.300000      4199407         1.43
    2183.000     0.400000      5602063         1.67
    3133.000     0.500000      6999403         2.00
    3861.000     0.550000      7698942         2.22
    4795.000     0.600000      8398409         2.50
    5843.000     0.650000      9098877         2.86
    7055.000     0.700000      9797858         3.33
    8495.000     0.750000     10498547         4.00
    9263.000     0.775000     10849161         4.44
   10047.000     0.800000     11200068         5.00
   10823.000     0.825000     11548486         5.71
   11599.000     0.850000     11897693         6.67
   12391.000     0.875000     12249465         8.00
   12799.000     0.887500     12423381         8.89
   13231.000     0.900000     12598520        10.00
   13687.000     0.912500     12773158        11.43
   14191.000     0.925000     12948098        13.33
   14759.000     0.937500     13121078        16.00
   15087.000     0.943750     13209667        17.78
   15439.000     0.950000     13297651        20.00
   15823.000     0.956250     13383479        22.86
   16271.000     0.962500     13471550        26.67
   16799.000     0.968750     13560101        32.00
   17087.000     0.971875     13603654        35.56
   17407.000     0.975000     13647266        40.00
   17759.000     0.978125     13690768        45.71
   18159.000     0.981250     13734380        53.33
   18623.000     0.984375     13778268        64.00
   18879.000     0.985938     13799616        71.11
   19167.000     0.987500     13821334        80.00
   19487.000     0.989062     13842918        91.43
   19855.000     0.990625     13864617       106.67
   20287.000     0.992188     13886640       128.00
   20543.000     0.992969     13897926       142.22
   20831.000     0.993750     13908765       160.00
   21135.000     0.994531     13919359       182.86
   21503.000     0.995313     13930313       213.33
   21919.000     0.996094     13941201       256.00
   22159.000     0.996484     13946628       284.44
   22431.000     0.996875     13952180       320.00
   22735.000     0.997266     13957733       365.71
   23087.000     0.997656     13963142       426.67
   23471.000     0.998047     13968473       512.00
   23695.000     0.998242     13971281       568.89
   23935.000     0.998437     13973942       640.00
   24207.000     0.998633     13976611       731.43
   24527.000     0.998828     13979365       853.33
   24911.000     0.999023     13982108      1024.00
   25135.000     0.999121     13983450      1137.78
   25407.000     0.999219     13984875      1280.00
   25695.000     0.999316     13986222      1462.86
   26015.000     0.999414     13987575      1706.67
   26431.000     0.999512     13988915      2048.00
   26703.000     0.999561     13989592      2275.56
   27023.000     0.999609     13990280      2560.00
   27439.000     0.999658     13990973      2925.71
   27951.000     0.999707     13991650      3413.33
   28591.000     0.999756     13992321      4096.00
   28959.000     0.999780     13992667      4551.11
   29327.000     0.999805     13993016      5120.00
   29855.000     0.999829     13993358      5851.43
   30447.000     0.999854     13993695      6826.67
   31471.000     0.999878     13994032      8192.00
   31999.000     0.999890     13994201      9102.22
   32591.000     0.999902     13994376     10240.00
   33343.000     0.999915     13994546     11702.86
   34207.000     0.999927     13994720     13653.33
   34687.000     0.999939     13994884     16384.00
   35007.000     0.999945     13994971     18204.44
   35423.000     0.999951     13995054     20480.00
   35935.000     0.999957     13995140     23405.71
   36575.000     0.999963     13995228     27306.67
   37119.000     0.999969     13995311     32768.00
   37535.000     0.999973     13995353     36408.89
   37919.000     0.999976     13995396     40960.00
   38335.000     0.999979     13995439     46811.43
   38815.000     0.999982     13995481     54613.33
   39263.000     0.999985     13995526     65536.00
   39423.000     0.999986     13995545     72817.78
   39839.000     0.999988     13995568     81920.00
   40223.000     0.999989     13995588     93622.86
   40639.000     0.999991     13995611    109226.67
   40991.000     0.999992     13995631    131072.00
   41119.000     0.999993     13995641    145635.56
   41247.000     0.999994     13995653    163840.00
   41407.000     0.999995     13995665    187245.71
   41503.000     0.999995     13995674    218453.33
   41567.000     0.999996     13995684    262144.00
   41631.000     0.999997     13995689    291271.11
   41823.000     0.999997     13995695    327680.00
   42015.000     0.999997     13995701    374491.43
   42143.000     0.999998     13995705    436906.67
   42239.000     0.999998     13995711    524288.00
   42527.000     0.999998     13995714    582542.22
   42591.000     0.999998     13995717    655360.00
   42719.000     0.999999     13995719    748982.86
   42943.000     0.999999     13995721    873813.33
   43199.000     0.999999     13995724   1048576.00
   43231.000     0.999999     13995725   1165084.44
   43295.000     0.999999     13995727   1310720.00
   43423.000     0.999999     13995728   1497965.71
   43455.000     0.999999     13995729   1747626.67
   43807.000     1.000000     13995731   2097152.00
   43807.000     1.000000     13995731   2330168.89
   44031.000     1.000000     13995732   2621440.00
   44575.000     1.000000     13995733   2995931.43
   44575.000     1.000000     13995733   3495253.33
   45151.000     1.000000     13995734   4194304.00
   45151.000     1.000000     13995734   4660337.78
   45407.000     1.000000     13995735   5242880.00
   45407.000     1.000000     13995735   5991862.86
   45407.000     1.000000     13995735   6990506.67
   46207.000     1.000000     13995736   8388608.00
   46207.000     1.000000     13995736   9320675.55
   46207.000     1.000000     13995736  10485760.00
   46207.000     1.000000     13995736  11983725.71
   46207.000     1.000000     13995736  13981013.34
   46271.000     1.000000     13995737  16777216.00
   46271.000     1.000000     13995737          inf
#[Mean    =     5340.501, StdDeviation   =     5056.390]
#[Max     =    46271.000, Total count    =     13995737]
#[Buckets =            6, SubBuckets     =         2048]
