       Value   Percentile   TotalCount 1/(1-Percentile)

      82.000     0.000000            1         1.00
     342.000     0.100000       781711         1.11
     491.000     0.200000      1563332         1.25
     783.000     0.300000      2340563         1.43
    1549.000     0.400000      3120266         1.67
    2931.000     0.500000      3899586         2.00
    3793.000     0.550000      4290285         2.22
    4687.000     0.600000      4679887         2.50
    5623.000     0.650000      5070224         2.86
    6703.000     0.700000      5459884         3.33
    8351.000     0.750000      5849508         4.00
    9607.000     0.775000      6044373         4.44
   11103.000     0.800000      6239747         5.00
   12679.000     0.825000      6435107         5.71
   14431.000     0.850000      6629607         6.67
   16847.000     0.875000      6824233         8.00
   18495.000     0.887500      6922002         8.89
   20735.000     0.900000      7019745        10.00
   23615.000     0.912500      7117123        11.43
   26895.000     0.925000      7214553        13.33
   29935.000     0.937500      7311952        16.00
   31231.000     0.943750      7361001        17.78
   32431.000     0.950000      7409587        20.00
   33663.000     0.956250      7458907        22.86
   34975.000     0.962500      7507511        26.67
   36575.000     0.968750      7555779        32.00
   37567.000     0.971875      7580072        35.56
   38815.000     0.975000      7604265        40.00
   40575.000     0.978125      7628851        45.71
   43071.000     0.981250      7652932        53.33
   47039.000     0.984375      7677237        64.00
   49759.000     0.985938      7689529        71.11
   52991.000     0.987500      7701645        80.00
   57151.000     0.989062      7713787        91.43
   63071.000     0.990625      7725961       106.67
   70591.000     0.992188      7738149       128.00
   75391.000     0.992969      7744259       142.22
   80831.000     0.993750      7750347       160.00
   86783.000     0.994531      7756443       182.86
   93183.000     0.995313      7762545       213.33
  100607.000     0.996094      7768640       256.00
  105087.000     0.996484      7771664       284.44
  110783.000     0.996875      7774747       320.00
  117055.000     0.997266      7777752       365.71
  125823.000     0.997656      7780817       426.67
  138239.000     0.998047      7783858       512.00
  146943.000     0.998242      7785376       568.89
  161919.000     0.998437      7786901       640.00
  186111.000     0.998633      7788417       731.43
  244223.000     0.998828      7789937       853.33
  323583.000     0.999023      7791465      1024.00
  352255.000     0.999121      7792228      1137.78
  368639.000     0.999219      7792988      1280.00
  380415.000     0.999316      7793778      1462.86
  390399.000     0.999414      7794511      1706.67
  433407.000     0.999512      7795268      2048.00
  460031.000     0.999561      7795655      2275.56
  619519.000     0.999609      7796032      2560.00
  639999.000     0.999658      7796417      2925.71
 1149951.000     0.999707      7796792      3413.33
 1475583.000     0.999756      7797172      4096.00
 2512895.000     0.999780      7797363      4551.11
 3282943.000     0.999805      7797556      5120.00
 3450879.000     0.999829      7797763      5851.43
 3575807.000     0.999854      7797934      6826.67
 4069375.000     0.999878      7798124      8192.00
 4509695.000     0.999890      7798220      9102.22
 4567039.000     0.999902      7798320     10240.00
 4599807.000     0.999915      7798416     11702.86
 4612095.000     0.999927      7798590     13653.33
 4616191.000     0.999939      7798679     16384.00
 4616191.000     0.999945      7798679     18204.44
 4620287.000     0.999951      7798746     20480.00
 4620287.000     0.999957      7798746     23405.71
 4632575.000     0.999963      7798795     27306.67
 4648959.000     0.999969      7798845     32768.00
 4653055.000     0.999973      7798874     36408.89
 4657151.000     0.999976      7798898     40960.00
 4661247.000     0.999979      7798920     46811.43
 4665343.000     0.999982      7798963     54613.33
 4665343.000     0.999985      7798963     65536.00
 4669439.000     0.999986      7798991     72817.78
 4669439.000     0.999988      7798991     81920.00
 4673535.000     0.999989      7799006     93622.86
 4673535.000     0.999991      7799006    109226.67
 4677631.000     0.999992      7799021    131072.00
 4681727.000     0.999993      7799030    145635.56
 4681727.000     0.999994      7799030    163840.00
 4685823.000     0.999995      7799040    187245.71
 4689919.000     0.999995      7799044    218453.33
 4694015.000     0.999996      7799050    262144.00
 4694015.000     0.999997      7799050    291271.11
 4698111.000     0.999997      7799053    327680.00
 4730879.000     0.999997      7799056    374491.43
 4739071.000     0.999998      7799060    436906.67
 4763647.000     0.999998      7799067    524288.00
 4763647.000     0.999998      7799067    582542.22
 4763647.000     0.999998      7799067    655360.00
 4763647.000     0.999999      7799067    748982.86
 4767743.000     0.999999      7799074    873813.33
 4767743.000     0.999999      7799074   1048576.00
 4767743.000     0.999999      7799074   1165084.44
 4767743.000     0.999999      7799074   1310720.00
 4767743.000     0.999999      7799074   1497965.71
 4767743.000     0.999999      7799074   1747626.67
 4767743.000     1.000000      7799074   2097152.00
 4767743.000     1.000000      7799074   2330168.89
 4767743.000     1.000000      7799074   2621440.00
 4767743.000     1.000000      7799074   2995931.43
 4767743.000     1.000000      7799074   3495253.33
 4771839.000     1.000000      7799076   4194304.00
 4771839.000     1.000000      7799076          inf
#[Mean    =     8842.562, StdDeviation   =    64789.934]
#[Max     =  4771839.000, Total count    =      7799076]
#[Buckets =           13, SubBuckets     =         2048]
