       Value   Percentile   TotalCount 1/(1-Percentile)

      58.000     0.000000            2         1.00
      87.000     0.100000       147612         1.11
      95.000     0.200000       286944         1.25
     103.000     0.300000       436547         1.43
     110.000     0.400000       566914         1.67
     118.000     0.500000       709267         2.00
     123.000     0.550000       791688         2.22
     127.000     0.600000       851472         2.50
     133.000     0.650000       932406         2.86
     139.000     0.700000      1001672         3.33
     146.000     0.750000      1070606         4.00
     150.000     0.775000      1104719         4.44
     154.000     0.800000      1135704         5.00
     159.000     0.825000      1171025         5.71
     165.000     0.850000      1207525         6.67
     172.000     0.875000      1241789         8.00
     176.000     0.887500      1258286         8.89
     181.000     0.900000      1275933        10.00
     187.000     0.912500      1294194        11.43
     194.000     0.925000      1311289        13.33
     203.000     0.937500      1328987        16.00
     208.000     0.943750      1337379        17.78
     214.000     0.950000      1346165        20.00
     221.000     0.956250      1354682        22.86
     230.000     0.962500      1363420        26.67
     242.000     0.968750      1372468        32.00
     249.000     0.971875      1376655        35.56
     259.000     0.975000      1381364        40.00
     271.000     0.978125      1385749        45.71
     287.000     0.981250      1390114        53.33
     311.000     0.984375      1394398        64.00
     330.000     0.985938      1396540        71.11
     361.000     0.987500      1398748        80.00
     411.000     0.989062      1400958        91.43
     459.000     0.990625      1403181       106.67
     502.000     0.992188      1405407       128.00
     523.000     0.992969      1406525       142.22
     547.000     0.993750      1407618       160.00
     578.000     0.994531      1408713       182.86
     623.000     0.995313      1409808       213.33
     670.000     0.996094      1410915       256.00
     697.000     0.996484      1411490       284.44
     721.000     0.996875      1412015       320.00
     748.000     0.997266      1412572       365.71
     781.000     0.997656      1413135       426.67
     822.000     0.998047      1413668       512.00
     846.000     0.998242      1413946       568.89
     868.000     0.998437      1414224       640.00
     895.000     0.998633      1414504       731.43
     925.000     0.998828      1414776       853.33
     957.000     0.999023      1415062      1024.00
     978.000     0.999121      1415190      1137.78
    1003.000     0.999219      1415334      1280.00
    1027.000     0.999316      1415470      1462.86
    1059.000     0.999414      1415606      1706.67
    1091.000     0.999512      1415743      2048.00
    1108.000     0.999561      1415814      2275.56
    1125.000     0.999609      1415883      2560.00
    1146.000     0.999658      1415952      2925.71
    1170.000     0.999707      1416023      3413.33
    1197.000     0.999756      1416092      4096.00
    1210.000     0.999780      1416123      4551.11
    1228.000     0.999805      1416159      5120.00
    1243.000     0.999829      1416192      5851.43
    1273.000     0.999854      1416228      6826.67
    1298.000     0.999878      1416262      8192.00
    1319.000     0.999890      1416279      9102.22
    1336.000     0.999902      1416298     10240.00
    1348.000     0.999915      1416314     11702.86
    1375.000     0.999927      1416331     13653.33
    1401.000     0.999939      1416348     16384.00
    1413.000     0.999945      1416358     18204.44
    1435.000     0.999951      1416365     20480.00
    1458.000     0.999957      1416374     23405.71
    1473.000     0.999963      1416383     27306.67
    1522.000     0.999969      1416391     32768.00
    1530.000     0.999973      1416396     36408.89
    1548.000     0.999976      1416400     40960.00
    1561.000     0.999979      1416404     46811.43
    1581.000     0.999982      1416409     54613.33
    1614.000     0.999985      1416413     65536.00
    1632.000     0.999986      1416415     72817.78
    1665.000     0.999988      1416417     81920.00
    1669.000     0.999989      1416419     93622.86
    1709.000     0.999991      1416423    109226.67
    1716.000     0.999992      1416424    131072.00
    1717.000     0.999993      1416425    145635.56
    1726.000     0.999994      1416426    163840.00
    1737.000     0.999995      1416427    187245.71
    1740.000     0.999995      1416429    218453.33
    1740.000     0.999996      1416429    262144.00
    1767.000     0.999997      1416430    291271.11
    1767.000     0.999997      1416430    327680.00
    1808.000     0.999997      1416431    374491.43
    1808.000     0.999998      1416431    436906.67
    1861.000     0.999998      1416432    524288.00
    1861.000     0.999998      1416432    582542.22
    1861.000     0.999998      1416432    655360.00
    3317.000     0.999999      1416433    748982.86
    3317.000     0.999999      1416433    873813.33
    3317.000     0.999999      1416433   1048576.00
    3317.000     0.999999      1416433   1165084.44
    3317.000     0.999999      1416433   1310720.00
   15239.000     0.999999      1416434   1497965.71
   15239.000     1.000000      1416434          inf
#[Mean    =      132.848, StdDeviation   =       72.165]
#[Max     =    15239.000, Total count    =      1416434]
#[Buckets =            4, SubBuckets     =         2048]
