       Value   Percentile   TotalCount 1/(1-Percentile)

      61.000     0.000000            1         1.00
     693.000     0.100000       583997         1.11
    1050.000     0.200000      1167656         1.25
    1430.000     0.300000      1749473         1.43
    1875.000     0.400000      2333435         1.67
    2419.000     0.500000      2916160         2.00
    2743.000     0.550000      3207119         2.22
    3113.000     0.600000      3499898         2.50
    3537.000     0.650000      3791175         2.86
    4033.000     0.700000      4081929         3.33
    4627.000     0.750000      4374261         4.00
    4967.000     0.775000      4519788         4.44
    5347.000     0.800000      4666223         5.00
    5767.000     0.825000      4811453         5.71
    6251.000     0.850000      4957267         6.67
    6811.000     0.875000      5102953         8.00
    7123.000     0.887500      5175464         8.89
    7471.000     0.900000      5248211        10.00
    7855.000     0.912500      5320848        11.43
    8287.000     0.925000      5393756        13.33
    8783.000     0.937500      5466636        16.00
    9063.000     0.943750      5502997        17.78
    9375.000     0.950000      5539506        20.00
    9719.000     0.956250      5576232        22.86
   10111.000     0.962500      5612448        26.67
   10567.000     0.968750      5649220        32.00
   10823.000     0.971875      5667395        35.56
   11111.000     0.975000      5685553        40.00
   11431.000     0.978125      5703826        45.71
   11791.000     0.981250      5721920        53.33
   12207.000     0.984375      5739950        64.00
   12455.000     0.985938      5749242        71.11
   12719.000     0.987500      5758142        80.00
   13031.000     0.989062      5767370        91.43
   13383.000     0.990625      5776318       106.67
   13799.000     0.992188      5785452       128.00
   14039.000     0.992969      5790068       142.22
   14311.000     0.993750      5794666       160.00
   14607.000     0.994531      5799097       182.86
   14951.000     0.995313      5803726       213.33
   15367.000     0.996094      5808248       256.00
   15607.000     0.996484      5810524       284.44
   15871.000     0.996875      5812808       320.00
   16167.000     0.997266      5815070       365.71
   16511.000     0.997656      5817326       426.67
   16927.000     0.998047      5819682       512.00
   17151.000     0.998242      5820787       568.89
   17423.000     0.998437      5821937       640.00
   17711.000     0.998633      5823011       731.43
   18063.000     0.998828      5824150       853.33
   18527.000     0.999023      5825319      1024.00
   18783.000     0.999121      5825866      1137.78
   19103.000     0.999219      5826456      1280.00
   19455.000     0.999316      5827000      1462.86
   19903.000     0.999414      5827578      1706.67
   20431.000     0.999512      5828141      2048.00
   20767.000     0.999561      5828421      2275.56
   21135.000     0.999609      5828713      2560.00
   21567.000     0.999658      5828997      2925.71
   22095.000     0.999707      5829278      3413.33
   22719.000     0.999756      5829566      4096.00
   23295.000     0.999780      5829702      4551.11
   23871.000     0.999805      5829846      5120.00
   24447.000     0.999829      5829987      5851.43
   25327.000     0.999854      5830130      6826.67
   26239.000     0.999878      5830273      8192.00
   27007.000     0.999890      5830343      9102.22
   28031.000     0.999902      5830414     10240.00
   28831.000     0.999915      5830485     11702.86
   30463.000     0.999927      5830556     13653.33
   32207.000     0.999939      5830628     16384.00
   33407.000     0.999945      5830663     18204.44
   34495.000     0.999951      5830699     20480.00
   35455.000     0.999957      5830734     23405.71
   36415.000     0.999963      5830770     27306.67
   37535.000     0.999969      5830806     32768.00
   38143.000     0.999973      5830823     36408.89
   39359.000     0.999976      5830842     40960.00
   41087.000     0.999979      5830859     46811.43
   43359.000     0.999982      5830877     54613.33
   44287.000     0.999985      5830896     65536.00
   44607.000     0.999986      5830904     72817.78
   45055.000     0.999988      5830914     81920.00
   45183.000     0.999989      5830921     93622.86
   45599.000     0.999991      5830931    109226.67
   45983.000     0.999992      5830939    131072.00
   46047.000     0.999993      5830943    145635.56
   46335.000     0.999994      5830948    163840.00
   46527.000     0.999995      5830952    187245.71
   47007.000     0.999995      5830957    218453.33
   47295.000     0.999996      5830961    262144.00
   47615.000     0.999997      5830963    291271.11
   47679.000     0.999997      5830966    327680.00
   47839.000     0.999997      5830968    374491.43
   47935.000     0.999998      5830971    436906.67
   48031.000     0.999998      5830973    524288.00
   48031.000     0.999998      5830973    582542.22
   48127.000     0.999998      5830975    655360.00
   48159.000     0.999999      5830977    748982.86
   48159.000     0.999999      5830977    873813.33
   48191.000     0.999999      5830978   1048576.00
   48191.000     0.999999      5830978   1165084.44
   48767.000     0.999999      5830979   1310720.00
   48959.000     0.999999      5830980   1497965.71
   48959.000     0.999999      5830980   1747626.67
   49311.000     1.000000      5830981   2097152.00
   49311.000     1.000000      5830981   2330168.89
   49311.000     1.000000      5830981   2621440.00
   49439.000     1.000000      5830982   2995931.43
   49439.000     1.000000      5830982   3495253.33
   49439.000     1.000000      5830982   4194304.00
   49439.000     1.000000      5830982   4660337.78
   49439.000     1.000000      5830982   5242880.00
   50623.000     1.000000      5830983   5991862.86
   50623.000     1.000000      5830983          inf
#[Mean    =     3368.907, StdDeviation   =     2936.505]
#[Max     =    50623.000, Total count    =      5830983]
#[Buckets =            6, SubBuckets     =         2048]
