       Value   Percentile   TotalCount 1/(1-Percentile)

      84.000     0.000000            1         1.00
     761.000     0.100000       809700         1.11
    1321.000     0.200000      1618073         1.25
    2187.000     0.300000      2427382         1.43
    3253.000     0.400000      3236397         1.67
    4407.000     0.500000      4046050         2.00
    5123.000     0.550000      4449466         2.22
    5927.000     0.600000      4853991         2.50
    6763.000     0.650000      5257761         2.86
    7635.000     0.700000      5662125         3.33
    8567.000     0.750000      6067359         4.00
    9071.000     0.775000      6269214         4.44
    9623.000     0.800000      6471478         5.00
   10255.000     0.825000      6673548         5.71
   11007.000     0.850000      6876169         6.67
   11943.000     0.875000      7078360         8.00
   12519.000     0.887500      7179766         8.89
   13207.000     0.900000      7280001        10.00
   14079.000     0.912500      7381596        11.43
   15239.000     0.925000      7482490        13.33
   16895.000     0.937500      7583186        16.00
   18047.000     0.943750      7633839        17.78
   19551.000     0.950000      7684587        20.00
   21551.000     0.956250      7734948        22.86
   24223.000     0.962500      7785599        26.67
   27679.000     0.968750      7836115        32.00
   29871.000     0.971875      7861287        35.56
   32511.000     0.975000      7886469        40.00
   35807.000     0.978125      7911828        45.71
   39871.000     0.981250      7937013        53.33
   45087.000     0.984375      7962387        64.00
   48127.000     0.985938      7974930        71.11
   51743.000     0.987500      7987569        80.00
   55999.000     0.989062      8000210        91.43
   60799.000     0.990625      8012869       106.67
   67071.000     0.992188      8025573       128.00
   70655.000     0.992969      8031809       142.22
   74943.000     0.993750      8038173       160.00
   80063.000     0.994531      8044496       182.86
   86463.000     0.995313      8050790       213.33
   94527.000     0.996094      8057128       256.00
   99199.000     0.996484      8060272       284.44
  104127.000     0.996875      8063421       320.00
  110079.000     0.997266      8066595       365.71
  116287.000     0.997656      8069716       426.67
  124927.000     0.998047      8072880       512.00
  129663.000     0.998242      8074462       568.89
  136959.000     0.998437      8076034       640.00
  144511.000     0.998633      8077639       731.43
  151167.000     0.998828      8079202       853.33
  159487.000     0.999023      8080784      1024.00
  164095.000     0.999121      8081566      1137.78
  169855.000     0.999219      8082366      1280.00
  175359.000     0.999316      8083150      1462.86
  182399.000     0.999414      8083936      1706.67
  192511.000     0.999512      8084722      2048.00
  197503.000     0.999561      8085119      2275.56
  202879.000     0.999609      8085512      2560.00
  211583.000     0.999658      8085907      2925.71
  221439.000     0.999707      8086303      3413.33
  232447.000     0.999756      8086700      4096.00
  236287.000     0.999780      8086901      4551.11
  238591.000     0.999805      8087094      5120.00
  244607.000     0.999829      8087293      5851.43
  252927.000     0.999854      8087486      6826.67
  262015.000     0.999878      8087688      8192.00
  263679.000     0.999890      8087782      9102.22
  270591.000     0.999902      8087887     10240.00
  289535.000     0.999915      8087979     11702.86
  310527.000     0.999927      8088078     13653.33
  322559.000     0.999939      8088178     16384.00
  334591.000     0.999945      8088226     18204.44
  348927.000     0.999951      8088276     20480.00
  353023.000     0.999957      8088332     23405.71
  354047.000     0.999963      8088375     27306.67
  359679.000     0.999969      8088424     32768.00
  395007.000     0.999973      8088448     36408.89
  409855.000     0.999976      8088473     40960.00
  413695.000     0.999979      8088500     46811.43
  416511.000     0.999982      8088526     54613.33
  418815.000     0.999985      8088551     65536.00
  419327.000     0.999986      8088561     72817.78
  419839.000     0.999988      8088576     81920.00
  420351.000     0.999989      8088587     93622.86
  420863.000     0.999991      8088600    109226.67
  421375.000     0.999992      8088616    131072.00
  421375.000     0.999993      8088616    145635.56
  421631.000     0.999994      8088624    163840.00
  421887.000     0.999995      8088628    187245.71
  422399.000     0.999995      8088637    218453.33
  422655.000     0.999996      8088643    262144.00
  422655.000     0.999997      8088643    291271.11
  422911.000     0.999997      8088649    327680.00
  422911.000     0.999997      8088649    374491.43
  423167.000     0.999998      8088654    436906.67
  423423.000     0.999998      8088656    524288.00
  424191.000     0.999998      8088657    582542.22
  424447.000     0.999998      8088659    655360.00
  424703.000     0.999999      8088661    748982.86
  424703.000     0.999999      8088661    873813.33
  424959.000     0.999999      8088663   1048576.00
  425983.000     0.999999      8088666   1165084.44
  425983.000     0.999999      8088666   1310720.00
  425983.000     0.999999      8088666   1497965.71
  425983.000     0.999999      8088666   1747626.67
  426239.000     1.000000      8088668   2097152.00
  426239.000     1.000000      8088668   2330168.89
  426239.000     1.000000      8088668   2621440.00
  426239.000     1.000000      8088668   2995931.43
  426239.000     1.000000      8088668   3495253.33
  426495.000     1.000000      8088670   4194304.00
  426495.000     1.000000      8088670          inf
#[Mean    =     7184.055, StdDeviation   =    12510.562]
#[Max     =   426495.000, Total count    =      8088670]
#[Buckets =            9, SubBuckets     =         2048]
