       Value   Percentile   TotalCount 1/(1-Percentile)

      94.000     0.000000            1         1.00
     751.000     0.100000       812663         1.11
    1018.000     0.200000      1622340         1.25
    1285.000     0.300000      2434365         1.43
    1583.000     0.400000      3243424         1.67
    1949.000     0.500000      4053815         2.00
    2171.000     0.550000      4460577         2.22
    2431.000     0.600000      4864853         2.50
    2741.000     0.650000      5270315         2.86
    3121.000     0.700000      5675293         3.33
    3617.000     0.750000      6080127         4.00
    3933.000     0.775000      6282240         4.44
    4323.000     0.800000      6485549         5.00
    4819.000     0.825000      6688147         5.71
    5487.000     0.850000      6890185         6.67
    6443.000     0.875000      7092720         8.00
    7091.000     0.887500      7193849         8.89
    7947.000     0.900000      7295488        10.00
    9103.000     0.912500      7396751        11.43
   10775.000     0.925000      7497980        13.33
   13295.000     0.937500      7599168        16.00
   15087.000     0.943750      7649870        17.78
   17407.000     0.950000      7700449        20.00
   20431.000     0.956250      7751224        22.86
   24687.000     0.962500      7801819        26.67
   30623.000     0.968750      7852432        32.00
   34495.000     0.971875      7877792        35.56
   39103.000     0.975000      7903135        40.00
   45791.000     0.978125      7928461        45.71
   53855.000     0.981250      7953791        53.33
   63967.000     0.984375      7979052        64.00
   69951.000     0.985938      7991846        71.11
   76991.000     0.987500      8004401        80.00
   87295.000     0.989062      8017101        91.43
   99711.000     0.990625      8029716       106.67
  115135.000     0.992188      8042421       128.00
  123647.000     0.992969      8048705       142.22
  132991.000     0.993750      8055062       160.00
  145919.000     0.994531      8061419       182.86
  158591.000     0.995313      8067704       213.33
  174591.000     0.996094      8074062       256.00
  184959.000     0.996484      8077223       284.44
  194687.000     0.996875      8080393       320.00
  202879.000     0.997266      8083570       365.71
  213247.000     0.997656      8086711       426.67
  223487.000     0.998047      8089873       512.00
  231679.000     0.998242      8091467       568.89
  238975.000     0.998437      8093047       640.00
  245887.000     0.998633      8094644       731.43
  254847.000     0.998828      8096208       853.33
  265215.000     0.999023      8097806      1024.00
  269823.000     0.999121      8098602      1137.78
  275455.000     0.999219      8099394      1280.00
  282367.000     0.999316      8100170      1462.86
  289535.000     0.999414      8100987      1706.67
  297471.000     0.999512      8101747      2048.00
  304639.000     0.999561      8102138      2275.56
  310783.000     0.999609      8102547      2560.00
  316415.000     0.999658      8102939      2925.71
  321535.000     0.999707      8103330      3413.33
  328959.000     0.999756      8103732      4096.00
  332543.000     0.999780      8103925      4551.11
  337407.000     0.999805      8104116      5120.00
  344063.000     0.999829      8104313      5851.43
  352767.000     0.999854      8104512      6826.67
  361471.000     0.999878      8104717      8192.00
  365055.000     0.999890      8104818      9102.22
  374783.000     0.999902      8104909     10240.00
  383231.000     0.999915      8105007     11702.86
  390143.000     0.999927      8105105     13653.33
  400383.000     0.999939      8105203     16384.00
  408319.000     0.999945      8105252     18204.44
  422399.000     0.999951      8105302     20480.00
  431359.000     0.999957      8105351     23405.71
  445183.000     0.999963      8105401     27306.67
  479743.000     0.999969      8105451     32768.00
  487679.000     0.999973      8105475     36408.89
  496127.000     0.999976      8105501     40960.00
  587775.000     0.999979      8105524     46811.43
  589823.000     0.999982      8105554     54613.33
  590847.000     0.999985      8105579     65536.00
  591359.000     0.999986      8105593     72817.78
  592383.000     0.999988      8105601     81920.00
  593919.000     0.999989      8105613     93622.86
  594431.000     0.999991      8105624    109226.67
  595967.000     0.999992      8105637    131072.00
  596991.000     0.999993      8105644    145635.56
  600063.000     0.999994      8105649    163840.00
  600575.000     0.999995      8105654    187245.71
  601599.000     0.999995      8105663    218453.33
  602111.000     0.999996      8105669    262144.00
  602623.000     0.999997      8105671    291271.11
  604671.000     0.999997      8105673    327680.00
  605695.000     0.999997      8105678    374491.43
  606207.000     0.999998      8105679    436906.67
  607231.000     0.999998      8105682    524288.00
  609279.000     0.999998      8105684    582542.22
  609791.000     0.999998      8105685    655360.00
  610815.000     0.999999      8105689    748982.86
  610815.000     0.999999      8105689    873813.33
  611327.000     0.999999      8105692   1048576.00
  611327.000     0.999999      8105692   1165084.44
  611327.000     0.999999      8105692   1310720.00
  611327.000     0.999999      8105692   1497965.71
  611839.000     0.999999      8105693   1747626.67
  612351.000     1.000000      8105697   2097152.00
  612351.000     1.000000      8105697          inf
#[Mean    =     5837.000, StdDeviation   =    19845.633]
#[Max     =   612351.000, Total count    =      8105697]
#[Buckets =           10, SubBuckets     =         2048]
