       Value   Percentile   TotalCount 1/(1-Percentile)

     113.000     0.000000            2         1.00
     871.000     0.100000       857068         1.11
    1114.000     0.200000      1712526         1.25
    1350.000     0.300000      2571749         1.43
    1611.000     0.400000      3426023         1.67
    1925.000     0.500000      4282197         2.00
    2113.000     0.550000      4711579         2.22
    2327.000     0.600000      5137191         2.50
    2581.000     0.650000      5566699         2.86
    2887.000     0.700000      5993815         3.33
    3273.000     0.750000      6422308         4.00
    3509.000     0.775000      6635952         4.44
    3785.000     0.800000      6850612         5.00
    4115.000     0.825000      7064348         5.71
    4527.000     0.850000      7278621         6.67
    5071.000     0.875000      7492051         8.00
    5423.000     0.887500      7598754         8.89
    5859.000     0.900000      7706125        10.00
    6419.000     0.912500      7812662        11.43
    7215.000     0.925000      7919391        13.33
    8503.000     0.937500      8026422        16.00
    9487.000     0.943750      8079923        17.78
   10871.000     0.950000      8133617        20.00
   12727.000     0.956250      8187012        22.86
   15255.000     0.962500      8240465        26.67
   18847.000     0.968750      8294098        32.00
   21199.000     0.971875      8320777        35.56
   23951.000     0.975000      8347508        40.00
   27551.000     0.978125      8374271        45.71
   32127.000     0.981250      8401052        53.33
   37631.000     0.984375      8427807        64.00
   40927.000     0.985938      8441094        71.11
   45471.000     0.987500      8454502        80.00
   50911.000     0.989062      8467859        91.43
   56927.000     0.990625      8481256       106.67
   64575.000     0.992188      8494607       128.00
   69119.000     0.992969      8501303       142.22
   74687.000     0.993750      8507984       160.00
   82111.000     0.994531      8514708       182.86
   91135.000     0.995313      8521357       213.33
  102207.000     0.996094      8528056       256.00
  111039.000     0.996484      8531390       284.44
  117951.000     0.996875      8534741       320.00
  127615.000     0.997266      8538085       365.71
  138623.000     0.997656      8541442       426.67
  151167.000     0.998047      8544775       512.00
  158463.000     0.998242      8546447       568.89
  167167.000     0.998437      8548108       640.00
  176895.000     0.998633      8549798       731.43
  187903.000     0.998828      8551466       853.33
  196607.000     0.999023      8553125      1024.00
  204287.000     0.999121      8553964      1137.78
  214911.000     0.999219      8554797      1280.00
  222847.000     0.999316      8555641      1462.86
  235903.000     0.999414      8556471      1706.67
  249471.000     0.999512      8557308      2048.00
  260479.000     0.999561      8557725      2275.56
  274943.000     0.999609      8558146      2560.00
  294143.000     0.999658      8558561      2925.71
  307455.000     0.999707      8558980      3413.33
  328959.000     0.999756      8559398      4096.00
  335871.000     0.999780      8559609      4551.11
  393727.000     0.999805      8559825      5120.00
  403455.000     0.999829      8560022      5851.43
  427007.000     0.999854      8560231      6826.67
  458495.000     0.999878      8560449      8192.00
  462591.000     0.999890      8560547      9102.22
  465663.000     0.999902      8560656     10240.00
  517631.000     0.999915      8560754     11702.86
  562687.000     0.999927      8560858     13653.33
  663551.000     0.999939      8560966     16384.00
  667135.000     0.999945      8561022     18204.44
  692735.000     0.999951      8561067     20480.00
  696319.000     0.999957      8561145     23405.71
  697855.000     0.999963      8561193     27306.67
  698367.000     0.999969      8561224     32768.00
  698879.000     0.999973      8561263     36408.89
  699391.000     0.999976      8561288     40960.00
  700927.000     0.999979      8561305     46811.43
 1121279.000     0.999982      8561329     54613.33
 1342463.000     0.999985      8561363     65536.00
 1343487.000     0.999986      8561381     72817.78
 1343487.000     0.999988      8561381     81920.00
 1345535.000     0.999989      8561394     93622.86
 1435647.000     0.999991      8561411    109226.67
 1437695.000     0.999992      8561422    131072.00
 1441791.000     0.999993      8561429    145635.56
 1442815.000     0.999994      8561440    163840.00
 1442815.000     0.999995      8561440    187245.71
 1443839.000     0.999995      8561449    218453.33
 1445887.000     0.999996      8561455    262144.00
 1446911.000     0.999997      8561456    291271.11
 1448959.000     0.999997      8561460    327680.00
 1452031.000     0.999997      8561463    374491.43
 1453055.000     0.999998      8561468    436906.67
 1454079.000     0.999998      8561469    524288.00
 1456127.000     0.999998      8561475    582542.22
 1456127.000     0.999998      8561475    655360.00
 1456127.000     0.999999      8561475    748982.86
 1457151.000     0.999999      8561480    873813.33
 1457151.000     0.999999      8561480   1048576.00
 1457151.000     0.999999      8561480   1165084.44
 1457151.000     0.999999      8561480   1310720.00
 1457151.000     0.999999      8561480   1497965.71
 1458175.000     0.999999      8561482   1747626.67
 1458175.000     1.000000      8561482   2097152.00
 1458175.000     1.000000      8561482   2330168.89
 1458175.000     1.000000      8561482   2621440.00
 1527807.000     1.000000      8561483   2995931.43
 1527807.000     1.000000      8561483   3495253.33
 1527807.000     1.000000      8561483   4194304.00
 1538047.000     1.000000      8561484   4660337.78
 1538047.000     1.000000      8561484   5242880.00
 1538047.000     1.000000      8561484   5991862.86
 1538047.000     1.000000      8561484   6990506.67
 1538047.000     1.000000      8561484   8388608.00
 1552383.000     1.000000      8561485   9320675.55
 1552383.000     1.000000      8561485          inf
#[Mean    =     4353.240, StdDeviation   =    15662.842]
#[Max     =  1552383.000, Total count    =      8561485]
#[Buckets =           11, SubBuckets     =         2048]
