       Value   Percentile   TotalCount 1/(1-Percentile)

      61.000     0.000000            1         1.00
     495.000     0.100000       859446         1.11
     860.000     0.200000      1718841         1.25
    1334.000     0.300000      2577709         1.43
    1980.000     0.400000      3435614         1.67
    3025.000     0.500000      4294954         2.00
    3701.000     0.550000      4723329         2.22
    4403.000     0.600000      5154160         2.50
    5047.000     0.650000      5584497         2.86
    5655.000     0.700000      6012887         3.33
    6283.000     0.750000      6441670         4.00
    6619.000     0.775000      6655881         4.44
    6983.000     0.800000      6871533         5.00
    7379.000     0.825000      7086198         5.71
    7823.000     0.850000      7300265         6.67
    8351.000     0.875000      7516387         8.00
    8655.000     0.887500      7621997         8.89
    9015.000     0.900000      7730767        10.00
    9439.000     0.912500      7837527        11.43
    9975.000     0.925000      7944111        13.33
   10719.000     0.937500      8051721        16.00
   11231.000     0.943750      8105314        17.78
   11911.000     0.950000      8158852        20.00
   12927.000     0.956250      8212270        22.86
   14703.000     0.962500      8265820        26.67
   18287.000     0.968750      8319469        32.00
   20735.000     0.971875      8346389        35.56
   23743.000     0.975000      8373204        40.00
   26927.000     0.978125      8400023        45.71
   29999.000     0.981250      8426813        53.33
   32959.000     0.984375      8453663        64.00
   34399.000     0.985938      8467120        71.11
   35871.000     0.987500      8480680        80.00
   37439.000     0.989062      8494083        91.43
   39071.000     0.990625      8507398       106.67
   40959.000     0.992188      8520841       128.00
   42015.000     0.992969      8527568       142.22
   43199.000     0.993750      8534181       160.00
   44543.000     0.994531      8540903       182.86
   46047.000     0.995313      8547563       213.33
   47871.000     0.996094      8554303       256.00
   48895.000     0.996484      8557646       284.44
   49983.000     0.996875      8560988       320.00
   51263.000     0.997266      8564369       365.71
   52767.000     0.997656      8567675       426.67
   54655.000     0.998047      8571041       512.00
   55711.000     0.998242      8572703       568.89
   56959.000     0.998437      8574371       640.00
   58527.000     0.998633      8576068       731.43
   60319.000     0.998828      8577721       853.33
   62719.000     0.999023      8579398      1024.00
   64191.000     0.999121      8580249      1137.78
   65983.000     0.999219      8581072      1280.00
   67967.000     0.999316      8581933      1462.86
   70143.000     0.999414      8582757      1706.67
   72703.000     0.999512      8583592      2048.00
   74047.000     0.999561      8584021      2275.56
   75711.000     0.999609      8584441      2560.00
   77631.000     0.999658      8584850      2925.71
   80063.000     0.999707      8585280      3413.33
   82239.000     0.999756      8585697      4096.00
   83327.000     0.999780      8585901      4551.11
   84223.000     0.999805      8586115      5120.00
   84927.000     0.999829      8586316      5851.43
   85887.000     0.999854      8586526      6826.67
   86847.000     0.999878      8586737      8192.00
   87359.000     0.999890      8586842      9102.22
   87935.000     0.999902      8586944     10240.00
   88639.000     0.999915      8587050     11702.86
   89535.000     0.999927      8587154     13653.33
   91199.000     0.999939      8587260     16384.00
   91903.000     0.999945      8587312     18204.44
   92671.000     0.999951      8587362     20480.00
   93567.000     0.999957      8587415     23405.71
   94655.000     0.999963      8587467     27306.67
   96447.000     0.999969      8587520     32768.00
   97855.000     0.999973      8587547     36408.89
   98879.000     0.999976      8587573     40960.00
   99711.000     0.999979      8587598     46811.43
  100671.000     0.999982      8587624     54613.33
  102143.000     0.999985      8587650     65536.00
  102527.000     0.999986      8587664     72817.78
  103231.000     0.999988      8587677     81920.00
  103679.000     0.999989      8587690     93622.86
  104127.000     0.999991      8587704    109226.67
  104575.000     0.999992      8587717    131072.00
  104831.000     0.999993      8587724    145635.56
  105343.000     0.999994      8587730    163840.00
  106047.000     0.999995      8587736    187245.71
  106367.000     0.999995      8587742    218453.33
  106687.000     0.999996      8587749    262144.00
  106815.000     0.999997      8587752    291271.11
  107071.000     0.999997      8587755    327680.00
  107519.000     0.999997      8587760    374491.43
  108159.000     0.999998      8587763    436906.67
  108799.000     0.999998      8587766    524288.00
  108863.000     0.999998      8587767    582542.22
  109055.000     0.999998      8587769    655360.00
  109247.000     0.999999      8587770    748982.86
  109503.000     0.999999      8587773    873813.33
  109503.000     0.999999      8587773   1048576.00
  109823.000     0.999999      8587774   1165084.44
  109951.000     0.999999      8587775   1310720.00
  110271.000     0.999999      8587776   1497965.71
  110463.000     0.999999      8587777   1747626.67
  110463.000     1.000000      8587777   2097152.00
  110655.000     1.000000      8587778   2330168.89
  110655.000     1.000000      8587778   2621440.00
  110719.000     1.000000      8587779   2995931.43
  110719.000     1.000000      8587779   3495253.33
  110719.000     1.000000      8587779   4194304.00
  110783.000     1.000000      8587780   4660337.78
  110783.000     1.000000      8587780   5242880.00
  110783.000     1.000000      8587780   5991862.86
  110783.000     1.000000      8587780   6990506.67
  110783.000     1.000000      8587780   8388608.00
  112639.000     1.000000      8587781   9320675.55
  112639.000     1.000000      8587781          inf
#[Mean    =     4766.719, StdDeviation   =     6625.865]
#[Max     =   112639.000, Total count    =      8587781]
#[Buckets =            7, SubBuckets     =         2048]
