       Value   Percentile   TotalCount 1/(1-Percentile)

      68.000     0.000000            1         1.00
      92.000     0.100000       158938         1.11
      99.000     0.200000       315325         1.25
     105.000     0.300000       446934         1.43
     112.000     0.400000       598979         1.67
     118.000     0.500000       739133         2.00
     122.000     0.550000       827386         2.22
     125.000     0.600000       888471         2.50
     129.000     0.650000       963022         2.86
     133.000     0.700000      1033127         3.33
     138.000     0.750000      1116038         4.00
     140.000     0.775000      1145560         4.44
     143.000     0.800000      1183949         5.00
     146.000     0.825000      1215762         5.71
     151.000     0.850000      1256943         6.67
     157.000     0.875000      1294149         8.00
     160.000     0.887500      1310423         8.89
     164.000     0.900000      1329924        10.00
     168.000     0.912500      1346044        11.43
     173.000     0.925000      1363400        13.33
     180.000     0.937500      1382743        16.00
     184.000     0.943750      1391574        17.78
     188.000     0.950000      1399419        20.00
     194.000     0.956250      1409285        22.86
     200.000     0.962500      1417776        26.67
     208.000     0.968750      1427424        32.00
     212.000     0.971875      1431714        35.56
     217.000     0.975000      1436512        40.00
     223.000     0.978125      1441567        45.71
     229.000     0.981250      1445992        53.33
     236.000     0.984375      1450534        64.00
     239.000     0.985938      1452422        71.11
     243.000     0.987500      1454900        80.00
     247.000     0.989062      1457229        91.43
     251.000     0.990625      1459608       106.67
     255.000     0.992188      1461729       128.00
     257.000     0.992969      1462665       142.22
     260.000     0.993750      1463874       160.00
     264.000     0.994531      1465283       182.86
     267.000     0.995313      1466156       213.33
     272.000     0.996094      1467383       256.00
     275.000     0.996484      1468012       284.44
     278.000     0.996875      1468545       320.00
     281.000     0.997266      1469025       365.71
     286.000     0.997656      1469673       426.67
     291.000     0.998047      1470236       512.00
     293.000     0.998242      1470459       568.89
     296.000     0.998437      1470760       640.00
     299.000     0.998633      1471019       731.43
     303.000     0.998828      1471330       853.33
     307.000     0.999023      1471611      1024.00
     309.000     0.999121      1471721      1137.78
     313.000     0.999219      1471889      1280.00
     316.000     0.999316      1472015      1462.86
     320.000     0.999414      1472149      1706.67
     325.000     0.999512      1472291      2048.00
     328.000     0.999561      1472364      2275.56
     332.000     0.999609      1472445      2560.00
     336.000     0.999658      1472507      2925.71
     341.000     0.999707      1472575      3413.33
     347.000     0.999756      1472645      4096.00
     351.000     0.999780      1472689      4551.11
     355.000     0.999805      1472719      5120.00
     363.000     0.999829      1472758      5851.43
     373.000     0.999854      1472791      6826.67
     388.000     0.999878      1472825      8192.00
     399.000     0.999890      1472844      9102.22
     411.000     0.999902      1472861     10240.00
     426.000     0.999915      1472879     11702.86
     444.000     0.999927      1472899     13653.33
     458.000     0.999939      1472916     16384.00
     468.000     0.999945      1472924     18204.44
     487.000     0.999951      1472933     20480.00
     498.000     0.999957      1472943     23405.71
     517.000     0.999963      1472951     27306.67
     555.000     0.999969      1472960     32768.00
     572.000     0.999973      1472964     36408.89
     624.000     0.999976      1472969     40960.00
     684.000     0.999979      1472974     46811.43
     743.000     0.999982      1472978     54613.33
    1086.000     0.999985      1472982     65536.00
    1161.000     0.999986      1472984     72817.78
    1306.000     0.999988      1472987     81920.00
    1505.000     0.999989      1472989     93622.86
    1596.000     0.999991      1472991    109226.67
    1625.000     0.999992      1472993    131072.00
    1648.000     0.999993      1472994    145635.56
    1675.000     0.999994      1472997    163840.00
    1675.000     0.999995      1472997    187245.71
    1691.000     0.999995      1472998    218453.33
    1734.000     0.999996      1472999    262144.00
    1734.000     0.999997      1472999    291271.11
    1747.000     0.999997      1473000    327680.00
    1789.000     0.999997      1473001    374491.43
    1789.000     0.999998      1473001    436906.67
    2141.000     0.999998      1473002    524288.00
    2141.000     0.999998      1473002    582542.22
    2141.000     0.999998      1473002    655360.00
    2531.000     0.999999      1473003    748982.86
    2531.000     0.999999      1473003    873813.33
    2531.000     0.999999      1473003   1048576.00
    2531.000     0.999999      1473003   1165084.44
    2531.000     0.999999      1473003   1310720.00
    2645.000     0.999999      1473004   1497965.71
    2645.000     1.000000      1473004          inf
#[Mean    =      124.860, StdDeviation   =       33.707]
#[Max     =     2645.000, Total count    =      1473004]
#[Buckets =            2, SubBuckets     =         2048]
