       Value   Percentile   TotalCount 1/(1-Percentile)

      72.000     0.000000            1         1.00
     899.000     0.100000       665768         1.11
    1663.000     0.200000      1330823         1.25
    2613.000     0.300000      1995574         1.43
    3743.000     0.400000      2660387         1.67
    4995.000     0.500000      3325140         2.00
    5659.000     0.550000      3658007         2.22
    6343.000     0.600000      3990307         2.50
    7063.000     0.650000      4324008         2.86
    7827.000     0.700000      4656517         3.33
    8639.000     0.750000      4989207         4.00
    9071.000     0.775000      5156575         4.44
    9519.000     0.800000      5321940         5.00
    9999.000     0.825000      5487575         5.71
   10527.000     0.850000      5653489         6.67
   11127.000     0.875000      5818997         8.00
   11471.000     0.887500      5903440         8.89
   11847.000     0.900000      5986187        10.00
   12271.000     0.912500      6068956        11.43
   12767.000     0.925000      6152369        13.33
   13351.000     0.937500      6234742        16.00
   13695.000     0.943750      6276879        17.78
   14079.000     0.950000      6317689        20.00
   14527.000     0.956250      6359581        22.86
   15031.000     0.962500      6400773        26.67
   15639.000     0.968750      6442567        32.00
   15983.000     0.971875      6463117        35.56
   16375.000     0.975000      6483951        40.00
   16831.000     0.978125      6504976        45.71
   17359.000     0.981250      6525646        53.33
   17999.000     0.984375      6546640        64.00
   18367.000     0.985938      6556898        71.11
   18799.000     0.987500      6567325        80.00
   19279.000     0.989062      6577454        91.43
   19903.000     0.990625      6587823       106.67
   20687.000     0.992188      6598258       128.00
   21183.000     0.992969      6603478       142.22
   21743.000     0.993750      6608573       160.00
   22463.000     0.994531      6613767       182.86
   23407.000     0.995313      6618994       213.33
   24671.000     0.996094      6624135       256.00
   25615.000     0.996484      6626733       284.44
   27007.000     0.996875      6629324       320.00
   28927.000     0.997266      6631911       365.71
   31711.000     0.997656      6634521       426.67
   34943.000     0.998047      6637119       512.00
   36767.000     0.998242      6638420       568.89
   39935.000     0.998437      6639709       640.00
   42559.000     0.998633      6641015       731.43
   45759.000     0.998828      6642306       853.33
   49919.000     0.999023      6643604      1024.00
   52095.000     0.999121      6644264      1137.78
   55263.000     0.999219      6644909      1280.00
   58047.000     0.999316      6645553      1462.86
   62175.000     0.999414      6646198      1706.67
   66303.000     0.999512      6646849      2048.00
   68799.000     0.999561      6647175      2275.56
   71423.000     0.999609      6647498      2560.00
   75391.000     0.999658      6647824      2925.71
   80447.000     0.999707      6648146      3413.33
   85951.000     0.999756      6648473      4096.00
   88063.000     0.999780      6648633      4551.11
   90303.000     0.999805      6648798      5120.00
   92991.000     0.999829      6648961      5851.43
   96959.000     0.999854      6649124      6826.67
  100863.000     0.999878      6649283      8192.00
  103103.000     0.999890      6649366      9102.22
  105855.000     0.999902      6649445     10240.00
  109759.000     0.999915      6649527     11702.86
  111935.000     0.999927      6649608     13653.33
  115071.000     0.999939      6649689     16384.00
  116671.000     0.999945      6649729     18204.44
  118975.000     0.999951      6649770     20480.00
  121983.000     0.999957      6649810     23405.71
  124991.000     0.999963      6649852     27306.67
  128127.000     0.999969      6649892     32768.00
  130623.000     0.999973      6649914     36408.89
  132991.000     0.999976      6649932     40960.00
  135679.000     0.999979      6649952     46811.43
  137727.000     0.999982      6649973     54613.33
  139775.000     0.999985      6649994     65536.00
  140799.000     0.999986      6650003     72817.78
  142463.000     0.999988      6650013     81920.00
  143743.000     0.999989      6650024     93622.86
  145919.000     0.999991      6650035    109226.67
  146559.000     0.999992      6650044    131072.00
  147071.000     0.999993      6650049    145635.56
  150911.000     0.999994      6650054    163840.00
  153087.000     0.999995      6650059    187245.71
  154751.000     0.999995      6650064    218453.33
  156671.000     0.999996      6650071    262144.00
  156927.000     0.999997      6650074    291271.11
  156927.000     0.999997      6650074    327680.00
  159103.000     0.999997      6650079    374491.43
  159103.000     0.999998      6650079    436906.67
  159615.000     0.999998      6650082    524288.00
  159743.000     0.999998      6650083    582542.22
  161023.000     0.999998      6650085    655360.00
  161151.000     0.999999      6650086    748982.86
  163327.000     0.999999      6650087    873813.33
  164095.000     0.999999      6650088   1048576.00
  165247.000     0.999999      6650089   1165084.44
  165247.000     0.999999      6650089   1310720.00
  168191.000     0.999999      6650091   1497965.71
  168191.000     0.999999      6650091   1747626.67
  168191.000     1.000000      6650091   2097152.00
  168703.000     1.000000      6650092   2330168.89
  168703.000     1.000000      6650092   2621440.00
  168703.000     1.000000      6650092   2995931.43
  168831.000     1.000000      6650093   3495253.33
  168831.000     1.000000      6650093   4194304.00
  168831.000     1.000000      6650093   4660337.78
  168831.000     1.000000      6650093   5242880.00
  168831.000     1.000000      6650093   5991862.86
  169855.000     1.000000      6650094   6990506.67
  169855.000     1.000000      6650094          inf
#[Mean    =     5925.706, StdDeviation   =     5100.987]
#[Max     =   169855.000, Total count    =      6650094]
#[Buckets =            8, SubBuckets     =         2048]
