       Value   Percentile   TotalCount 1/(1-Percentile)

     233.000     0.000000            1         1.00
    1943.000     0.100000       272402         1.11
    3143.000     0.200000       544917         1.25
    4839.000     0.300000       817173         1.43
    7883.000     0.400000      1089376         1.67
   13207.000     0.500000      1361912         2.00
   17039.000     0.550000      1498393         2.22
   21791.000     0.600000      1634242         2.50
   28783.000     0.650000      1770250         2.86
   37791.000     0.700000      1906738         3.33
   47007.000     0.750000      2042965         4.00
   51519.000     0.775000      2110928         4.44
   55903.000     0.800000      2178943         5.00
   60191.000     0.825000      2247355         5.71
   64447.000     0.850000      2314988         6.67
   68927.000     0.875000      2383819         8.00
   71231.000     0.887500      2417274         8.89
   73727.000     0.900000      2451636        10.00
   76415.000     0.912500      2485686        11.43
   79359.000     0.925000      2519360        13.33
   82815.000     0.937500      2553539        16.00
   84799.000     0.943750      2570679        17.78
   86975.000     0.950000      2587632        20.00
   89407.000     0.956250      2604238        22.86
   92351.000     0.962500      2621472        26.67
   95807.000     0.968750      2638385        32.00
   97855.000     0.971875      2646828        35.56
  100159.000     0.975000      2655528        40.00
  102719.000     0.978125      2663866        45.71
  105663.000     0.981250      2672332        53.33
  109055.000     0.984375      2680834        64.00
  110975.000     0.985938      2685184        71.11
  113151.000     0.987500      2689347        80.00
  115519.000     0.989062      2693687        91.43
  118079.000     0.990625      2697922       106.67
  120959.000     0.992188      2702186       128.00
  122495.000     0.992969      2704307       142.22
  124095.000     0.993750      2706397       160.00
  125951.000     0.994531      2708561       182.86
  127807.000     0.995313      2710658       213.33
  129855.000     0.996094      2712765       256.00
  131071.000     0.996484      2713816       284.44
  132351.000     0.996875      2714932       320.00
  133631.000     0.997266      2715996       365.71
  135167.000     0.997656      2717077       426.67
  136959.000     0.998047      2718129       512.00
  137855.000     0.998242      2718648       568.89
  139007.000     0.998437      2719158       640.00
  140159.000     0.998633      2719683       731.43
  141439.000     0.998828      2720201       853.33
  143103.000     0.999023      2720728      1024.00
  144127.000     0.999121      2720999      1137.78
  145279.000     0.999219      2721267      1280.00
  146687.000     0.999316      2721531      1462.86
  148351.000     0.999414      2721804      1706.67
  150015.000     0.999512      2722057      2048.00
  151039.000     0.999561      2722193      2275.56
  152191.000     0.999609      2722329      2560.00
  153727.000     0.999658      2722456      2925.71
  156159.000     0.999707      2722586      3413.33
  159359.000     0.999756      2722723      4096.00
  160895.000     0.999780      2722790      4551.11
  162687.000     0.999805      2722857      5120.00
  164223.000     0.999829      2722924      5851.43
  165759.000     0.999854      2722986      6826.67
  167935.000     0.999878      2723051      8192.00
  169343.000     0.999890      2723085      9102.22
  171135.000     0.999902      2723119     10240.00
  173695.000     0.999915      2723151     11702.86
  177791.000     0.999927      2723184     13653.33
  182143.000     0.999939      2723217     16384.00
  182911.000     0.999945      2723238     18204.44
  183807.000     0.999951      2723251     20480.00
  186111.000     0.999957      2723267     23405.71
  189055.000     0.999963      2723286     27306.67
  191359.000     0.999969      2723300     32768.00
  193791.000     0.999973      2723309     36408.89
  194943.000     0.999976      2723317     40960.00
  198911.000     0.999979      2723325     46811.43
  200831.000     0.999982      2723334     54613.33
  205695.000     0.999985      2723342     65536.00
  218495.000     0.999986      2723346     72817.78
  227711.000     0.999988      2723350     81920.00
  228863.000     0.999989      2723354     93622.86
  232319.000     0.999991      2723359    109226.67
  238591.000     0.999992      2723364    131072.00
  238975.000     0.999993      2723365    145635.56
  239231.000     0.999994      2723367    163840.00
  239743.000     0.999995      2723369    187245.71
  240511.000     0.999995      2723371    218453.33
  240639.000     0.999996      2723373    262144.00
  241279.000     0.999997      2723374    291271.11
  241919.000     0.999997      2723376    327680.00
  241919.000     0.999997      2723376    374491.43
  243583.000     0.999998      2723377    436906.67
  243839.000     0.999998      2723379    524288.00
  243839.000     0.999998      2723379    582542.22
  243839.000     0.999998      2723379    655360.00
  244223.000     0.999999      2723380    748982.86
  244223.000     0.999999      2723380    873813.33
  244863.000     0.999999      2723381   1048576.00
  244863.000     0.999999      2723381   1165084.44
  244863.000     0.999999      2723381   1310720.00
  247423.000     0.999999      2723382   1497965.71
  247423.000     0.999999      2723382   1747626.67
  247423.000     1.000000      2723382   2097152.00
  247423.000     1.000000      2723382   2330168.89
  247423.000     1.000000      2723382   2621440.00
  247551.000     1.000000      2723383   2995931.43
  247551.000     1.000000      2723383          inf
#[Mean    =    27413.379, StdDeviation   =    30021.345]
#[Max     =   247551.000, Total count    =      2723383]
#[Buckets =            8, SubBuckets     =         2048]
