       Value   Percentile   TotalCount 1/(1-Percentile)

      43.000     0.000000            1         1.00
      52.000     0.100000        59329         1.11
      53.000     0.200000       109330         1.25
      54.000     0.300000       164643         1.43
      55.000     0.400000       201828         1.67
      57.000     0.500000       243754         2.00
      58.000     0.550000       278251         2.22
      59.000     0.600000       327721         2.50
      59.000     0.650000       327721         2.86
      60.000     0.700000       358737         3.33
      60.000     0.750000       358737         4.00
      61.000     0.775000       371496         4.44
      62.000     0.800000       381280         5.00
      63.000     0.825000       391249         5.71
      65.000     0.850000       409855         6.67
      66.000     0.875000       417625         8.00
      67.000     0.887500       423854         8.89
      68.000     0.900000       429354        10.00
      69.000     0.912500       434921        11.43
      70.000     0.925000       440347        13.33
      71.000     0.937500       445412        16.00
      71.000     0.943750       445412        17.78
      72.000     0.950000       449567        20.00
      73.000     0.956250       452404        22.86
      74.000     0.962500       454837        26.67
      75.000     0.968750       457363        32.00
      76.000     0.971875       459131        35.56
      77.000     0.975000       460270        40.00
      79.000     0.978125       462160        45.71
      80.000     0.981250       463558        53.33
      81.000     0.984375       465254        64.00
      81.000     0.985938       465254        71.11
      82.000     0.987500       467072        80.00
      82.000     0.989062       467072        91.43
      83.000     0.990625       468579       106.67
      83.000     0.992188       468579       128.00
      83.000     0.992969       468579       142.22
      84.000     0.993750       469633       160.00
      84.000     0.994531       469633       182.86
      84.000     0.995313       469633       213.33
      85.000     0.996094       470212       256.00
      85.000     0.996484       470212       284.44
      85.000     0.996875       470212       320.00
      86.000     0.997266       470427       365.71
      87.000     0.997656       470584       426.67
      88.000     0.998047       470738       512.00
      89.000     0.998242       470878       568.89
      90.000     0.998437       470986       640.00
      91.000     0.998633       471100       731.43
      91.000     0.998828       471100       853.33
      92.000     0.999023       471192      1024.00
      93.000     0.999121       471288      1137.78
      93.000     0.999219       471288      1280.00
      94.000     0.999316       471334      1462.86
      95.000     0.999414       471383      1706.67
      96.000     0.999512       471414      2048.00
      97.000     0.999561       471444      2275.56
      98.000     0.999609       471478      2560.00
      98.000     0.999658       471478      2925.71
      99.000     0.999707       471500      3413.33
     101.000     0.999756       471535      4096.00
     101.000     0.999780       471535      4551.11
     102.000     0.999805       471555      5120.00
     102.000     0.999829       471555      5851.43
     103.000     0.999854       471569      6826.67
     105.000     0.999878       471582      8192.00
     106.000     0.999890       471588      9102.22
     107.000     0.999902       471598     10240.00
     107.000     0.999915       471598     11702.86
     109.000     0.999927       471603     13653.33
     111.000     0.999939       471611     16384.00
     111.000     0.999945       471611     18204.44
     112.000     0.999951       471614     20480.00
     113.000     0.999957       471616     23405.71
     114.000     0.999963       471622     27306.67
     114.000     0.999969       471622     32768.00
     115.000     0.999973       471623     36408.89
     116.000     0.999976       471627     40960.00
     116.000     0.999979       471627     46811.43
     116.000     0.999982       471627     54613.33
     118.000     0.999985       471628     65536.00
     119.000     0.999986       471629     72817.78
     122.000     0.999988       471630     81920.00
     122.000     0.999989       471630     93622.86
     125.000     0.999991       471631    109226.67
     126.000     0.999992       471632    131072.00
     126.000     0.999993       471632    145635.56
     129.000     0.999994       471633    163840.00
     129.000     0.999995       471633    187245.71
     129.000     0.999995       471633    218453.33
     142.000     0.999996       471634    262144.00
     142.000     0.999997       471634    291271.11
     142.000     0.999997       471634    327680.00
     142.000     0.999997       471634    374491.43
     142.000     0.999998       471634    436906.67
     520.000     0.999998       471635    524288.00
     520.000     1.000000       471635          inf
#[Mean    =       58.228, StdDeviation   =        7.039]
#[Max     =      520.000, Total count    =       471635]
#[Buckets =            1, SubBuckets     =         2048]
