       Value   Percentile   TotalCount 1/(1-Percentile)

      52.000     0.000000            1         1.00
     387.000     0.100000       818926         1.11
     615.000     0.200000      1632499         1.25
     972.000     0.300000      2445698         1.43
    1556.000     0.400000      3260800         1.67
    2513.000     0.500000      4076174         2.00
    3225.000     0.550000      4483713         2.22
    4119.000     0.600000      4891430         2.50
    5211.000     0.650000      5298796         2.86
    6711.000     0.700000      5706869         3.33
    9143.000     0.750000      6114314         4.00
   10695.000     0.775000      6317602         4.44
   12247.000     0.800000      6521981         5.00
   13727.000     0.825000      6725989         5.71
   15223.000     0.850000      6929045         6.67
   16895.000     0.875000      7133532         8.00
   17855.000     0.887500      7235802         8.89
   18927.000     0.900000      7337225        10.00
   20159.000     0.912500      7438632        11.43
   21631.000     0.925000      7540278        13.33
   23471.000     0.937500      7642732        16.00
   24575.000     0.943750      7693590        17.78
   25871.000     0.950000      7743999        20.00
   27503.000     0.956250      7795077        22.86
   29679.000     0.962500      7845833        26.67
   32671.000     0.968750      7896787        32.00
   34591.000     0.971875      7922305        35.56
   36799.000     0.975000      7947833        40.00
   39391.000     0.978125      7973253        45.71
   42239.000     0.981250      7998705        53.33
   45727.000     0.984375      8024094        64.00
   47903.000     0.985938      8036887        71.11
   50463.000     0.987500      8049640        80.00
   53951.000     0.989062      8062287        91.43
   58239.000     0.990625      8075080       106.67
   62975.000     0.992188      8087806       128.00
   65791.000     0.992969      8094163       142.22
   69247.000     0.993750      8100541       160.00
   73151.000     0.994531      8106885       182.86
   77695.000     0.995313      8113273       213.33
   84479.000     0.996094      8119615       256.00
   88831.000     0.996484      8122782       284.44
   93375.000     0.996875      8125985       320.00
   99071.000     0.997266      8129155       365.71
  104383.000     0.997656      8132337       426.67
  111295.000     0.998047      8135506       512.00
  116159.000     0.998242      8137095       568.89
  120831.000     0.998437      8138693       640.00
  126143.000     0.998633      8140290       731.43
  132735.000     0.998828      8141887       853.33
  142847.000     0.999023      8143467      1024.00
  150015.000     0.999121      8144261      1137.78
  157567.000     0.999219      8145062      1280.00
  164351.000     0.999316      8145879      1462.86
  170111.000     0.999414      8146654      1706.67
  180223.000     0.999512      8147443      2048.00
  185855.000     0.999561      8147841      2275.56
  194303.000     0.999609      8148249      2560.00
  202239.000     0.999658      8148639      2925.71
  205951.000     0.999707      8149037      3413.33
  212479.000     0.999756      8149435      4096.00
  216703.000     0.999780      8149634      4551.11
  224511.000     0.999805      8149830      5120.00
  235391.000     0.999829      8150029      5851.43
  243071.000     0.999854      8150228      6826.67
  248575.000     0.999878      8150428      8192.00
  251775.000     0.999890      8150527      9102.22
  258303.000     0.999902      8150626     10240.00
  270847.000     0.999915      8150731     11702.86
  281343.000     0.999927      8150827     13653.33
  293119.000     0.999939      8150928     16384.00
  295935.000     0.999945      8150977     18204.44
  299007.000     0.999951      8151026     20480.00
  301823.000     0.999957      8151074     23405.71
  304895.000     0.999963      8151129     27306.67
  311295.000     0.999969      8151174     32768.00
  327935.000     0.999973      8151199     36408.89
  717823.000     0.999976      8151224     40960.00
  735743.000     0.999979      8151250     46811.43
  751615.000     0.999982      8151274     54613.33
  759807.000     0.999985      8151307     65536.00
  760831.000     0.999986      8151312     72817.78
  762879.000     0.999988      8151328     81920.00
  763391.000     0.999989      8151345     93622.86
  763903.000     0.999991      8151366    109226.67
  763903.000     0.999992      8151366    131072.00
  764415.000     0.999993      8151389    145635.56
  764415.000     0.999994      8151389    163840.00
  764415.000     0.999995      8151389    187245.71
  764415.000     0.999995      8151389    218453.33
  764927.000     0.999996      8151408    262144.00
  764927.000     0.999997      8151408    291271.11
  764927.000     0.999997      8151408    327680.00
  764927.000     0.999997      8151408    374491.43
  764927.000     0.999998      8151408    436906.67
  764927.000     0.999998      8151408    524288.00
  765439.000     0.999998      8151415    582542.22
  765439.000     0.999998      8151415    655360.00
  765439.000     0.999999      8151415    748982.86
  765439.000     0.999999      8151415    873813.33
  765439.000     0.999999      8151415   1048576.00
  765951.000     0.999999      8151422   1165084.44
  765951.000     1.000000      8151422          inf
#[Mean    =     7229.087, StdDeviation   =    13215.992]
#[Max     =   765951.000, Total count    =      8151422]
#[Buckets =           10, SubBuckets     =         2048]
