       Value   Percentile   TotalCount 1/(1-Percentile)

      55.000     0.000000            1         1.00
     770.000     0.100000       814891         1.11
    1507.000     0.200000      1628473         1.25
    2465.000     0.300000      2442998         1.43
    3521.000     0.400000      3256212         1.67
    4563.000     0.500000      4071127         2.00
    5067.000     0.550000      4477966         2.22
    5567.000     0.600000      4885221         2.50
    6075.000     0.650000      5294095         2.86
    6599.000     0.700000      5700441         3.33
    7155.000     0.750000      6105097         4.00
    7459.000     0.775000      6310755         4.44
    7779.000     0.800000      6514059         5.00
    8123.000     0.825000      6716353         5.71
    8511.000     0.850000      6922816         6.67
    8943.000     0.875000      7123707         8.00
    9191.000     0.887500      7225484         8.89
    9463.000     0.900000      7327178        10.00
    9767.000     0.912500      7428394        11.43
   10119.000     0.925000      7529929        13.33
   10535.000     0.937500      7632249        16.00
   10767.000     0.943750      7682252        17.78
   11031.000     0.950000      7733390        20.00
   11327.000     0.956250      7784140        22.86
   11671.000     0.962500      7834827        26.67
   12079.000     0.968750      7886365        32.00
   12303.000     0.971875      7911188        35.56
   12567.000     0.975000      7937280        40.00
   12855.000     0.978125      7962468        45.71
   13191.000     0.981250      7987944        53.33
   13575.000     0.984375      8012961        64.00
   13807.000     0.985938      8025837        71.11
   14055.000     0.987500      8038616        80.00
   14335.000     0.989062      8051364        91.43
   14647.000     0.990625      8063935       106.67
   15015.000     0.992188      8076529       128.00
   15223.000     0.992969      8082844       142.22
   15463.000     0.993750      8089278       160.00
   15735.000     0.994531      8095741       182.86
   16039.000     0.995313      8102025       213.33
   16399.000     0.996094      8108292       256.00
   16607.000     0.996484      8111472       284.44
   16847.000     0.996875      8114745       320.00
   17119.000     0.997266      8117936       365.71
   17423.000     0.997656      8121123       426.67
   17775.000     0.998047      8124218       512.00
   17983.000     0.998242      8125836       568.89
   18207.000     0.998437      8127370       640.00
   18479.000     0.998633      8129020       731.43
   18751.000     0.998828      8130560       853.33
   19103.000     0.999023      8132133      1024.00
   19311.000     0.999121      8132955      1137.78
   19551.000     0.999219      8133750      1280.00
   19823.000     0.999316      8134507      1462.86
   20175.000     0.999414      8135325      1706.67
   20639.000     0.999512      8136101      2048.00
   20911.000     0.999561      8136502      2275.56
   21199.000     0.999609      8136904      2560.00
   21503.000     0.999658      8137301      2925.71
   21919.000     0.999707      8137689      3413.33
   22447.000     0.999756      8138090      4096.00
   22767.000     0.999780      8138291      4551.11
   23119.000     0.999805      8138485      5120.00
   23583.000     0.999829      8138681      5851.43
   24175.000     0.999854      8138891      6826.67
   24911.000     0.999878      8139082      8192.00
   25247.000     0.999890      8139177      9102.22
   25599.000     0.999902      8139278     10240.00
   25951.000     0.999915      8139380     11702.86
   26383.000     0.999927      8139475     13653.33
   26895.000     0.999939      8139576     16384.00
   27103.000     0.999945      8139624     18204.44
   27391.000     0.999951      8139674     20480.00
   27823.000     0.999957      8139724     23405.71
   28383.000     0.999963      8139773     27306.67
   29487.000     0.999969      8139823     32768.00
   30223.000     0.999973      8139848     36408.89
   31199.000     0.999976      8139873     40960.00
   32831.000     0.999979      8139898     46811.43
   34143.000     0.999982      8139922     54613.33
   34943.000     0.999985      8139947     65536.00
   35103.000     0.999986      8139961     72817.78
   35263.000     0.999988      8139973     81920.00
   35583.000     0.999989      8139985     93622.86
   35775.000     0.999991      8139998    109226.67
   36127.000     0.999992      8140011    131072.00
   36287.000     0.999993      8140016    145635.56
   36479.000     0.999994      8140022    163840.00
   36735.000     0.999995      8140028    187245.71
   36831.000     0.999995      8140034    218453.33
   37023.000     0.999996      8140042    262144.00
   37087.000     0.999997      8140044    291271.11
   37183.000     0.999997      8140047    327680.00
   37279.000     0.999997      8140050    374491.43
   37311.000     0.999998      8140054    436906.67
   37375.000     0.999998      8140056    524288.00
   37471.000     0.999998      8140058    582542.22
   37535.000     0.999998      8140060    655360.00
   37759.000     0.999999      8140061    748982.86
   37951.000     0.999999      8140062    873813.33
   38463.000     0.999999      8140064   1048576.00
   38591.000     0.999999      8140065   1165084.44
   38591.000     0.999999      8140065   1310720.00
   38623.000     0.999999      8140066   1497965.71
   38815.000     0.999999      8140067   1747626.67
   38879.000     1.000000      8140068   2097152.00
   38879.000     1.000000      8140068   2330168.89
   38879.000     1.000000      8140068   2621440.00
   38943.000     1.000000      8140069   2995931.43
   38943.000     1.000000      8140069   3495253.33
   39455.000     1.000000      8140070   4194304.00
   39455.000     1.000000      8140070   4660337.78
   39455.000     1.000000      8140070   5242880.00
   39455.000     1.000000      8140070   5991862.86
   39455.000     1.000000      8140070   6990506.67
   39551.000     1.000000      8140071   8388608.00
   39551.000     1.000000      8140071          inf
#[Mean    =     4911.400, StdDeviation   =     3437.457]
#[Max     =    39551.000, Total count    =      8140071]
#[Buckets =            6, SubBuckets     =         2048]
