       Value   Percentile   TotalCount 1/(1-Percentile)

      59.000     0.000000            8         1.00
      85.000     0.100000       176977         1.11
      90.000     0.200000       335544         1.25
      94.000     0.300000       521932         1.43
      98.000     0.400000       689367         1.67
     102.000     0.500000       837839         2.00
     105.000     0.550000       935815         2.22
     108.000     0.600000      1019682         2.50
     111.000     0.650000      1092993         2.86
     115.000     0.700000      1179102         3.33
     119.000     0.750000      1254106         4.00
     122.000     0.775000      1302840         4.44
     124.000     0.800000      1331671         5.00
     128.000     0.825000      1381847         5.71
     131.000     0.850000      1413606         6.67
     136.000     0.875000      1457277         8.00
     139.000     0.887500      1479140         8.89
     142.000     0.900000      1498653        10.00
     146.000     0.912500      1521757        11.43
     150.000     0.925000      1540930        13.33
     155.000     0.937500      1559888        16.00
     158.000     0.943750      1569162        17.78
     162.000     0.950000      1579933        20.00
     167.000     0.956250      1590816        22.86
     173.000     0.962500      1601628        26.67
     179.000     0.968750      1610844        32.00
     183.000     0.971875      1616361        35.56
     187.000     0.975000      1621598        40.00
     192.000     0.978125      1627363        45.71
     197.000     0.981250      1632254        53.33
     202.000     0.984375      1636758        64.00
     206.000     0.985938      1640059        71.11
     209.000     0.987500      1642332        80.00
     212.000     0.989062      1644520        91.43
     216.000     0.990625      1647375       106.67
     220.000     0.992188      1649939       128.00
     222.000     0.992969      1651047       142.22
     225.000     0.993750      1652535       160.00
     228.000     0.994531      1653756       182.86
     232.000     0.995313      1655009       213.33
     237.000     0.996094      1656277       256.00
     240.000     0.996484      1656994       284.44
     243.000     0.996875      1657607       320.00
     246.000     0.997266      1658235       365.71
     249.000     0.997656      1658852       426.67
     252.000     0.998047      1659452       512.00
     254.000     0.998242      1659845       568.89
     256.000     0.998437      1660235       640.00
     258.000     0.998633      1660533       731.43
     260.000     0.998828      1660795       853.33
     263.000     0.999023      1661157      1024.00
     264.000     0.999121      1661259      1137.78
     266.000     0.999219      1661454      1280.00
     268.000     0.999316      1661596      1462.86
     270.000     0.999414      1661739      1706.67
     273.000     0.999512      1661881      2048.00
     275.000     0.999561      1661966      2275.56
     277.000     0.999609      1662036      2560.00
     279.000     0.999658      1662118      2925.71
     282.000     0.999707      1662217      3413.33
     284.000     0.999756      1662284      4096.00
     286.000     0.999780      1662345      4551.11
     287.000     0.999805      1662372      5120.00
     289.000     0.999829      1662400      5851.43
     292.000     0.999854      1662447      6826.67
     295.000     0.999878      1662482      8192.00
     299.000     0.999890      1662504      9102.22
     302.000     0.999902      1662521     10240.00
     304.000     0.999915      1662538     11702.86
     309.000     0.999927      1662559     13653.33
     315.000     0.999939      1662582     16384.00
     318.000     0.999945      1662591     18204.44
     327.000     0.999951      1662600     20480.00
     334.000     0.999957      1662609     23405.71
     354.000     0.999963      1662620     27306.67
     392.000     0.999969      1662630     32768.00
     419.000     0.999973      1662635     36408.89
     485.000     0.999976      1662640     40960.00
     536.000     0.999979      1662645     46811.43
     614.000     0.999982      1662650     54613.33
     688.000     0.999985      1662655     65536.00
     942.000     0.999986      1662658     72817.78
    1119.000     0.999988      1662660     81920.00
    1387.000     0.999989      1662663     93622.86
    1548.000     0.999991      1662665    109226.67
    1727.000     0.999992      1662668    131072.00
    1756.000     0.999993      1662669    145635.56
    1760.000     0.999994      1662670    163840.00
    1837.000     0.999995      1662672    187245.71
    1862.000     0.999995      1662673    218453.33
    1892.000     0.999996      1662674    262144.00
    1895.000     0.999997      1662675    291271.11
    1895.000     0.999997      1662675    327680.00
    1915.000     0.999997      1662676    374491.43
    1921.000     0.999998      1662677    436906.67
    1921.000     0.999998      1662677    524288.00
    1985.000     0.999998      1662678    582542.22
    1985.000     0.999998      1662678    655360.00
    1985.000     0.999999      1662678    748982.86
    2009.000     0.999999      1662679    873813.33
    2009.000     0.999999      1662679   1048576.00
    2009.000     0.999999      1662679   1165084.44
    2009.000     0.999999      1662679   1310720.00
    2009.000     0.999999      1662679   1497965.71
    2071.000     0.999999      1662680   1747626.67
    2071.000     1.000000      1662680          inf
#[Mean    =      109.584, StdDeviation   =       27.789]
#[Max     =     2071.000, Total count    =      1662680]
#[Buckets =            2, SubBuckets     =         2048]
