       Value   Percentile   TotalCount 1/(1-Percentile)

     105.000     0.000000            1         1.00
     794.000     0.100000       740045         1.11
    1021.000     0.200000      1477537         1.25
    1230.000     0.300000      2218271         1.43
    1455.000     0.400000      2956380         1.67
    1722.000     0.500000      3694753         2.00
    1880.000     0.550000      4062917         2.22
    2061.000     0.600000      4432659         2.50
    2273.000     0.650000      4803228         2.86
    2527.000     0.700000      5170161         3.33
    2857.000     0.750000      5540234         4.00
    3065.000     0.775000      5724960         4.44
    3311.000     0.800000      5908370         5.00
    3613.000     0.825000      6093665         5.71
    3983.000     0.850000      6277760         6.67
    4455.000     0.875000      6461893         8.00
    4751.000     0.887500      6555114         8.89
    5095.000     0.900000      6646836        10.00
    5515.000     0.912500      6739501        11.43
    6035.000     0.925000      6831683        13.33
    6699.000     0.937500      6923636        16.00
    7119.000     0.943750      6969642        17.78
    7639.000     0.950000      7016066        20.00
    8295.000     0.956250      7062303        22.86
    9159.000     0.962500      7108122        26.67
   10431.000     0.968750      7154328        32.00
   11375.000     0.971875      7177433        35.56
   12679.000     0.975000      7200450        40.00
   14703.000     0.978125      7223517        45.71
   18847.000     0.981250      7246539        53.33
   28495.000     0.984375      7269615        64.00
   35359.000     0.985938      7281180        71.11
   42591.000     0.987500      7292680        80.00
   52031.000     0.989062      7304222        91.43
   63967.000     0.990625      7315755       106.67
   80255.000     0.992188      7327300       128.00
   91007.000     0.992969      7333089       142.22
  103487.000     0.993750      7338836       160.00
  116287.000     0.994531      7344616       182.86
  131711.000     0.995313      7350399       213.33
  150527.000     0.996094      7356173       256.00
  161023.000     0.996484      7359041       284.44
  171775.000     0.996875      7361917       320.00
  182271.000     0.997266      7364832       365.71
  194687.000     0.997656      7367687       426.67
  210175.000     0.998047      7370581       512.00
  217855.000     0.998242      7372018       568.89
  228351.000     0.998437      7373451       640.00
  236927.000     0.998633      7374900       731.43
  250239.000     0.998828      7376338       853.33
  264703.000     0.999023      7377790      1024.00
  271871.000     0.999121      7378528      1137.78
  279039.000     0.999219      7379243      1280.00
  292863.000     0.999316      7379950      1462.86
  301055.000     0.999414      7380662      1706.67
  324863.000     0.999512      7381393      2048.00
  335615.000     0.999561      7381749      2275.56
  355071.000     0.999609      7382106      2560.00
  371455.000     0.999658      7382467      2925.71
  402431.000     0.999707      7382826      3413.33
  428799.000     0.999756      7383187      4096.00
  435455.000     0.999780      7383367      4551.11
  450559.000     0.999805      7383547      5120.00
  462847.000     0.999829      7383730      5851.43
  486655.000     0.999854      7383910      6826.67
  522751.000     0.999878      7384089      8192.00
  542207.000     0.999890      7384180      9102.22
  577535.000     0.999902      7384275     10240.00
  617471.000     0.999915      7384358     11702.86
  627199.000     0.999927      7384449     13653.33
  659967.000     0.999939      7384539     16384.00
  664063.000     0.999945      7384593     18204.44
  665599.000     0.999951      7384639     20480.00
  670207.000     0.999957      7384679     23405.71
  692735.000     0.999963      7384723     27306.67
  707583.000     0.999969      7384764     32768.00
  731135.000     0.999973      7384787     36408.89
  782847.000     0.999976      7384809     40960.00
  888319.000     0.999979      7384834     46811.43
  941055.000     0.999982      7384858     54613.33
 1036287.000     0.999985      7384877     65536.00
 1037311.000     0.999986      7384894     72817.78
 1037823.000     0.999988      7384901     81920.00
 1039359.000     0.999989      7384916     93622.86
 1040895.000     0.999991      7384924    109226.67
 1107967.000     0.999992      7384934    131072.00
 1110015.000     0.999993      7384943    145635.56
 1111039.000     0.999994      7384949    163840.00
 1112063.000     0.999995      7384961    187245.71
 1112063.000     0.999995      7384961    218453.33
 1112063.000     0.999996      7384961    262144.00
 1113087.000     0.999997      7384964    291271.11
 1185791.000     0.999997      7384979    327680.00
 1185791.000     0.999997      7384979    374491.43
 1185791.000     0.999998      7384979    436906.67
 1185791.000     0.999998      7384979    524288.00
 1185791.000     0.999998      7384979    582542.22
 1185791.000     0.999998      7384979    655360.00
 1186815.000     0.999999      7384989    748982.86
 1186815.000     1.000000      7384989          inf
#[Mean    =     4146.008, StdDeviation   =    18586.729]
#[Max     =  1186815.000, Total count    =      7384989]
#[Buckets =           11, SubBuckets     =         2048]
