       Value   Percentile   TotalCount 1/(1-Percentile)

     134.000     0.000000            1         1.00
     558.000     0.100000       297035         1.11
    1247.000     0.200000       593913         1.25
    2475.000     0.300000       890921         1.43
    4099.000     0.400000      1188048         1.67
    7003.000     0.500000      1484786         2.00
   10655.000     0.550000      1633334         2.22
   21327.000     0.600000      1781805         2.50
   37695.000     0.650000      1930313         2.86
   68287.000     0.700000      2078924         3.33
  111615.000     0.750000      2227171         4.00
  135807.000     0.775000      2301505         4.44
  161279.000     0.800000      2375653         5.00
  189311.000     0.825000      2450019         5.71
  220031.000     0.850000      2524272         6.67
  257663.000     0.875000      2598518         8.00
  280575.000     0.887500      2635633         8.89
  307455.000     0.900000      2672650        10.00
  340479.000     0.912500      2709849        11.43
  379391.000     0.925000      2746912        13.33
  429567.000     0.937500      2784062        16.00
  459519.000     0.943750      2802543        17.78
  492543.000     0.950000      2821127        20.00
  527871.000     0.956250      2839829        22.86
  565247.000     0.962500      2858370        26.67
  607743.000     0.968750      2876854        32.00
  633343.000     0.971875      2886058        35.56
  663039.000     0.975000      2895319        40.00
  697343.000     0.978125      2904621        45.71
  739327.000     0.981250      2913912        53.33
  792063.000     0.984375      2923215        64.00
  818175.000     0.985938      2927800        71.11
  843263.000     0.987500      2932521        80.00
  868351.000     0.989062      2937154        91.43
  898559.000     0.990625      2941732       106.67
  939519.000     0.992188      2946364       128.00
  965631.000     0.992969      2948714       142.22
 1003519.000     0.993750      2951012       160.00
 1052671.000     0.994531      2953326       182.86
 1094655.000     0.995313      2955674       213.33
 1131519.000     0.996094      2957957       256.00
 1151999.000     0.996484      2959145       284.44
 1176575.000     0.996875      2960306       320.00
 1206271.000     0.997266      2961469       365.71
 1233919.000     0.997656      2962609       426.67
 1270783.000     0.998047      2963768       512.00
 1296383.000     0.998242      2964343       568.89
 1326079.000     0.998437      2964919       640.00
 1378303.000     0.998633      2965495       731.43
 1458175.000     0.998828      2966076       853.33
 1550335.000     0.999023      2966655      1024.00
 1590271.000     0.999121      2966947      1137.78
 1619967.000     0.999219      2967239      1280.00
 1667071.000     0.999316      2967523      1462.86
 1728511.000     0.999414      2967813      1706.67
 1764351.000     0.999512      2968113      2048.00
 1777663.000     0.999561      2968249      2275.56
 1802239.000     0.999609      2968394      2560.00
 1825791.000     0.999658      2968541      2925.71
 1856511.000     0.999707      2968687      3413.33
 1884159.000     0.999756      2968827      4096.00
 1912831.000     0.999780      2968899      4551.11
 1949695.000     0.999805      2968973      5120.00
 2007039.000     0.999829      2969045      5851.43
 2117631.000     0.999854      2969117      6826.67
 2500607.000     0.999878      2969189      8192.00
 2801663.000     0.999890      2969225      9102.22
 2924543.000     0.999902      2969262     10240.00
 3008511.000     0.999915      2969302     11702.86
 3051519.000     0.999927      2969335     13653.33
 3074047.000     0.999939      2969373     16384.00
 3082239.000     0.999945      2969388     18204.44
 3090431.000     0.999951      2969407     20480.00
 3096575.000     0.999957      2969430     23405.71
 3100671.000     0.999963      2969443     27306.67
 3106815.000     0.999969      2969467     32768.00
 3108863.000     0.999973      2969479     36408.89
 3108863.000     0.999976      2969479     40960.00
 3112959.000     0.999979      2969491     46811.43
 3121151.000     0.999982      2969500     54613.33
 3123199.000     0.999985      2969506     65536.00
 3129343.000     0.999986      2969511     72817.78
 3133439.000     0.999988      2969517     81920.00
 3135487.000     0.999989      2969520     93622.86
 3139583.000     0.999991      2969525    109226.67
 3141631.000     0.999992      2969531    131072.00
 3141631.000     0.999993      2969531    145635.56
 3143679.000     0.999994      2969537    163840.00
 3143679.000     0.999995      2969537    187245.71
 3164159.000     0.999995      2969539    218453.33
 3170303.000     0.999996      2969540    262144.00
 3190783.000     0.999997      2969541    291271.11
 3192831.000     0.999997      2969542    327680.00
 3454975.000     0.999997      2969545    374491.43
 3454975.000     0.999998      2969545    436906.67
 3461119.000     0.999998      2969546    524288.00
 3461119.000     0.999998      2969546    582542.22
 3467263.000     0.999998      2969548    655360.00
 3467263.000     0.999999      2969548    748982.86
 3467263.000     0.999999      2969548    873813.33
 3471359.000     0.999999      2969549   1048576.00
 3471359.000     0.999999      2969549   1165084.44
 3471359.000     0.999999      2969549   1310720.00
 3473407.000     0.999999      2969550   1497965.71
 3473407.000     0.999999      2969550   1747626.67
 3473407.000     1.000000      2969550   2097152.00
 3473407.000     1.000000      2969550   2330168.89
 3473407.000     1.000000      2969550   2621440.00
 3475455.000     1.000000      2969551   2995931.43
 3475455.000     1.000000      2969551          inf
#[Mean    =    96651.295, StdDeviation   =   190651.644]
#[Max     =  3475455.000, Total count    =      2969551]
#[Buckets =           12, SubBuckets     =         2048]
