       Value   Percentile   TotalCount 1/(1-Percentile)

     670.000     0.000000            1         1.00
    9903.000     0.100000        73042         1.11
   10183.000     0.200000       143841         1.25
   10439.000     0.300000       218158         1.43
   10671.000     0.400000       288401         1.67
   10911.000     0.500000       361225         2.00
   11047.000     0.550000       396720         2.22
   11199.000     0.600000       431636         2.50
   11359.000     0.650000       467430         2.86
   11591.000     0.700000       503955         3.33
   11991.000     0.750000       539310         4.00
   12479.000     0.775000       557160         4.44
   24607.000     0.800000       575332         5.00
   25167.000     0.825000       593562         5.71
   25391.000     0.850000       611932         6.67
   25567.000     0.875000       629170         8.00
   25663.000     0.887500       639060         8.89
   25743.000     0.900000       647047        10.00
   25839.000     0.912500       657085        11.43
   25919.000     0.925000       665432        13.33
   26015.000     0.937500       675084        16.00
   26063.000     0.943750       679929        17.78
   26095.000     0.950000       683077        20.00
   26159.000     0.956250       688483        22.86
   26207.000     0.962500       692281        26.67
   26271.000     0.968750       697187        32.00
   26303.000     0.971875       699592        35.56
   26335.000     0.975000       701964        40.00
   26367.000     0.978125       704222        45.71
   26399.000     0.981250       706244        53.33
   26431.000     0.984375       708152        64.00
   26447.000     0.985938       709036        71.11
   26479.000     0.987500       710632        80.00
   26495.000     0.989062       711357        91.43
   26527.000     0.990625       712683       106.67
   26559.000     0.992188       713777       128.00
   26575.000     0.992969       714249       142.22
   26591.000     0.993750       714692       160.00
   26607.000     0.994531       715064       182.86
   26639.000     0.995313       715737       213.33
   26671.000     0.996094       716259       256.00
   26687.000     0.996484       716502       284.44
   26703.000     0.996875       716705       320.00
   26719.000     0.997266       716910       365.71
   26751.000     0.997656       717229       426.67
   26783.000     0.998047       717526       512.00
   26799.000     0.998242       717650       568.89
   26815.000     0.998437       717749       640.00
   26847.000     0.998633       717900       731.43
   26911.000     0.998828       718058       853.33
   26975.000     0.999023       718179      1024.00
   27039.000     0.999121       718237      1137.78
   27391.000     0.999219       718305      1280.00
   27631.000     0.999316       718375      1462.86
   27727.000     0.999414       718453      1706.67
   27775.000     0.999512       718531      2048.00
   27791.000     0.999561       718552      2275.56
   27823.000     0.999609       718588      2560.00
   27871.000     0.999658       718634      2925.71
   27903.000     0.999707       718658      3413.33
   28015.000     0.999756       718693      4096.00
   28111.000     0.999780       718712      4551.11
   28191.000     0.999805       718726      5120.00
   28255.000     0.999829       718758      5851.43
   28271.000     0.999854       718773      6826.67
   28287.000     0.999878       718788      8192.00
   28287.000     0.999890       718788      9102.22
   28303.000     0.999902       718799     10240.00
   28319.000     0.999915       718810     11702.86
   28335.000     0.999927       718823     13653.33
   28335.000     0.999939       718823     16384.00
   28351.000     0.999945       718835     18204.44
   28351.000     0.999951       718835     20480.00
   28367.000     0.999957       718841     23405.71
   28367.000     0.999963       718841     27306.67
   28383.000     0.999969       718850     32768.00
   28383.000     0.999973       718850     36408.89
   28383.000     0.999976       718850     40960.00
   28399.000     0.999979       718858     46811.43
   28399.000     0.999982       718858     54613.33
   28399.000     0.999985       718858     65536.00
   28399.000     0.999986       718858     72817.78
   28399.000     0.999988       718858     81920.00
   28415.000     0.999989       718864     93622.86
   28415.000     0.999991       718864    109226.67
   28415.000     0.999992       718864    131072.00
   28415.000     0.999993       718864    145635.56
   28415.000     0.999994       718864    163840.00
   28415.000     0.999995       718864    187245.71
   28415.000     0.999995       718864    218453.33
   28415.000     0.999996       718864    262144.00
   28415.000     0.999997       718864    291271.11
   28415.000     0.999997       718864    327680.00
   28431.000     0.999997       718866    374491.43
   28431.000     1.000000       718866          inf
#[Mean    =    13906.779, StdDeviation   =     6162.380]
#[Max     =    28431.000, Total count    =       718866]
#[Buckets =            5, SubBuckets     =         2048]
