       Value   Percentile   TotalCount 1/(1-Percentile)

      90.000     0.000000            1         1.00
     993.000     0.100000       208307         1.11
    4355.000     0.200000       416694         1.25
   13351.000     0.300000       625034         1.43
   24911.000     0.400000       833414         1.67
   31055.000     0.500000      1041596         2.00
   33599.000     0.550000      1146917         2.22
   36927.000     0.600000      1250107         2.50
   43103.000     0.650000      1354060         2.86
   47519.000     0.700000      1458646         3.33
   52127.000     0.750000      1562519         4.00
   55423.000     0.775000      1614343         4.44
   60383.000     0.800000      1666544         5.00
   64415.000     0.825000      1718855         5.71
   67391.000     0.850000      1771289         6.67
   70015.000     0.875000      1823662         8.00
   71487.000     0.887500      1849087         8.89
   74623.000     0.900000      1874790        10.00
   93055.000     0.912500      1900945        11.43
   96383.000     0.925000      1927463        13.33
   98239.000     0.937500      1952894        16.00
   99135.000     0.943750      1966147        17.78
  100159.000     0.950000      1979615        20.00
  101183.000     0.956250      1992320        22.86
  102399.000     0.962500      2005286        26.67
  103807.000     0.968750      2017896        32.00
  104959.000     0.971875      2024620        35.56
  106943.000     0.975000      2030970        40.00
  112319.000     0.978125      2037436        45.71
  117183.000     0.981250      2043998        53.33
  119231.000     0.984375      2050519        64.00
  120127.000     0.985938      2053848        71.11
  120959.000     0.987500      2056963        80.00
  121855.000     0.989062      2060223        91.43
  122751.000     0.990625      2063657       106.67
  123583.000     0.992188      2066808       128.00
  124095.000     0.992969      2068423       142.22
  124671.000     0.993750      2070014       160.00
  125183.000     0.994531      2071619       182.86
  125823.000     0.995313      2073355       213.33
  126591.000     0.996094      2074890       256.00
  127039.000     0.996484      2075744       284.44
  127487.000     0.996875      2076533       320.00
  127999.000     0.997266      2077369       365.71
  128575.000     0.997656      2078190       426.67
  129215.000     0.998047      2078950       512.00
  129599.000     0.998242      2079343       568.89
  130111.000     0.998437      2079749       640.00
  130943.000     0.998633      2080150       731.43
  132607.000     0.998828      2080553       853.33
  137471.000     0.999023      2080957      1024.00
  140415.000     0.999121      2081157      1137.78
  143743.000     0.999219      2081366      1280.00
  147199.000     0.999316      2081569      1462.86
  151167.000     0.999414      2081765      1706.67
  155647.000     0.999512      2081969      2048.00
  158463.000     0.999561      2082073      2275.56
  161663.000     0.999609      2082172      2560.00
  165503.000     0.999658      2082279      2925.71
  170111.000     0.999707      2082375      3413.33
  176255.000     0.999756      2082477      4096.00
  180095.000     0.999780      2082528      4551.11
  184447.000     0.999805      2082579      5120.00
  191871.000     0.999829      2082630      5851.43
  199167.000     0.999854      2082681      6826.67
  204031.000     0.999878      2082731      8192.00
  205823.000     0.999890      2082757      9102.22
  208127.000     0.999902      2082782     10240.00
  210303.000     0.999915      2082808     11702.86
  212479.000     0.999927      2082834     13653.33
  214655.000     0.999939      2082858     16384.00
  216447.000     0.999945      2082873     18204.44
  217983.000     0.999951      2082884     20480.00
  221823.000     0.999957      2082897     23405.71
  231167.000     0.999963      2082909     27306.67
  242431.000     0.999969      2082922     32768.00
  245247.000     0.999973      2082928     36408.89
  247551.000     0.999976      2082935     40960.00
  249599.000     0.999979      2082941     46811.43
  250879.000     0.999982      2082947     54613.33
  252671.000     0.999985      2082954     65536.00
  254335.000     0.999986      2082957     72817.78
  255231.000     0.999988      2082960     81920.00
  256767.000     0.999989      2082964     93622.86
  257023.000     0.999991      2082966    109226.67
  259071.000     0.999992      2082970    131072.00
  259711.000     0.999993      2082971    145635.56
  259967.000     0.999994      2082973    163840.00
  260479.000     0.999995      2082974    187245.71
  262399.000     0.999995      2082976    218453.33
  262655.000     0.999996      2082978    262144.00
  262655.000     0.999997      2082978    291271.11
  263167.000     0.999997      2082980    327680.00
  263167.000     0.999997      2082980    374491.43
  263935.000     0.999998      2082981    436906.67
  264191.000     0.999998      2082982    524288.00
  264191.000     0.999998      2082982    582542.22
  264191.000     0.999998      2082982    655360.00
  264703.000     0.999999      2082983    748982.86
  264703.000     0.999999      2082983    873813.33
  266239.000     0.999999      2082984   1048576.00
  266239.000     0.999999      2082984   1165084.44
  266239.000     0.999999      2082984   1310720.00
  266239.000     0.999999      2082984   1497965.71
  266239.000     0.999999      2082984   1747626.67
  267519.000     1.000000      2082985   2097152.00
  267519.000     1.000000      2082985          inf
#[Mean    =    35841.406, StdDeviation   =    30870.363]
#[Max     =   267519.000, Total count    =      2082985]
#[Buckets =            9, SubBuckets     =         2048]
