       Value   Percentile   TotalCount 1/(1-Percentile)

      93.000     0.000000            2         1.00
     594.000     0.100000       830321         1.11
     791.000     0.200000      1661808         1.25
     987.000     0.300000      2490319         1.43
    1210.000     0.400000      3318208         1.67
    1487.000     0.500000      4148002         2.00
    1657.000     0.550000      4563551         2.22
    1858.000     0.600000      4976176         2.50
    2107.000     0.650000      5392335         2.86
    2419.000     0.700000      5806297         3.33
    2829.000     0.750000      6220654         4.00
    3087.000     0.775000      6428068         4.44
    3389.000     0.800000      6634990         5.00
    3757.000     0.825000      6842681         5.71
    4219.000     0.850000      7049861         6.67
    4839.000     0.875000      7257209         8.00
    5247.000     0.887500      7361252         8.89
    5759.000     0.900000      7464516        10.00
    6435.000     0.912500      7568054        11.43
    7379.000     0.925000      7671726        13.33
    8775.000     0.937500      7775342        16.00
    9767.000     0.943750      7827234        17.78
   11095.000     0.950000      7878901        20.00
   12959.000     0.956250      7930820        22.86
   15599.000     0.962500      7982598        26.67
   19583.000     0.968750      8034402        32.00
   22255.000     0.971875      8060368        35.56
   25647.000     0.975000      8086271        40.00
   30175.000     0.978125      8112150        45.71
   36063.000     0.981250      8138155        53.33
   44735.000     0.984375      8164028        64.00
   50111.000     0.985938      8177000        71.11
   56767.000     0.987500      8189926        80.00
   64031.000     0.989062      8202877        91.43
   72767.000     0.990625      8215875       106.67
   84735.000     0.992188      8228800       128.00
   92543.000     0.992969      8235285       142.22
  101887.000     0.993750      8241756       160.00
  112127.000     0.994531      8248254       182.86
  122559.000     0.995313      8254697       213.33
  133631.000     0.996094      8261201       256.00
  141951.000     0.996484      8264411       284.44
  152575.000     0.996875      8267660       320.00
  164351.000     0.997266      8270892       365.71
  174335.000     0.997656      8274135       426.67
  186495.000     0.998047      8277373       512.00
  194047.000     0.998242      8279007       568.89
  201343.000     0.998437      8280614       640.00
  209407.000     0.998633      8282244       731.43
  217343.000     0.998828      8283867       853.33
  229375.000     0.999023      8285470      1024.00
  237439.000     0.999121      8286283      1137.78
  241919.000     0.999219      8287086      1280.00
  250495.000     0.999316      8287900      1462.86
  265471.000     0.999414      8288713      1706.67
  275711.000     0.999512      8289526      2048.00
  285439.000     0.999561      8289933      2275.56
  295423.000     0.999609      8290328      2560.00
  306175.000     0.999658      8290731      2925.71
  322047.000     0.999707      8291143      3413.33
  334847.000     0.999756      8291544      4096.00
  338943.000     0.999780      8291755      4551.11
  342271.000     0.999805      8291948      5120.00
  347391.000     0.999829      8292155      5851.43
  353023.000     0.999854      8292357      6826.67
  355327.000     0.999878      8292558      8192.00
  356607.000     0.999890      8292658      9102.22
  358143.000     0.999902      8292768     10240.00
  359935.000     0.999915      8292865     11702.86
  363775.000     0.999927      8292959     13653.33
  368127.000     0.999939      8293060     16384.00
  371199.000     0.999945      8293122     18204.44
  373247.000     0.999951      8293164     20480.00
  379903.000     0.999957      8293211     23405.71
  384767.000     0.999963      8293262     27306.67
  390911.000     0.999969      8293314     32768.00
  392191.000     0.999973      8293338     36408.89
  395775.000     0.999976      8293367     40960.00
  408319.000     0.999979      8293388     46811.43
  416511.000     0.999982      8293414     54613.33
  422911.000     0.999985      8293442     65536.00
  424191.000     0.999986      8293456     72817.78
  424703.000     0.999988      8293467     81920.00
  429055.000     0.999989      8293477     93622.86
  442111.000     0.999991      8293490    109226.67
  446719.000     0.999992      8293503    131072.00
  451327.000     0.999993      8293509    145635.56
  454911.000     0.999994      8293515    163840.00
  456191.000     0.999995      8293521    187245.71
  457983.000     0.999995      8293529    218453.33
  460287.000     0.999996      8293534    262144.00
  460799.000     0.999997      8293539    291271.11
  461055.000     0.999997      8293540    327680.00
  461567.000     0.999997      8293543    374491.43
  462079.000     0.999998      8293549    436906.67
  462335.000     0.999998      8293551    524288.00
  462335.000     0.999998      8293551    582542.22
  462847.000     0.999998      8293553    655360.00
  463103.000     0.999999      8293555    748982.86
  463359.000     0.999999      8293557    873813.33
  463871.000     0.999999      8293560   1048576.00
  463871.000     0.999999      8293560   1165084.44
  463871.000     0.999999      8293560   1310720.00
  463871.000     0.999999      8293560   1497965.71
  466175.000     0.999999      8293561   1747626.67
  467199.000     1.000000      8293562   2097152.00
  467199.000     1.000000      8293562   2330168.89
  467199.000     1.000000      8293562   2621440.00
  468479.000     1.000000      8293563   2995931.43
  468479.000     1.000000      8293563   3495253.33
  468735.000     1.000000      8293564   4194304.00
  468735.000     1.000000      8293564   4660337.78
  468735.000     1.000000      8293564   5242880.00
  468735.000     1.000000      8293564   5991862.86
  468735.000     1.000000      8293564   6990506.67
  468991.000     1.000000      8293565   8388608.00
  468991.000     1.000000      8293565          inf
#[Mean    =     4352.244, StdDeviation   =    16089.860]
#[Max     =   468991.000, Total count    =      8293565]
#[Buckets =            9, SubBuckets     =         2048]
