       Value   Percentile   TotalCount 1/(1-Percentile)

      78.000     0.000000            1         1.00
     108.000     0.100000        19174         1.11
     113.000     0.200000        38631         1.25
     123.000     0.300000        55740         1.43
     140.000     0.400000        73825         1.67
     165.000     0.500000        93271         2.00
     173.000     0.550000       102620         2.22
     175.000     0.600000       125516         2.50
     175.000     0.650000       125516         2.86
     176.000     0.700000       140786         3.33
     176.000     0.750000       140786         4.00
     177.000     0.775000       149649         4.44
     177.000     0.800000       149649         5.00
     178.000     0.825000       153633         5.71
     180.000     0.850000       158215         6.67
     182.000     0.875000       162475         8.00
     183.000     0.887500       164243         8.89
     185.000     0.900000       167457        10.00
     186.000     0.912500       169130        11.43
     187.000     0.925000       171291        13.33
     188.000     0.937500       173741        16.00
     189.000     0.943750       175746        17.78
     189.000     0.950000       175746        20.00
     190.000     0.956250       177050        22.86
     191.000     0.962500       177825        26.67
     193.000     0.968750       178840        32.00
     194.000     0.971875       179290        35.56
     196.000     0.975000       180111        40.00
     198.000     0.978125       180707        45.71
     200.000     0.981250       181239        53.33
     201.000     0.984375       181643        64.00
     202.000     0.985938       182135        71.11
     203.000     0.987500       182530        80.00
     203.000     0.989062       182530        91.43
     204.000     0.990625       182807       106.67
     206.000     0.992188       183137       128.00
     207.000     0.992969       183301       142.22
     208.000     0.993750       183435       160.00
     209.000     0.994531       183592       182.86
     210.000     0.995313       183749       213.33
     210.000     0.996094       183749       256.00
     211.000     0.996484       183876       284.44
     212.000     0.996875       183984       320.00
     212.000     0.997266       183984       365.71
     213.000     0.997656       184064       426.67
     214.000     0.998047       184134       512.00
     215.000     0.998242       184180       568.89
     215.000     0.998437       184180       640.00
     216.000     0.998633       184221       731.43
     218.000     0.998828       184279       853.33
     219.000     0.999023       184299      1024.00
     220.000     0.999121       184318      1137.78
     221.000     0.999219       184332      1280.00
     222.000     0.999316       184342      1462.86
     224.000     0.999414       184360      1706.67
     226.000     0.999512       184381      2048.00
     227.000     0.999561       184388      2275.56
     230.000     0.999609       184396      2560.00
     236.000     0.999658       184406      2925.71
     244.000     0.999707       184414      3413.33
     259.000     0.999756       184423      4096.00
     275.000     0.999780       184428      4551.11
     286.000     0.999805       184433      5120.00
     289.000     0.999829       184437      5851.43
     298.000     0.999854       184441      6826.67
     308.000     0.999878       184447      8192.00
     310.000     0.999890       184449      9102.22
     312.000     0.999902       184450     10240.00
     330.000     0.999915       184453     11702.86
     354.000     0.999927       184455     13653.33
     436.000     0.999939       184457     16384.00
     478.000     0.999945       184458     18204.44
     499.000     0.999951       184459     20480.00
     543.000     0.999957       184461     23405.71
     548.000     0.999963       184462     27306.67
     717.000     0.999969       184463     32768.00
     717.000     0.999973       184463     36408.89
     759.000     0.999976       184464     40960.00
    2709.000     0.999979       184465     46811.43
    2709.000     0.999982       184465     54613.33
   50943.000     0.999985       184466     65536.00
   50943.000     0.999986       184466     72817.78
   50943.000     0.999988       184466     81920.00
   53119.000     0.999989       184467     93622.86
   53119.000     0.999991       184467    109226.67
   53119.000     0.999992       184467    131072.00
   53119.000     0.999993       184467    145635.56
   53119.000     0.999994       184467    163840.00
   53567.000     0.999995       184468    187245.71
   53567.000     1.000000       184468          inf
#[Mean    =      151.729, StdDeviation   =      213.801]
#[Max     =    53567.000, Total count    =       184468]
#[Buckets =            6, SubBuckets     =         2048]
