       Value   Percentile   TotalCount 1/(1-Percentile)

      57.000     0.000000            1         1.00
     352.000     0.100000       953809         1.11
     582.000     0.200000      1904980         1.25
     905.000     0.300000      2854489         1.43
    1424.000     0.400000      3805650         1.67
    2261.000     0.500000      4757044         2.00
    2737.000     0.550000      5232743         2.22
    3221.000     0.600000      5708460         2.50
    3735.000     0.650000      6184249         2.86
    4303.000     0.700000      6660665         3.33
    4931.000     0.750000      7135145         4.00
    5271.000     0.775000      7373964         4.44
    5631.000     0.800000      7612273         5.00
    6011.000     0.825000      7848690         5.71
    6427.000     0.850000      8086263         6.67
    6895.000     0.875000      8323841         8.00
    7163.000     0.887500      8443634         8.89
    7455.000     0.900000      8561669        10.00
    7795.000     0.912500      8681225        11.43
    8199.000     0.925000      8800152        13.33
    8711.000     0.937500      8918575        16.00
    9039.000     0.943750      8978708        17.78
    9431.000     0.950000      9037801        20.00
    9919.000     0.956250      9097142        22.86
   10527.000     0.962500      9156239        26.67
   11287.000     0.968750      9215646        32.00
   11735.000     0.971875      9245380        35.56
   12247.000     0.975000      9275286        40.00
   12831.000     0.978125      9304937        45.71
   13511.000     0.981250      9334512        53.33
   14343.000     0.984375      9364457        64.00
   14823.000     0.985938      9379193        71.11
   15359.000     0.987500      9394002        80.00
   15975.000     0.989062      9408981        91.43
   16655.000     0.990625      9423774       106.67
   17439.000     0.992188      9438707       128.00
   17871.000     0.992969      9446000       142.22
   18367.000     0.993750      9453605       160.00
   18911.000     0.994531      9460953       182.86
   19551.000     0.995313      9468334       213.33
   20335.000     0.996094      9475776       256.00
   20815.000     0.996484      9479473       284.44
   21391.000     0.996875      9483189       320.00
   22079.000     0.997266      9486924       365.71
   22911.000     0.997656      9490605       426.67
   24031.000     0.998047      9494328       512.00
   24767.000     0.998242      9496169       568.89
   25663.000     0.998437      9498022       640.00
   26783.000     0.998633      9499890       731.43
   28223.000     0.998828      9501730       853.33
   29919.000     0.999023      9503592      1024.00
   30863.000     0.999121      9504518      1137.78
   31919.000     0.999219      9505442      1280.00
   33119.000     0.999316      9506386      1462.86
   34495.000     0.999414      9507293      1706.67
   36095.000     0.999512      9508230      2048.00
   36927.000     0.999561      9508690      2275.56
   37823.000     0.999609      9509150      2560.00
   38783.000     0.999658      9509613      2925.71
   39903.000     0.999707      9510093      3413.33
   41151.000     0.999756      9510547      4096.00
   41759.000     0.999780      9510778      4551.11
   42431.000     0.999805      9511008      5120.00
   43167.000     0.999829      9511239      5851.43
   43967.000     0.999854      9511476      6826.67
   44959.000     0.999878      9511705      8192.00
   45567.000     0.999890      9511825      9102.22
   46303.000     0.999902      9511941     10240.00
   47039.000     0.999915      9512052     11702.86
   48063.000     0.999927      9512168     13653.33
   49087.000     0.999939      9512285     16384.00
   49727.000     0.999945      9512344     18204.44
   50527.000     0.999951      9512402     20480.00
   51455.000     0.999957      9512459     23405.71
   52415.000     0.999963      9512517     27306.67
   53311.000     0.999969      9512576     32768.00
   53919.000     0.999973      9512603     36408.89
   54687.000     0.999976      9512632     40960.00
   55455.000     0.999979      9512664     46811.43
   56191.000     0.999982      9512690     54613.33
   56927.000     0.999985      9512719     65536.00
   57311.000     0.999986      9512734     72817.78
   57791.000     0.999988      9512748     81920.00
   58303.000     0.999989      9512763     93622.86
   58751.000     0.999991      9512778    109226.67
   59519.000     0.999992      9512792    131072.00
   59967.000     0.999993      9512799    145635.56
   60415.000     0.999994      9512806    163840.00
   60991.000     0.999995      9512814    187245.71
   61727.000     0.999995      9512821    218453.33
   62399.000     0.999996      9512828    262144.00
   62751.000     0.999997      9512833    291271.11
   62975.000     0.999997      9512835    327680.00
   63263.000     0.999997      9512839    374491.43
   63839.000     0.999998      9512843    436906.67
   64063.000     0.999998      9512846    524288.00
   64159.000     0.999998      9512848    582542.22
   64287.000     0.999998      9512850    655360.00
   64671.000     0.999999      9512852    748982.86
   64767.000     0.999999      9512854    873813.33
   64991.000     0.999999      9512855   1048576.00
   65343.000     0.999999      9512856   1165084.44
   65599.000     0.999999      9512857   1310720.00
   65791.000     0.999999      9512858   1497965.71
   65855.000     0.999999      9512859   1747626.67
   65983.000     1.000000      9512860   2097152.00
   65983.000     1.000000      9512860   2330168.89
   66239.000     1.000000      9512861   2621440.00
   66239.000     1.000000      9512861   2995931.43
   66431.000     1.000000      9512862   3495253.33
   66431.000     1.000000      9512862   4194304.00
   66431.000     1.000000      9512862   4660337.78
   67583.000     1.000000      9512863   5242880.00
   67583.000     1.000000      9512863   5991862.86
   67583.000     1.000000      9512863   6990506.67
   67583.000     1.000000      9512863   8388608.00
   67583.000     1.000000      9512863   9320675.55
   68607.000     1.000000      9512864  10485760.00
   68607.000     1.000000      9512864          inf
#[Mean    =     3333.885, StdDeviation   =     3540.642]
#[Max     =    68607.000, Total count    =      9512864]
#[Buckets =            7, SubBuckets     =         2048]
