       Value   Percentile   TotalCount 1/(1-Percentile)

     202.000     0.000000            1         1.00
   14847.000     0.100000       286608         1.11
   17519.000     0.200000       573688         1.25
   19631.000     0.300000       860759         1.43
   21551.000     0.400000      1146895         1.67
   23455.000     0.500000      1431322         2.00
   24463.000     0.550000      1574195         2.22
   25551.000     0.600000      1717950         2.50
   26735.000     0.650000      1861586         2.86
   28063.000     0.700000      2003846         3.33
   29615.000     0.750000      2146788         4.00
   30511.000     0.775000      2218598         4.44
   31519.000     0.800000      2290175         5.00
   32703.000     0.825000      2361873         5.71
   34111.000     0.850000      2433545         6.67
   35871.000     0.875000      2505114         8.00
   36959.000     0.887500      2540640         8.89
   38271.000     0.900000      2576242        10.00
   39903.000     0.912500      2611859        11.43
   42111.000     0.925000      2647663        13.33
   45567.000     0.937500      2683209        16.00
   48159.000     0.943750      2700961        17.78
   51551.000     0.950000      2718893        20.00
   55711.000     0.956250      2736816        22.86
   60287.000     0.962500      2754602        26.67
   65311.000     0.968750      2772503        32.00
   68159.000     0.971875      2781508        35.56
   71231.000     0.975000      2790411        40.00
   74559.000     0.978125      2799350        45.71
   78079.000     0.981250      2808280        53.33
   82303.000     0.984375      2817207        64.00
   84799.000     0.985938      2821700        71.11
   87679.000     0.987500      2826206        80.00
   91007.000     0.989062      2830669        91.43
   94655.000     0.990625      2835143       106.67
   98623.000     0.992188      2839565       128.00
  101055.000     0.992969      2841829       142.22
  103743.000     0.993750      2844047       160.00
  106815.000     0.994531      2846287       182.86
  110271.000     0.995313      2848523       213.33
  114047.000     0.996094      2850747       256.00
  116159.000     0.996484      2851872       284.44
  118591.000     0.996875      2852985       320.00
  121663.000     0.997266      2854099       365.71
  125055.000     0.997656      2855229       426.67
  130239.000     0.998047      2856338       512.00
  133375.000     0.998242      2856900       568.89
  136319.000     0.998437      2857481       640.00
  140287.000     0.998633      2858010       731.43
  146943.000     0.998828      2858582       853.33
  152319.000     0.999023      2859128      1024.00
  155903.000     0.999121      2859409      1137.78
  161023.000     0.999219      2859697      1280.00
  165887.000     0.999316      2859966      1462.86
  171391.000     0.999414      2860252      1706.67
  175615.000     0.999512      2860527      2048.00
  177919.000     0.999561      2860668      2275.56
  181247.000     0.999609      2860806      2560.00
  184319.000     0.999658      2860952      2925.71
  187391.000     0.999707      2861084      3413.33
  191999.000     0.999756      2861230      4096.00
  193791.000     0.999780      2861295      4551.11
  195327.000     0.999805      2861373      5120.00
  196479.000     0.999829      2861437      5851.43
  199039.000     0.999854      2861505      6826.67
  201727.000     0.999878      2861573      8192.00
  202751.000     0.999890      2861613      9102.22
  203263.000     0.999902      2861643     10240.00
  205439.000     0.999915      2861678     11702.86
  207231.000     0.999927      2861717     13653.33
  209791.000     0.999939      2861748     16384.00
  212223.000     0.999945      2861765     18204.44
  216447.000     0.999951      2861785     20480.00
  218623.000     0.999957      2861801     23405.71
  223615.000     0.999963      2861818     27306.67
  227071.000     0.999969      2861835     32768.00
  236415.000     0.999973      2861844     36408.89
  238719.000     0.999976      2861853     40960.00
  241663.000     0.999979      2861861     46811.43
  246911.000     0.999982      2861870     54613.33
  254719.000     0.999985      2861879     65536.00
  259711.000     0.999986      2861883     72817.78
  267263.000     0.999988      2861888     81920.00
  278783.000     0.999989      2861892     93622.86
  281087.000     0.999991      2861896    109226.67
  289279.000     0.999992      2861901    131072.00
  290047.000     0.999993      2861904    145635.56
  290303.000     0.999994      2861905    163840.00
  292351.000     0.999995      2861907    187245.71
  292863.000     0.999995      2861909    218453.33
  296447.000     0.999996      2861912    262144.00
  296959.000     0.999997      2861914    291271.11
  296959.000     0.999997      2861914    327680.00
  297215.000     0.999997      2861915    374491.43
  298751.000     0.999998      2861916    436906.67
  299007.000     0.999998      2861917    524288.00
  299519.000     0.999998      2861918    582542.22
  299519.000     0.999998      2861918    655360.00
  302335.000     0.999999      2861919    748982.86
  302335.000     0.999999      2861919    873813.33
  306943.000     0.999999      2861920   1048576.00
  306943.000     0.999999      2861920   1165084.44
  306943.000     0.999999      2861920   1310720.00
  307199.000     0.999999      2861921   1497965.71
  307199.000     0.999999      2861921   1747626.67
  307199.000     1.000000      2861921   2097152.00
  307199.000     1.000000      2861921   2330168.89
  307199.000     1.000000      2861921   2621440.00
  307455.000     1.000000      2861922   2995931.43
  307455.000     1.000000      2861922          inf
#[Mean    =    26595.794, StdDeviation   =    15069.525]
#[Max     =   307455.000, Total count    =      2861922]
#[Buckets =            9, SubBuckets     =         2048]
