       Value   Percentile   TotalCount 1/(1-Percentile)

      50.000     0.000000            1         1.00
      68.000     0.100000       257353         1.11
      72.000     0.200000       493066         1.25
      75.000     0.300000       703825         1.43
      78.000     0.400000       909519         1.67
      82.000     0.500000      1156602         2.00
      83.000     0.550000      1212860         2.22
      86.000     0.600000      1366761         2.50
      88.000     0.650000      1459217         2.86
      90.000     0.700000      1544894         3.33
      93.000     0.750000      1660258         4.00
      95.000     0.775000      1728543         4.44
      96.000     0.800000      1760369         5.00
      98.000     0.825000      1817721         5.71
     101.000     0.850000      1889704         6.67
     103.000     0.875000      1929572         8.00
     105.000     0.887500      1963529         8.89
     106.000     0.900000      1978769        10.00
     108.000     0.912500      2006162        11.43
     111.000     0.925000      2039814        13.33
     114.000     0.937500      2067456        16.00
     115.000     0.943750      2075670        17.78
     117.000     0.950000      2090178        20.00
     119.000     0.956250      2102811        22.86
     122.000     0.962500      2118585        26.67
     125.000     0.968750      2131580        32.00
     127.000     0.971875      2139086        35.56
     129.000     0.975000      2145896        40.00
     131.000     0.978125      2151916        45.71
     133.000     0.981250      2157437        53.33
     136.000     0.984375      2164155        64.00
     138.000     0.985938      2167971        71.11
     140.000     0.987500      2171208        80.00
     142.000     0.989062      2174039        91.43
     145.000     0.990625      2177517       106.67
     149.000     0.992188      2181080       128.00
     151.000     0.992969      2182577       142.22
     153.000     0.993750      2183880       160.00
     156.000     0.994531      2185626       182.86
     160.000     0.995313      2187524       213.33
     164.000     0.996094      2189048       256.00
     167.000     0.996484      2189967       284.44
     170.000     0.996875      2190739       320.00
     174.000     0.997266      2191650       365.71
     179.000     0.997656      2192501       426.67
     185.000     0.998047      2193339       512.00
     188.000     0.998242      2193686       568.89
     192.000     0.998437      2194123       640.00
     197.000     0.998633      2194583       731.43
     203.000     0.998828      2195005       853.33
     210.000     0.999023      2195436      1024.00
     214.000     0.999121      2195636      1137.78
     219.000     0.999219      2195851      1280.00
     225.000     0.999316      2196078      1462.86
     231.000     0.999414      2196274      1706.67
     239.000     0.999512      2196482      2048.00
     245.000     0.999561      2196594      2275.56
     251.000     0.999609      2196688      2560.00
     258.000     0.999658      2196806      2925.71
     265.000     0.999707      2196909      3413.33
     274.000     0.999756      2197014      4096.00
     279.000     0.999780      2197064      4551.11
     286.000     0.999805      2197123      5120.00
     291.000     0.999829      2197171      5851.43
     298.000     0.999854      2197231      6826.67
     305.000     0.999878      2197277      8192.00
     310.000     0.999890      2197305      9102.22
     316.000     0.999902      2197331     10240.00
     324.000     0.999915      2197362     11702.86
     333.000     0.999927      2197386     13653.33
     342.000     0.999939      2197413     16384.00
     351.000     0.999945      2197425     18204.44
     366.000     0.999951      2197438     20480.00
     422.000     0.999957      2197452     23405.71
     546.000     0.999963      2197465     27306.67
    4089.000     0.999969      2197478     32768.00
    4159.000     0.999973      2197486     36408.89
    4183.000     0.999976      2197492     40960.00
    4223.000     0.999979      2197499     46811.43
    4263.000     0.999982      2197505     54613.33
    4399.000     0.999985      2197513     65536.00
    4411.000     0.999986      2197516     72817.78
    4447.000     0.999988      2197519     81920.00
    4463.000     0.999989      2197522     93622.86
    4503.000     0.999991      2197525    109226.67
    4763.000     0.999992      2197529    131072.00
    4779.000     0.999993      2197530    145635.56
    4791.000     0.999994      2197533    163840.00
    4811.000     0.999995      2197534    187245.71
    4827.000     0.999995      2197535    218453.33
    4835.000     0.999996      2197537    262144.00
    4839.000     0.999997      2197540    291271.11
    4839.000     0.999997      2197540    327680.00
    4839.000     0.999997      2197540    374491.43
    4839.000     0.999998      2197540    436906.67
    4847.000     0.999998      2197541    524288.00
    4863.000     0.999998      2197542    582542.22
    4863.000     0.999998      2197542    655360.00
    4879.000     0.999999      2197544    748982.86
    4879.000     0.999999      2197544    873813.33
    4879.000     0.999999      2197544   1048576.00
    4879.000     0.999999      2197544   1165084.44
    4879.000     0.999999      2197544   1310720.00
    4879.000     0.999999      2197544   1497965.71
    4879.000     0.999999      2197544   1747626.67
    4879.000     1.000000      2197544   2097152.00
    4883.000     1.000000      2197545   2330168.89
    4883.000     1.000000      2197545          inf
#[Mean    =       85.428, StdDeviation   =       30.503]
#[Max     =     4883.000, Total count    =      2197545]
#[Buckets =            3, SubBuckets     =         2048]
