       Value   Percentile   TotalCount 1/(1-Percentile)

      54.000     0.000000           11         1.00
      68.000     0.100000        51256         1.11
      69.000     0.200000        81641         1.25
      72.000     0.300000       119039         1.43
      74.000     0.400000       147864         1.67
      80.000     0.500000       215931         2.00
      80.000     0.550000       215931         2.22
      81.000     0.600000       280140         2.50
      81.000     0.650000       280140         2.86
      81.000     0.700000       280140         3.33
      81.000     0.750000       280140         4.00
      82.000     0.775000       317516         4.44
      82.000     0.800000       317516         5.00
      82.000     0.825000       317516         5.71
      82.000     0.850000       317516         6.67
      83.000     0.875000       329948         8.00
      83.000     0.887500       329948         8.89
      83.000     0.900000       329948        10.00
      84.000     0.912500       336018        11.43
      85.000     0.925000       340406        13.33
      86.000     0.937500       344034        16.00
      87.000     0.943750       347045        17.78
      87.000     0.950000       347045        20.00
      88.000     0.956250       349542        22.86
      89.000     0.962500       351657        26.67
      91.000     0.968750       355360        32.00
      91.000     0.971875       355360        35.56
      92.000     0.975000       357146        40.00
      93.000     0.978125       358688        45.71
      93.000     0.981250       358688        53.33
      94.000     0.984375       359960        64.00
      95.000     0.985938       360897        71.11
      95.000     0.987500       360897        80.00
      96.000     0.989062       361583        91.43
      97.000     0.990625       362091       106.67
      98.000     0.992188       362504       128.00
      99.000     0.992969       362842       142.22
     100.000     0.993750       363129       160.00
     101.000     0.994531       363399       182.86
     102.000     0.995313       363639       213.33
     103.000     0.996094       363844       256.00
     104.000     0.996484       364065       284.44
     105.000     0.996875       364275       320.00
     105.000     0.997266       364275       365.71
     106.000     0.997656       364440       426.67
     107.000     0.998047       364571       512.00
     108.000     0.998242       364691       568.89
     108.000     0.998437       364691       640.00
     109.000     0.998633       364791       731.43
     110.000     0.998828       364868       853.33
     111.000     0.999023       364932      1024.00
     112.000     0.999121       364982      1137.78
     112.000     0.999219       364982      1280.00
     113.000     0.999316       365031      1462.86
     114.000     0.999414       365065      1706.67
     115.000     0.999512       365090      2048.00
     116.000     0.999561       365123      2275.56
     116.000     0.999609       365123      2560.00
     117.000     0.999658       365143      2925.71
     118.000     0.999707       365160      3413.33
     119.000     0.999756       365178      4096.00
     119.000     0.999780       365178      4551.11
     120.000     0.999805       365190      5120.00
     121.000     0.999829       365202      5851.43
     122.000     0.999854       365211      6826.67
     123.000     0.999878       365217      8192.00
     123.000     0.999890       365217      9102.22
     124.000     0.999902       365225     10240.00
     124.000     0.999915       365225     11702.86
     125.000     0.999927       365231     13653.33
     127.000     0.999939       365237     16384.00
     127.000     0.999945       365237     18204.44
     128.000     0.999951       365240     20480.00
     129.000     0.999957       365242     23405.71
     130.000     0.999963       365245     27306.67
     130.000     0.999969       365245     32768.00
     131.000     0.999973       365247     36408.89
     132.000     0.999976       365249     40960.00
     132.000     0.999979       365249     46811.43
     134.000     0.999982       365250     54613.33
     135.000     0.999985       365252     65536.00
     135.000     0.999986       365252     72817.78
     135.000     0.999988       365252     81920.00
     137.000     0.999989       365253     93622.86
     137.000     0.999991       365253    109226.67
     154.000     0.999992       365254    131072.00
     154.000     0.999993       365254    145635.56
     154.000     0.999994       365254    163840.00
     158.000     0.999995       365255    187245.71
     158.000     0.999995       365255    218453.33
     158.000     0.999996       365255    262144.00
     158.000     0.999997       365255    291271.11
     158.000     0.999997       365255    327680.00
     416.000     0.999997       365256    374491.43
     416.000     1.000000       365256          inf
#[Mean    =       76.741, StdDeviation   =        7.614]
#[Max     =      416.000, Total count    =       365256]
#[Buckets =            1, SubBuckets     =         2048]
