       Value   Percentile   TotalCount 1/(1-Percentile)

      55.000     0.000000            1         1.00
     326.000     0.100000       836145         1.11
     481.000     0.200000      1668273         1.25
     643.000     0.300000      2502633         1.43
     827.000     0.400000      3336839         1.67
    1055.000     0.500000      4171764         2.00
    1197.000     0.550000      4587681         2.22
    1370.000     0.600000      5004570         2.50
    1591.000     0.650000      5420707         2.86
    1891.000     0.700000      5836406         3.33
    2325.000     0.750000      6253342         4.00
    2621.000     0.775000      6462214         4.44
    2993.000     0.800000      6670542         5.00
    3473.000     0.825000      6878878         5.71
    4079.000     0.850000      7087457         6.67
    4795.000     0.875000      7295870         8.00
    5187.000     0.887500      7399690         8.89
    5603.000     0.900000      7504373        10.00
    6047.000     0.912500      7608161        11.43
    6535.000     0.925000      7712779        13.33
    7091.000     0.937500      7816450        16.00
    7415.000     0.943750      7868838        17.78
    7779.000     0.950000      7921014        20.00
    8199.000     0.956250      7972998        22.86
    8703.000     0.962500      8025093        26.67
    9335.000     0.968750      8077001        32.00
    9727.000     0.971875      8103346        35.56
   10175.000     0.975000      8129286        40.00
   10711.000     0.978125      8155362        45.71
   11351.000     0.981250      8181143        53.33
   12151.000     0.984375      8207346        64.00
   12631.000     0.985938      8220318        71.11
   13183.000     0.987500      8233391        80.00
   13823.000     0.989062      8246340        91.43
   14599.000     0.990625      8259429       106.67
   15543.000     0.992188      8272373       128.00
   16111.000     0.992969      8278880       142.22
   16767.000     0.993750      8285445       160.00
   17503.000     0.994531      8291902       182.86
   18367.000     0.995313      8298388       213.33
   19375.000     0.996094      8304967       256.00
   19951.000     0.996484      8308223       284.44
   20575.000     0.996875      8311495       320.00
   21279.000     0.997266      8314733       365.71
   22063.000     0.997656      8317955       426.67
   22991.000     0.998047      8321231       512.00
   23503.000     0.998242      8322831       568.89
   24095.000     0.998437      8324473       640.00
   24767.000     0.998633      8326095       731.43
   25487.000     0.998828      8327728       853.33
   26351.000     0.999023      8329346      1024.00
   26847.000     0.999121      8330140      1137.78
   27407.000     0.999219      8330963      1280.00
   28047.000     0.999316      8331781      1462.86
   28815.000     0.999414      8332589      1706.67
   29679.000     0.999512      8333407      2048.00
   30175.000     0.999561      8333824      2275.56
   30735.000     0.999609      8334216      2560.00
   31407.000     0.999658      8334618      2925.71
   32207.000     0.999707      8335025      3413.33
   33119.000     0.999756      8335438      4096.00
   33695.000     0.999780      8335640      4551.11
   34303.000     0.999805      8335839      5120.00
   35071.000     0.999829      8336052      5851.43
   35935.000     0.999854      8336246      6826.67
   37055.000     0.999878      8336450      8192.00
   37823.000     0.999890      8336553      9102.22
   38527.000     0.999902      8336652     10240.00
   39391.000     0.999915      8336756     11702.86
   40287.000     0.999927      8336856     13653.33
   41503.000     0.999939      8336958     16384.00
   42271.000     0.999945      8337010     18204.44
   43007.000     0.999951      8337059     20480.00
   43807.000     0.999957      8337112     23405.71
   44767.000     0.999963      8337161     27306.67
   45823.000     0.999969      8337212     32768.00
   46495.000     0.999973      8337239     36408.89
   47071.000     0.999976      8337264     40960.00
   47711.000     0.999979      8337288     46811.43
   48575.000     0.999982      8337315     54613.33
   49663.000     0.999985      8337339     65536.00
   50271.000     0.999986      8337354     72817.78
   50687.000     0.999988      8337365     81920.00
   51263.000     0.999989      8337377     93622.86
   52031.000     0.999991      8337390    109226.67
   53055.000     0.999992      8337403    131072.00
   53311.000     0.999993      8337409    145635.56
   53951.000     0.999994      8337416    163840.00
   54367.000     0.999995      8337422    187245.71
   54815.000     0.999995      8337428    218453.33
   55231.000     0.999996      8337435    262144.00
   55647.000     0.999997      8337438    291271.11
   55967.000     0.999997      8337441    327680.00
   56319.000     0.999997      8337445    374491.43
   56575.000     0.999998      8337448    436906.67
   57055.000     0.999998      8337451    524288.00
   57247.000     0.999998      8337452    582542.22
   57599.000     0.999998      8337454    655360.00
   57631.000     0.999999      8337455    748982.86
   57791.000     0.999999      8337457    873813.33
   58431.000     0.999999      8337459   1048576.00
   58431.000     0.999999      8337459   1165084.44
   58495.000     0.999999      8337460   1310720.00
   58623.000     0.999999      8337461   1497965.71
   59103.000     0.999999      8337462   1747626.67
   59551.000     1.000000      8337463   2097152.00
   59551.000     1.000000      8337463   2330168.89
   59551.000     1.000000      8337463   2621440.00
   60511.000     1.000000      8337464   2995931.43
   60511.000     1.000000      8337464   3495253.33
   60927.000     1.000000      8337465   4194304.00
   60927.000     1.000000      8337465   4660337.78
   60927.000     1.000000      8337465   5242880.00
   60927.000     1.000000      8337465   5991862.86
   60927.000     1.000000      8337465   6990506.67
   61663.000     1.000000      8337466   8388608.00
   61663.000     1.000000      8337466          inf
#[Mean    =     2140.905, StdDeviation   =     2950.227]
#[Max     =    61663.000, Total count    =      8337466]
#[Buckets =            6, SubBuckets     =         2048]
