       Value   Percentile   TotalCount 1/(1-Percentile)

      39.000     0.000000            1         1.00
     265.000     0.100000      1484352         1.11
     341.000     0.200000      2963322         1.25
     416.000     0.300000      4433846         1.43
     509.000     0.400000      5900579         1.67
     652.000     0.500000      7364953         2.00
     765.000     0.550000      8101126         2.22
     935.000     0.600000      8838311         2.50
    1215.000     0.650000      9574981         2.86
    1656.000     0.700000     10309990         3.33
    2233.000     0.750000     11048239         4.00
    2611.000     0.775000     11415195         4.44
    3067.000     0.800000     11782859         5.00
    3617.000     0.825000     12150981         5.71
    4675.000     0.850000     12519513         6.67
    6959.000     0.875000     12887608         8.00
    8607.000     0.887500     13072130         8.89
   10479.000     0.900000     13256055        10.00
   12743.000     0.912500     13440138        11.43
   14959.000     0.925000     13623702        13.33
   17183.000     0.937500     13808015        16.00
   18431.000     0.943750     13900754        17.78
   19775.000     0.950000     13992766        20.00
   21215.000     0.956250     14084492        22.86
   22735.000     0.962500     14175996        26.67
   24431.000     0.968750     14268454        32.00
   25375.000     0.971875     14314739        35.56
   26415.000     0.975000     14360174        40.00
   27615.000     0.978125     14406095        45.71
   29055.000     0.981250     14452448        53.33
   30943.000     0.984375     14498290        64.00
   32207.000     0.985938     14521198        71.11
   33855.000     0.987500     14544145        80.00
   36095.000     0.989062     14567412        91.43
   39903.000     0.990625     14590218       106.67
   47423.000     0.992188     14613192       128.00
   57311.000     0.992969     14624705       142.22
   76991.000     0.993750     14636199       160.00
   96255.000     0.994531     14647726       182.86
  109951.000     0.995313     14659214       213.33
  130495.000     0.996094     14670708       256.00
  142207.000     0.996484     14676527       284.44
  150911.000     0.996875     14682302       320.00
  164223.000     0.997266     14687974       365.71
  177535.000     0.997656     14693732       426.67
  185343.000     0.998047     14699493       512.00
  187903.000     0.998242     14702413       568.89
  189183.000     0.998437     14705440       640.00
  190079.000     0.998633     14708506       731.43
  190975.000     0.998828     14711278       853.33
  192127.000     0.999023     14713949      1024.00
  193151.000     0.999121     14715430      1137.78
  194047.000     0.999219     14716760      1280.00
  196991.000     0.999316     14718174      1462.86
  202495.000     0.999414     14719624      1706.67
  210815.000     0.999512     14721053      2048.00
  219903.000     0.999561     14721768      2275.56
  230911.000     0.999609     14722490      2560.00
  249471.000     0.999658     14723214      2925.71
  260735.000     0.999707     14723927      3413.33
  273407.000     0.999756     14724655      4096.00
  289535.000     0.999780     14725010      4551.11
  306175.000     0.999805     14725376      5120.00
  330239.000     0.999829     14725731      5851.43
  353023.000     0.999854     14726094      6826.67
  372223.000     0.999878     14726443      8192.00
  381695.000     0.999890     14726639      9102.22
  384767.000     0.999902     14726807     10240.00
  391679.000     0.999915     14726984     11702.86
  398335.000     0.999927     14727168     13653.33
  418047.000     0.999939     14727344     16384.00
  429311.000     0.999945     14727437     18204.44
  435199.000     0.999951     14727522     20480.00
  449279.000     0.999957     14727613     23405.71
  465151.000     0.999963     14727701     27306.67
  554495.000     0.999969     14727819     32768.00
  555007.000     0.999973     14727861     36408.89
  559615.000     0.999976     14727881     40960.00
  592895.000     0.999979     14727926     46811.43
  608255.000     0.999982     14727971     54613.33
  654335.000     0.999985     14728022     65536.00
  660479.000     0.999986     14728049     72817.78
  664063.000     0.999988     14728061     81920.00
  680447.000     0.999989     14728083     93622.86
  693759.000     0.999991     14728113    109226.67
  703999.000     0.999992     14728130    131072.00
  715775.000     0.999993     14728139    145635.56
  747519.000     0.999994     14728152    163840.00
  787455.000     0.999995     14728166    187245.71
  793087.000     0.999995     14728173    218453.33
  848383.000     0.999996     14728184    262144.00
  859647.000     0.999997     14728190    291271.11
  860671.000     0.999997     14728198    327680.00
  864255.000     0.999997     14728201    374491.43
  868351.000     0.999998     14728208    436906.67
  869887.000     0.999998     14728212    524288.00
  890367.000     0.999998     14728216    582542.22
  925695.000     0.999998     14728218    655360.00
  927743.000     0.999999     14728221    748982.86
  931839.000     0.999999     14728224    873813.33
  932351.000     0.999999     14728226   1048576.00
  932863.000     0.999999     14728228   1165084.44
  970751.000     0.999999     14728229   1310720.00
  974335.000     0.999999     14728231   1497965.71
  977407.000     0.999999     14728232   1747626.67
  980479.000     1.000000     14728234   2097152.00
  980479.000     1.000000     14728234   2330168.89
  996863.000     1.000000     14728236   2621440.00
  996863.000     1.000000     14728236   2995931.43
  996863.000     1.000000     14728236   3495253.33
 1000447.000     1.000000     14728237   4194304.00
 1000447.000     1.000000     14728237   4660337.78
 1000959.000     1.000000     14728238   5242880.00
 1000959.000     1.000000     14728238   5991862.86
 1000959.000     1.000000     14728238   6990506.67
 1027583.000     1.000000     14728239   8388608.00
 1027583.000     1.000000     14728239   9320675.55
 1027583.000     1.000000     14728239  10485760.00
 1027583.000     1.000000     14728239  11983725.71
 1027583.000     1.000000     14728239  13981013.34
 1028095.000     1.000000     14728240  16777216.00
 1028095.000     1.000000     14728240          inf
#[Mean    =     4115.651, StdDeviation   =    14884.863]
#[Max     =  1028095.000, Total count    =     14728240]
#[Buckets =           10, SubBuckets     =         2048]
