       Value   Percentile   TotalCount 1/(1-Percentile)

      59.000     0.000000            1         1.00
     523.000     0.100000       831310         1.11
     756.000     0.200000      1659416         1.25
     989.000     0.300000      2489410         1.43
    1245.000     0.400000      3317663         1.67
    1550.000     0.500000      4149248         2.00
    1731.000     0.550000      4561897         2.22
    1941.000     0.600000      4977593         2.50
    2185.000     0.650000      5391766         2.86
    2473.000     0.700000      5806995         3.33
    2823.000     0.750000      6221133         4.00
    3035.000     0.775000      6427809         4.44
    3287.000     0.800000      6635849         5.00
    3595.000     0.825000      6842600         5.71
    3993.000     0.850000      7049900         6.67
    4527.000     0.875000      7258259         8.00
    4859.000     0.887500      7360983         8.89
    5259.000     0.900000      7465114        10.00
    5747.000     0.912500      7567996        11.43
    6375.000     0.925000      7671665        13.33
    7223.000     0.937500      7775634        16.00
    7763.000     0.943750      7827156        17.78
    8431.000     0.950000      7879383        20.00
    9239.000     0.956250      7931207        22.86
   10199.000     0.962500      7982887        26.67
   11295.000     0.968750      8034525        32.00
   11895.000     0.971875      8060451        35.56
   12535.000     0.975000      8086577        40.00
   13215.000     0.978125      8112318        45.71
   13959.000     0.981250      8138225        53.33
   14783.000     0.984375      8164257        64.00
   15239.000     0.985938      8177161        71.11
   15735.000     0.987500      8190148        80.00
   16271.000     0.989062      8202992        91.43
   16895.000     0.990625      8216140       106.67
   17615.000     0.992188      8229048       128.00
   18031.000     0.992969      8235431       142.22
   18495.000     0.993750      8241926       160.00
   19007.000     0.994531      8248305       182.86
   19583.000     0.995313      8254781       213.33
   20255.000     0.996094      8261276       256.00
   20639.000     0.996484      8264614       284.44
   21023.000     0.996875      8267803       320.00
   21471.000     0.997266      8271031       365.71
   21951.000     0.997656      8274254       426.67
   22511.000     0.998047      8277544       512.00
   22815.000     0.998242      8279133       568.89
   23151.000     0.998437      8280762       640.00
   23503.000     0.998633      8282343       731.43
   23919.000     0.998828      8283943       853.33
   24415.000     0.999023      8285565      1024.00
   24703.000     0.999121      8286409      1137.78
   25023.000     0.999219      8287205      1280.00
   25375.000     0.999316      8287995      1462.86
   25807.000     0.999414      8288798      1706.67
   26319.000     0.999512      8289613      2048.00
   26623.000     0.999561      8290028      2275.56
   26959.000     0.999609      8290429      2560.00
   27327.000     0.999658      8290824      2925.71
   27759.000     0.999707      8291232      3413.33
   28255.000     0.999756      8291634      4096.00
   28543.000     0.999780      8291834      4551.11
   28863.000     0.999805      8292037      5120.00
   29247.000     0.999829      8292237      5851.43
   29647.000     0.999854      8292442      6826.67
   30191.000     0.999878      8292648      8192.00
   30479.000     0.999890      8292746      9102.22
   30815.000     0.999902      8292850     10240.00
   31151.000     0.999915      8292946     11702.86
   31551.000     0.999927      8293047     13653.33
   32031.000     0.999939      8293149     16384.00
   32271.000     0.999945      8293201     18204.44
   32623.000     0.999951      8293250     20480.00
   32927.000     0.999957      8293301     23405.71
   33311.000     0.999963      8293353     27306.67
   33663.000     0.999969      8293401     32768.00
   33887.000     0.999973      8293427     36408.89
   34239.000     0.999976      8293452     40960.00
   34527.000     0.999979      8293478     46811.43
   34847.000     0.999982      8293504     54613.33
   35295.000     0.999985      8293529     65536.00
   35487.000     0.999986      8293542     72817.78
   35807.000     0.999988      8293554     81920.00
   36031.000     0.999989      8293567     93622.86
   36351.000     0.999991      8293579    109226.67
   36671.000     0.999992      8293591    131072.00
   36927.000     0.999993      8293598    145635.56
   37183.000     0.999994      8293604    163840.00
   37471.000     0.999995      8293610    187245.71
   37951.000     0.999995      8293617    218453.33
   38175.000     0.999996      8293623    262144.00
   38303.000     0.999997      8293626    291271.11
   38399.000     0.999997      8293630    327680.00
   38591.000     0.999997      8293632    374491.43
   38751.000     0.999998      8293636    436906.67
   39135.000     0.999998      8293639    524288.00
   39199.000     0.999998      8293640    582542.22
   39391.000     0.999998      8293642    655360.00
   39551.000     0.999999      8293643    748982.86
   39647.000     0.999999      8293645    873813.33
   40415.000     0.999999      8293647   1048576.00
   40415.000     0.999999      8293647   1165084.44
   40767.000     0.999999      8293648   1310720.00
   40927.000     0.999999      8293649   1497965.71
   41023.000     0.999999      8293650   1747626.67
   41183.000     1.000000      8293651   2097152.00
   41183.000     1.000000      8293651   2330168.89
   41183.000     1.000000      8293651   2621440.00
   41503.000     1.000000      8293652   2995931.43
   41503.000     1.000000      8293652   3495253.33
   42303.000     1.000000      8293653   4194304.00
   42303.000     1.000000      8293653   4660337.78
   42303.000     1.000000      8293653   5242880.00
   42303.000     1.000000      8293653   5991862.86
   42303.000     1.000000      8293653   6990506.67
   42655.000     1.000000      8293654   8388608.00
   42655.000     1.000000      8293654          inf
#[Mean    =     2525.615, StdDeviation   =     3083.323]
#[Max     =    42655.000, Total count    =      8293654]
#[Buckets =            6, SubBuckets     =         2048]
