       Value   Percentile   TotalCount 1/(1-Percentile)

      89.000     0.000000            1         1.00
     514.000     0.100000       782856         1.11
     697.000     0.200000      1569493         1.25
     885.000     0.300000      2349052         1.43
    1113.000     0.400000      3133399         1.67
    1412.000     0.500000      3914622         2.00
    1601.000     0.550000      4305427         2.22
    1825.000     0.600000      4697510         2.50
    2089.000     0.650000      5090369         2.86
    2403.000     0.700000      5480751         3.33
    2797.000     0.750000      5871906         4.00
    3035.000     0.775000      6067013         4.44
    3311.000     0.800000      6262746         5.00
    3637.000     0.825000      6458234         5.71
    4031.000     0.850000      6654655         6.67
    4515.000     0.875000      6850962         8.00
    4799.000     0.887500      6947867         8.89
    5131.000     0.900000      7046233        10.00
    5519.000     0.912500      7143443        11.43
    5999.000     0.925000      7241475        13.33
    6615.000     0.937500      7338826        16.00
    7007.000     0.943750      7388051        17.78
    7479.000     0.950000      7436800        20.00
    8067.000     0.956250      7485610        22.86
    8855.000     0.962500      7534573        26.67
   10055.000     0.968750      7583371        32.00
   10975.000     0.971875      7607992        35.56
   12375.000     0.975000      7632295        40.00
   15207.000     0.978125      7656731        45.71
   21615.000     0.981250      7681188        53.33
   33855.000     0.984375      7705654        64.00
   39775.000     0.985938      7717889        71.11
   48159.000     0.987500      7730112        80.00
   56031.000     0.989062      7742370        91.43
   66367.000     0.990625      7754565       106.67
   81407.000     0.992188      7766797       128.00
   90879.000     0.992969      7772934       142.22
  101567.000     0.993750      7779029       160.00
  113023.000     0.994531      7785154       182.86
  126527.000     0.995313      7791267       213.33
  141695.000     0.996094      7797391       256.00
  150783.000     0.996484      7800429       284.44
  160895.000     0.996875      7803484       320.00
  174335.000     0.997266      7806554       365.71
  184831.000     0.997656      7809631       426.67
  196735.000     0.998047      7812671       512.00
  207871.000     0.998242      7814205       568.89
  219263.000     0.998437      7815724       640.00
  231167.000     0.998633      7817254       731.43
  244095.000     0.998828      7818778       853.33
  262655.000     0.999023      7820306      1024.00
  268799.000     0.999121      7821069      1137.78
  282879.000     0.999219      7821844      1280.00
  296191.000     0.999316      7822600      1462.86
  307455.000     0.999414      7823362      1706.67
  325631.000     0.999512      7824129      2048.00
  336895.000     0.999561      7824506      2275.56
  352767.000     0.999609      7824897      2560.00
  378367.000     0.999658      7825270      2925.71
  393983.000     0.999707      7825652      3413.33
  408319.000     0.999756      7826035      4096.00
  423679.000     0.999780      7826231      4551.11
  437759.000     0.999805      7826419      5120.00
  458751.000     0.999829      7826608      5851.43
  481791.000     0.999854      7826807      6826.67
  546303.000     0.999878      7826991      8192.00
  611839.000     0.999890      7827094      9102.22
  614399.000     0.999902      7827184     10240.00
  716799.000     0.999915      7827279     11702.86
  748031.000     0.999927      7827372     13653.33
  754175.000     0.999939      7827474     16384.00
  781311.000     0.999945      7827516     18204.44
  831999.000     0.999951      7827564     20480.00
  854015.000     0.999957      7827612     23405.71
  862719.000     0.999963      7827659     27306.67
  882687.000     0.999969      7827708     32768.00
  894975.000     0.999973      7827732     36408.89
  896511.000     0.999976      7827757     40960.00
  898047.000     0.999979      7827783     46811.43
  899071.000     0.999982      7827808     54613.33
  900607.000     0.999985      7827828     65536.00
  930303.000     0.999986      7827838     72817.78
  932863.000     0.999988      7827853     81920.00
  938495.000     0.999989      7827866     93622.86
  940031.000     0.999991      7827876    109226.67
  940543.000     0.999992      7827887    131072.00
  947711.000     0.999993      7827897    145635.56
  948223.000     0.999994      7827900    163840.00
  949247.000     0.999995      7827904    187245.71
  949759.000     0.999995      7827910    218453.33
  950783.000     0.999996      7827917    262144.00
  991231.000     0.999997      7827919    291271.11
  992255.000     0.999997      7827922    327680.00
  998399.000     0.999997      7827927    374491.43
 1002495.000     0.999998      7827931    436906.67
 1002495.000     0.999998      7827931    524288.00
 1003007.000     0.999998      7827937    582542.22
 1003007.000     0.999998      7827937    655360.00
 1003007.000     0.999999      7827937    748982.86
 1003007.000     0.999999      7827937    873813.33
 1003519.000     0.999999      7827944   1048576.00
 1003519.000     0.999999      7827944   1165084.44
 1003519.000     0.999999      7827944   1310720.00
 1003519.000     0.999999      7827944   1497965.71
 1003519.000     0.999999      7827944   1747626.67
 1003519.000     1.000000      7827944   2097152.00
 1003519.000     1.000000      7827944   2330168.89
 1003519.000     1.000000      7827944   2621440.00
 1003519.000     1.000000      7827944   2995931.43
 1003519.000     1.000000      7827944   3495253.33
 1003519.000     1.000000      7827944   4194304.00
 1003519.000     1.000000      7827944   4660337.78
 1003519.000     1.000000      7827944   5242880.00
 1003519.000     1.000000      7827944   5991862.86
 1003519.000     1.000000      7827944   6990506.67
 1004031.000     1.000000      7827945   8388608.00
 1004031.000     1.000000      7827945          inf
#[Mean    =     3955.074, StdDeviation   =    18637.909]
#[Max     =  1004031.000, Total count    =      7827945]
#[Buckets =           10, SubBuckets     =         2048]
