       Value   Percentile   TotalCount 1/(1-Percentile)

      83.000     0.000000            2         1.00
     108.000     0.100000        23973         1.11
     110.000     0.200000        34423         1.25
     138.000     0.300000        50624         1.43
     152.000     0.400000        68299         1.67
     181.000     0.500000        83934         2.00
     185.000     0.550000        94144         2.22
     190.000     0.600000       100342         2.50
     197.000     0.650000       111711         2.86
     198.000     0.700000       119808         3.33
     199.000     0.750000       128998         4.00
     200.000     0.775000       134952         4.44
     200.000     0.800000       134952         5.00
     201.000     0.825000       138365         5.71
     203.000     0.850000       144215         6.67
     204.000     0.875000       146416         8.00
     206.000     0.887500       149839         8.89
     207.000     0.900000       151417        10.00
     208.000     0.912500       152944        11.43
     210.000     0.925000       155946        13.33
     211.000     0.937500       157337        16.00
     212.000     0.943750       158513        17.78
     213.000     0.950000       159493        20.00
     214.000     0.956250       160350        22.86
     215.000     0.962500       161092        26.67
     217.000     0.968750       162295        32.00
     218.000     0.971875       162794        35.56
     219.000     0.975000       163253        40.00
     220.000     0.978125       163676        45.71
     221.000     0.981250       164027        53.33
     223.000     0.984375       164695        64.00
     224.000     0.985938       164965        71.11
     225.000     0.987500       165162        80.00
     226.000     0.989062       165351        91.43
     228.000     0.990625       165662       106.67
     230.000     0.992188       165881       128.00
     231.000     0.992969       165960       142.22
     233.000     0.993750       166107       160.00
     236.000     0.994531       166263       182.86
     238.000     0.995313       166348       213.33
     244.000     0.996094       166481       256.00
     249.000     0.996484       166547       284.44
     264.000     0.996875       166609       320.00
    1030.000     0.997266       166674       365.71
    1146.000     0.997656       166739       426.67
    1238.000     0.998047       166804       512.00
    1332.000     0.998242       166839       568.89
    1416.000     0.998437       166869       640.00
    1516.000     0.998633       166904       731.43
    1612.000     0.998828       166935       853.33
    2035.000     0.999023       166967      1024.00
    2099.000     0.999121       166984      1137.78
    2139.000     0.999219       167000      1280.00
    2185.000     0.999316       167017      1462.86
    2203.000     0.999414       167033      1706.67
    2239.000     0.999512       167049      2048.00
    2251.000     0.999561       167058      2275.56
    2261.000     0.999609       167065      2560.00
    2305.000     0.999658       167073      2925.71
    2377.000     0.999707       167082      3413.33
    2487.000     0.999756       167090      4096.00
    3143.000     0.999780       167094      4551.11
    3199.000     0.999805       167098      5120.00
    3229.000     0.999829       167102      5851.43
    3261.000     0.999854       167106      6826.67
    3309.000     0.999878       167110      8192.00
    3315.000     0.999890       167112      9102.22
    3339.000     0.999902       167114     10240.00
    3387.000     0.999915       167116     11702.86
    3407.000     0.999927       167118     13653.33
    3451.000     0.999939       167120     16384.00
    3501.000     0.999945       167121     18204.44
    3509.000     0.999951       167122     20480.00
    3519.000     0.999957       167123     23405.71
    3529.000     0.999963       167124     27306.67
    9207.000     0.999969       167125     32768.00
   12343.000     0.999973       167126     36408.89
   12343.000     0.999976       167126     40960.00
   19807.000     0.999979       167127     46811.43
   19807.000     0.999982       167127     54613.33
   20063.000     0.999985       167128     65536.00
   20063.000     0.999986       167128     72817.78
   20063.000     0.999988       167128     81920.00
   20879.000     0.999989       167129     93622.86
   20879.000     0.999991       167129    109226.67
   20879.000     0.999992       167129    131072.00
   20879.000     0.999993       167129    145635.56
   20879.000     0.999994       167129    163840.00
   22687.000     0.999995       167130    187245.71
   22687.000     1.000000       167130          inf
#[Mean    =      168.905, StdDeviation   =      144.525]
#[Max     =    22687.000, Total count    =       167130]
#[Buckets =            5, SubBuckets     =         2048]
