       Value   Percentile   TotalCount 1/(1-Percentile)

      87.000     0.000000            1         1.00
     112.000     0.100000        18397         1.11
     118.000     0.200000        32229         1.25
     147.000     0.300000        48643         1.43
     179.000     0.400000        64286         1.67
     194.000     0.500000        81490         2.00
     200.000     0.550000        88424         2.22
     206.000     0.600000        97648         2.50
     208.000     0.650000       107412         2.86
     210.000     0.700000       118244         3.33
     211.000     0.750000       126415         4.00
     211.000     0.775000       126415         4.44
     212.000     0.800000       132805         5.00
     212.000     0.825000       132805         5.71
     213.000     0.850000       136469         6.67
     215.000     0.875000       140795         8.00
     216.000     0.887500       142636         8.89
     217.000     0.900000       144486        10.00
     219.000     0.912500       147888        11.43
     220.000     0.925000       149370        13.33
     221.000     0.937500       150635        16.00
     222.000     0.943750       151799        17.78
     223.000     0.950000       152786        20.00
     224.000     0.956250       153645        22.86
     225.000     0.962500       154386        26.67
     227.000     0.968750       155584        32.00
     228.000     0.971875       156083        35.56
     229.000     0.975000       156574        40.00
     230.000     0.978125       157017        45.71
     231.000     0.981250       157410        53.33
     233.000     0.984375       158052        64.00
     234.000     0.985938       158317        71.11
     235.000     0.987500       158547        80.00
     236.000     0.989062       158716        91.43
     237.000     0.990625       158890       106.67
     239.000     0.992188       159169       128.00
     241.000     0.992969       159358       142.22
     242.000     0.993750       159459       160.00
     243.000     0.994531       159557       182.86
     245.000     0.995313       159690       213.33
     247.000     0.996094       159793       256.00
     248.000     0.996484       159831       284.44
     250.000     0.996875       159912       320.00
     252.000     0.997266       159965       365.71
     255.000     0.997656       160032       426.67
     259.000     0.998047       160088       512.00
     261.000     0.998242       160115       568.89
     264.000     0.998437       160148       640.00
     267.000     0.998633       160175       731.43
     272.000     0.998828       160210       853.33
     276.000     0.999023       160237      1024.00
     281.000     0.999121       160255      1137.78
     287.000     0.999219       160268      1280.00
     292.000     0.999316       160287      1462.86
     303.000     0.999414       160300      1706.67
     327.000     0.999512       160317      2048.00
     331.000     0.999561       160323      2275.56
     341.000     0.999609       160332      2560.00
     349.000     0.999658       160341      2925.71
     352.000     0.999707       160349      3413.33
     357.000     0.999756       160355      4096.00
     358.000     0.999780       160359      4551.11
     362.000     0.999805       160363      5120.00
     366.000     0.999829       160366      5851.43
     372.000     0.999854       160371      6826.67
     373.000     0.999878       160374      8192.00
     377.000     0.999890       160376      9102.22
     380.000     0.999902       160378     10240.00
     382.000     0.999915       160380     11702.86
     385.000     0.999927       160382     13653.33
     437.000     0.999939       160384     16384.00
     440.000     0.999945       160385     18204.44
     455.000     0.999951       160386     20480.00
     473.000     0.999957       160387     23405.71
     529.000     0.999963       160388     27306.67
     758.000     0.999969       160389     32768.00
     758.000     0.999973       160389     36408.89
    8919.000     0.999976       160390     40960.00
    8919.000     0.999979       160390     46811.43
   18447.000     0.999982       160391     54613.33
   18447.000     0.999985       160391     65536.00
   18447.000     0.999986       160391     72817.78
   21055.000     0.999988       160392     81920.00
   21055.000     0.999989       160392     93622.86
   21055.000     0.999991       160392    109226.67
   21055.000     0.999992       160392    131072.00
   21055.000     0.999993       160392    145635.56
   23567.000     0.999994       160393    163840.00
   23567.000     1.000000       160393          inf
#[Mean    =      176.413, StdDeviation   =      102.703]
#[Max     =    23567.000, Total count    =       160393]
#[Buckets =            5, SubBuckets     =         2048]
