       Value   Percentile   TotalCount 1/(1-Percentile)

      66.000     0.000000            1         1.00
     336.000     0.100000       794264         1.11
     499.000     0.200000      1579886         1.25
     675.000     0.300000      2369650         1.43
     877.000     0.400000      3158412         1.67
    1151.000     0.500000      3948764         2.00
    1334.000     0.550000      4343403         2.22
    1568.000     0.600000      4737652         2.50
    1886.000     0.650000      5131489         2.86
    2349.000     0.700000      5526766         3.33
    3009.000     0.750000      5920836         4.00
    3439.000     0.775000      6118752         4.44
    3975.000     0.800000      6315408         5.00
    4667.000     0.825000      6513421         5.71
    5515.000     0.850000      6710239         6.67
    6463.000     0.875000      6907759         8.00
    6959.000     0.887500      7006355         8.89
    7487.000     0.900000      7105316        10.00
    8059.000     0.912500      7203532        11.43
    8735.000     0.925000      7303194        13.33
    9567.000     0.937500      7401625        16.00
   10079.000     0.943750      7450749        17.78
   10671.000     0.950000      7499797        20.00
   11351.000     0.956250      7549250        22.86
   12143.000     0.962500      7598389        26.67
   13079.000     0.968750      7647910        32.00
   13607.000     0.971875      7672588        35.56
   14199.000     0.975000      7697024        40.00
   14879.000     0.978125      7721691        45.71
   15671.000     0.981250      7746438        53.33
   16639.000     0.984375      7771250        64.00
   17215.000     0.985938      7783330        71.11
   17919.000     0.987500      7795783        80.00
   18751.000     0.989062      7807981        91.43
   19823.000     0.990625      7820398       106.67
   21135.000     0.992188      7832614       128.00
   21935.000     0.992969      7838859       142.22
   22831.000     0.993750      7844961       160.00
   23855.000     0.994531      7851145       182.86
   25039.000     0.995313      7857311       213.33
   26431.000     0.996094      7863476       256.00
   27263.000     0.996484      7866540       284.44
   28159.000     0.996875      7869604       320.00
   29183.000     0.997266      7872697       365.71
   30351.000     0.997656      7875773       426.67
   31743.000     0.998047      7878871       512.00
   32511.000     0.998242      7880396       568.89
   33375.000     0.998437      7881973       640.00
   34271.000     0.998633      7883485       731.43
   35295.000     0.998828      7885011       853.33
   36511.000     0.999023      7886550      1024.00
   37183.000     0.999121      7887332      1137.78
   37951.000     0.999219      7888101      1280.00
   38847.000     0.999316      7888882      1462.86
   39743.000     0.999414      7889651      1706.67
   40863.000     0.999512      7890415      2048.00
   41535.000     0.999561      7890799      2275.56
   42303.000     0.999609      7891185      2560.00
   43263.000     0.999658      7891567      2925.71
   44383.000     0.999707      7891954      3413.33
   45695.000     0.999756      7892334      4096.00
   46495.000     0.999780      7892526      4551.11
   47327.000     0.999805      7892719      5120.00
   48319.000     0.999829      7892916      5851.43
   49343.000     0.999854      7893106      6826.67
   50655.000     0.999878      7893299      8192.00
   51199.000     0.999890      7893395      9102.22
   51967.000     0.999902      7893495     10240.00
   52703.000     0.999915      7893586     11702.86
   53631.000     0.999927      7893685     13653.33
   54527.000     0.999939      7893779     16384.00
   55231.000     0.999945      7893830     18204.44
   55807.000     0.999951      7893876     20480.00
   56703.000     0.999957      7893924     23405.71
   57375.000     0.999963      7893972     27306.67
   58399.000     0.999969      7894020     32768.00
   58879.000     0.999973      7894043     36408.89
   59359.000     0.999976      7894067     40960.00
   59967.000     0.999979      7894094     46811.43
   60767.000     0.999982      7894115     54613.33
   61631.000     0.999985      7894139     65536.00
   62239.000     0.999986      7894151     72817.78
   62687.000     0.999988      7894163     81920.00
   63359.000     0.999989      7894175     93622.86
   64031.000     0.999991      7894187    109226.67
   64511.000     0.999992      7894199    131072.00
   64991.000     0.999993      7894205    145635.56
   65279.000     0.999994      7894211    163840.00
   65791.000     0.999995      7894217    187245.71
   66303.000     0.999995      7894223    218453.33
   66879.000     0.999996      7894229    262144.00
   67071.000     0.999997      7894232    291271.11
   67519.000     0.999997      7894235    327680.00
   67647.000     0.999997      7894238    374491.43
   68735.000     0.999998      7894241    436906.67
   68991.000     0.999998      7894244    524288.00
   69183.000     0.999998      7894246    582542.22
   69695.000     0.999998      7894248    655360.00
   70911.000     0.999999      7894249    748982.86
   70975.000     0.999999      7894250    873813.33
   71231.000     0.999999      7894252   1048576.00
   71615.000     0.999999      7894253   1165084.44
   71615.000     0.999999      7894253   1310720.00
   72511.000     0.999999      7894254   1497965.71
   72767.000     0.999999      7894255   1747626.67
   73407.000     1.000000      7894256   2097152.00
   73407.000     1.000000      7894256   2330168.89
   73407.000     1.000000      7894256   2621440.00
   74239.000     1.000000      7894257   2995931.43
   74239.000     1.000000      7894257   3495253.33
   74431.000     1.000000      7894258   4194304.00
   74431.000     1.000000      7894258   4660337.78
   74431.000     1.000000      7894258   5242880.00
   74431.000     1.000000      7894258   5991862.86
   74431.000     1.000000      7894258   6990506.67
   75583.000     1.000000      7894259   8388608.00
   75583.000     1.000000      7894259          inf
#[Mean    =     2751.245, StdDeviation   =     4090.332]
#[Max     =    75583.000, Total count    =      7894259]
#[Buckets =            7, SubBuckets     =         2048]
