       Value   Percentile   TotalCount 1/(1-Percentile)

      72.000     0.000000            1         1.00
     414.000     0.100000       777578         1.11
     616.000     0.200000      1556556         1.25
     937.000     0.300000      2333219         1.43
    1598.000     0.400000      3110689         1.67
    2767.000     0.500000      3888442         2.00
    3457.000     0.550000      4276661         2.22
    4093.000     0.600000      4665476         2.50
    4715.000     0.650000      5054625         2.86
    5415.000     0.700000      5443259         3.33
    6375.000     0.750000      5832433         4.00
    7095.000     0.775000      6026594         4.44
    8215.000     0.800000      6221273         5.00
   10063.000     0.825000      6414880         5.71
   12823.000     0.850000      6609467         6.67
   16431.000     0.875000      6804282         8.00
   18719.000     0.887500      6901216         8.89
   21407.000     0.900000      6998137        10.00
   24239.000     0.912500      7095368        11.43
   27695.000     0.925000      7192471        13.33
   34079.000     0.937500      7289751        16.00
   37631.000     0.943750      7338161        17.78
   40191.000     0.950000      7387101        20.00
   42303.000     0.956250      7435505        22.86
   44479.000     0.962500      7484198        26.67
   47071.000     0.968750      7532918        32.00
   48671.000     0.971875      7557214        35.56
   50751.000     0.975000      7581199        40.00
   53663.000     0.978125      7605509        45.71
   58207.000     0.981250      7629701        53.33
   65599.000     0.984375      7654003        64.00
   70719.000     0.985938      7666223        71.11
   76415.000     0.987500      7678398        80.00
   83263.000     0.989062      7690476        91.43
   91071.000     0.990625      7702603       106.67
  100159.000     0.992188      7714756       128.00
  105727.000     0.992969      7720850       142.22
  112063.000     0.993750      7726910       160.00
  118975.000     0.994531      7732978       182.86
  127551.000     0.995313      7739065       213.33
  136959.000     0.996094      7745127       256.00
  142847.000     0.996484      7748157       284.44
  148735.000     0.996875      7751211       320.00
  155391.000     0.997266      7754241       365.71
  163327.000     0.997656      7757296       426.67
  173567.000     0.998047      7760320       512.00
  180351.000     0.998242      7761845       568.89
  186495.000     0.998437      7763347       640.00
  193407.000     0.998633      7764864       731.43
  201983.000     0.998828      7766403       853.33
  210687.000     0.999023      7767898      1024.00
  216063.000     0.999121      7768669      1137.78
  221567.000     0.999219      7769427      1280.00
  227199.000     0.999316      7770177      1462.86
  233983.000     0.999414      7770942      1706.67
  244095.000     0.999512      7771701      2048.00
  250111.000     0.999561      7772081      2275.56
  257663.000     0.999609      7772458      2560.00
  267007.000     0.999658      7772832      2925.71
  279295.000     0.999707      7773212      3413.33
  294143.000     0.999756      7773593      4096.00
  302079.000     0.999780      7773785      4551.11
  315391.000     0.999805      7773972      5120.00
  328191.000     0.999829      7774161      5851.43
  470527.000     0.999854      7774355      6826.67
  540671.000     0.999878      7774540      8192.00
  717823.000     0.999890      7774643      9102.22
  729599.000     0.999902      7774734     10240.00
 1592319.000     0.999915      7774827     11702.86
 1662975.000     0.999927      7774920     13653.33
 1798143.000     0.999939      7775015     16384.00
 1884159.000     0.999945      7775066     18204.44
 1892351.000     0.999951      7775115     20480.00
 1898495.000     0.999957      7775157     23405.71
 1905663.000     0.999963      7775211     27306.67
 2787327.000     0.999969      7775253     32768.00
 2801663.000     0.999973      7775278     36408.89
 2813951.000     0.999976      7775300     40960.00
 2836479.000     0.999979      7775326     46811.43
 2838527.000     0.999982      7775352     54613.33
 2840575.000     0.999985      7775383     65536.00
 2840575.000     0.999986      7775383     72817.78
 2842623.000     0.999988      7775435     81920.00
 2842623.000     0.999989      7775435     93622.86
 2842623.000     0.999991      7775435    109226.67
 2842623.000     0.999992      7775435    131072.00
 2844671.000     0.999993      7775459    145635.56
 2844671.000     0.999994      7775459    163840.00
 2844671.000     0.999995      7775459    187245.71
 2844671.000     0.999995      7775459    218453.33
 2846719.000     0.999996      7775466    262144.00
 2846719.000     0.999997      7775466    291271.11
 2846719.000     0.999997      7775466    327680.00
 2848767.000     0.999997      7775469    374491.43
 2854911.000     0.999998      7775472    436906.67
 2861055.000     0.999998      7775475    524288.00
 2863103.000     0.999998      7775476    582542.22
 2865151.000     0.999998      7775478    655360.00
 2867199.000     0.999999      7775480    748982.86
 2869247.000     0.999999      7775483    873813.33
 2869247.000     0.999999      7775483   1048576.00
 2869247.000     0.999999      7775483   1165084.44
 2871295.000     0.999999      7775489   1310720.00
 2871295.000     1.000000      7775489          inf
#[Mean    =     8426.246, StdDeviation   =    28383.522]
#[Max     =  2871295.000, Total count    =      7775489]
#[Buckets =           12, SubBuckets     =         2048]
