       Value   Percentile   TotalCount 1/(1-Percentile)

      88.000     0.000000            1         1.00
     518.000     0.100000       859199         1.11
     764.000     0.200000      1719381         1.25
    1088.000     0.300000      2576311         1.43
    1579.000     0.400000      3433139         1.67
    2409.000     0.500000      4292337         2.00
    3005.000     0.550000      4721013         2.22
    3703.000     0.600000      5150138         2.50
    4551.000     0.650000      5580594         2.86
    5611.000     0.700000      6009120         3.33
    6995.000     0.750000      6437997         4.00
    7839.000     0.775000      6652301         4.44
    8791.000     0.800000      6866743         5.00
    9879.000     0.825000      7081708         5.71
   11111.000     0.850000      7295827         6.67
   12543.000     0.875000      7510727         8.00
   13359.000     0.887500      7618015         8.89
   14287.000     0.900000      7724967        10.00
   15359.000     0.912500      7831910        11.43
   16639.000     0.925000      7939172        13.33
   18287.000     0.937500      8046527        16.00
   19295.000     0.943750      8100054        17.78
   20527.000     0.950000      8154152        20.00
   22031.000     0.956250      8207824        22.86
   23951.000     0.962500      8261349        26.67
   26383.000     0.968750      8314725        32.00
   27919.000     0.971875      8341518        35.56
   29791.000     0.975000      8368398        40.00
   32079.000     0.978125      8395082        45.71
   35071.000     0.981250      8422029        53.33
   39135.000     0.984375      8448773        64.00
   41791.000     0.985938      8462245        71.11
   45023.000     0.987500      8475573        80.00
   49279.000     0.989062      8489012        91.43
   54527.000     0.990625      8502434       106.67
   62463.000     0.992188      8515776       128.00
   67903.000     0.992969      8522490       142.22
   74495.000     0.993750      8529207       160.00
   82687.000     0.994531      8535898       182.86
   92863.000     0.995313      8542592       213.33
  105663.000     0.996094      8549308       256.00
  114623.000     0.996484      8552651       284.44
  125375.000     0.996875      8556010       320.00
  144767.000     0.997266      8559358       365.71
  166015.000     0.997656      8562722       426.67
  190335.000     0.998047      8566073       512.00
  201983.000     0.998242      8567743       568.89
  215935.000     0.998437      8569417       640.00
  231295.000     0.998633      8571093       731.43
  252799.000     0.998828      8572773       853.33
  286463.000     0.999023      8574443      1024.00
  317951.000     0.999121      8575282      1137.78
  348415.000     0.999219      8576131      1280.00
  376831.000     0.999316      8576963      1462.86
  401663.000     0.999414      8577796      1706.67
  446463.000     0.999512      8578637      2048.00
  469759.000     0.999561      8579052      2275.56
  519679.000     0.999609      8579476      2560.00
  575999.000     0.999658      8579894      2925.71
  602623.000     0.999707      8580309      3413.33
  648191.000     0.999756      8580732      4096.00
  658943.000     0.999780      8580942      4551.11
  673279.000     0.999805      8581150      5120.00
  685567.000     0.999829      8581363      5851.43
  692223.000     0.999854      8581567      6826.67
  739327.000     0.999878      8581776      8192.00
  774655.000     0.999890      8581892      9102.22
  801791.000     0.999902      8581985     10240.00
  835583.000     0.999915      8582091     11702.86
  973823.000     0.999927      8582197     13653.33
 1198079.000     0.999939      8582308     16384.00
 1206271.000     0.999945      8582357     18204.44
 1218559.000     0.999951      8582416     20480.00
 1239039.000     0.999957      8582458     23405.71
 1259519.000     0.999963      8582512     27306.67
 2762751.000     0.999969      8582579     32768.00
 2764799.000     0.999973      8582593     36408.89
 2766847.000     0.999976      8582625     40960.00
 2768895.000     0.999979      8582718     46811.43
 2768895.000     0.999982      8582718     54613.33
 2768895.000     0.999985      8582718     65536.00
 2768895.000     0.999986      8582718     72817.78
 2770943.000     0.999988      8582745     81920.00
 2770943.000     0.999989      8582745     93622.86
 2770943.000     0.999991      8582745    109226.67
 2799615.000     0.999992      8582760    131072.00
 2803711.000     0.999993      8582766    145635.56
 2813951.000     0.999994      8582771    163840.00
 2820095.000     0.999995      8582778    187245.71
 2822143.000     0.999995      8582795    218453.33
 2822143.000     0.999996      8582795    262144.00
 2822143.000     0.999997      8582795    291271.11
 2824191.000     0.999997      8582823    327680.00
 2824191.000     1.000000      8582823          inf
#[Mean    =     6640.252, StdDeviation   =    26452.898]
#[Max     =  2824191.000, Total count    =      8582823]
#[Buckets =           12, SubBuckets     =         2048]
