       Value   Percentile   TotalCount 1/(1-Percentile)

     173.000     0.000000            1         1.00
     725.000     0.100000       359650         1.11
    1209.000     0.200000       717759         1.25
    1855.000     0.300000      1076190         1.43
    2283.000     0.400000      1435316         1.67
    2797.000     0.500000      1794376         2.00
    3323.000     0.550000      1973159         2.22
    4083.000     0.600000      2152804         2.50
    4935.000     0.650000      2331998         2.86
    6475.000     0.700000      2511279         3.33
   11631.000     0.750000      2690469         4.00
   16415.000     0.775000      2780326         4.44
   21263.000     0.800000      2869826         5.00
   29727.000     0.825000      2959502         5.71
   40575.000     0.850000      3049267         6.67
   54655.000     0.875000      3138953         8.00
   60159.000     0.887500      3183813         8.89
   68031.000     0.900000      3228860        10.00
   76671.000     0.912500      3273592        11.43
   91391.000     0.925000      3318387        13.33
  102143.000     0.937500      3363345        16.00
  108735.000     0.943750      3385551        17.78
  119487.000     0.950000      3407938        20.00
  129215.000     0.956250      3430479        22.86
  137983.000     0.962500      3452785        26.67
  152831.000     0.968750      3475266        32.00
  161407.000     0.971875      3486412        35.56
  172927.000     0.975000      3497698        40.00
  182015.000     0.978125      3508841        45.71
  193407.000     0.981250      3520016        53.33
  212735.000     0.984375      3531248        64.00
  220543.000     0.985938      3536859        71.11
  228095.000     0.987500      3542543        80.00
  235903.000     0.989062      3548096        91.43
  243583.000     0.990625      3553700       106.67
  251391.000     0.992188      3559262       128.00
  254847.000     0.992969      3562098       142.22
  258559.000     0.993750      3564911       160.00
  262399.000     0.994531      3567654       182.86
  266751.000     0.995313      3570481       213.33
  273407.000     0.996094      3573298       256.00
  277503.000     0.996484      3574664       284.44
  282879.000     0.996875      3576067       320.00
  291839.000     0.997266      3577503       365.71
  299775.000     0.997656      3578870       426.67
  307967.000     0.998047      3580270       512.00
  313855.000     0.998242      3580966       568.89
  393215.000     0.998437      3581665       640.00
  416255.000     0.998633      3582375       731.43
  435711.000     0.998828      3583081       853.33
  450303.000     0.999023      3583769      1024.00
  456703.000     0.999121      3584136      1137.78
  460031.000     0.999219      3584469      1280.00
  466431.000     0.999316      3584818      1462.86
  472831.000     0.999414      3585167      1706.67
  479487.000     0.999512      3585521      2048.00
  483071.000     0.999561      3585692      2275.56
  485887.000     0.999609      3585884      2560.00
  487935.000     0.999658      3586055      2925.71
  490239.000     0.999707      3586217      3413.33
  492287.000     0.999756      3586398      4096.00
  493567.000     0.999780      3586483      4551.11
  495359.000     0.999805      3586573      5120.00
  497407.000     0.999829      3586662      5851.43
  499199.000     0.999854      3586745      6826.67
  500991.000     0.999878      3586848      8192.00
  501503.000     0.999890      3586876      9102.22
  502527.000     0.999902      3586931     10240.00
  503295.000     0.999915      3586966     11702.86
  504319.000     0.999927      3587008     13653.33
  505855.000     0.999939      3587050     16384.00
  507903.000     0.999945      3587072     18204.44
  510719.000     0.999951      3587095     20480.00
  513535.000     0.999957      3587116     23405.71
  515071.000     0.999963      3587137     27306.67
  516351.000     0.999969      3587158     32768.00
  517375.000     0.999973      3587172     36408.89
  518399.000     0.999976      3587186     40960.00
  518911.000     0.999979      3587193     46811.43
  520191.000     0.999982      3587205     54613.33
  520703.000     0.999985      3587216     65536.00
  520959.000     0.999986      3587222     72817.78
  521215.000     0.999988      3587232     81920.00
  521215.000     0.999989      3587232     93622.86
  521471.000     0.999991      3587238    109226.67
  521727.000     0.999992      3587241    131072.00
  521983.000     0.999993      3587245    145635.56
  522239.000     0.999994      3587246    163840.00
  522495.000     0.999995      3587248    187245.71
  530431.000     0.999995      3587251    218453.33
  537087.000     0.999996      3587254    262144.00
  538111.000     0.999997      3587255    291271.11
  539135.000     0.999997      3587257    327680.00
  539647.000     0.999997      3587258    374491.43
  558591.000     0.999998      3587259    436906.67
  793087.000     0.999998      3587261    524288.00
  793087.000     0.999998      3587261    582542.22
  869375.000     0.999998      3587262    655360.00
  870399.000     0.999999      3587263    748982.86
  870399.000     0.999999      3587263    873813.33
  870911.000     0.999999      3587264   1048576.00
  870911.000     0.999999      3587264   1165084.44
  872447.000     0.999999      3587265   1310720.00
  872447.000     0.999999      3587265   1497965.71
  872447.000     0.999999      3587265   1747626.67
  918527.000     1.000000      3587266   2097152.00
  918527.000     1.000000      3587266   2330168.89
  918527.000     1.000000      3587266   2621440.00
  918527.000     1.000000      3587266   2995931.43
  918527.000     1.000000      3587266   3495253.33
  920063.000     1.000000      3587267   4194304.00
  920063.000     1.000000      3587267          inf
#[Mean    =    21153.005, StdDeviation   =    47557.534]
#[Max     =   920063.000, Total count    =      3587267]
#[Buckets =           10, SubBuckets     =         2048]
