       Value   Percentile   TotalCount 1/(1-Percentile)

     105.000     0.000000            1         1.00
     469.000     0.100000      1116068         1.11
     640.000     0.200000      2233194         1.25
     861.000     0.300000      3349213         1.43
    1196.000     0.400000      4463903         1.67
    1809.000     0.500000      5578971         2.00
    2353.000     0.550000      6136887         2.22
    3113.000     0.600000      6693718         2.50
    4115.000     0.650000      7252704         2.86
    5483.000     0.700000      7809503         3.33
    7479.000     0.750000      8367175         4.00
    8823.000     0.775000      8646742         4.44
   10351.000     0.800000      8925165         5.00
   11991.000     0.825000      9204260         5.71
   13671.000     0.850000      9482824         6.67
   15303.000     0.875000      9762214         8.00
   16111.000     0.887500      9901585         8.89
   16943.000     0.900000     10042370        10.00
   17791.000     0.912500     10182155        11.43
   18687.000     0.925000     10319832        13.33
   19727.000     0.937500     10459234        16.00
   20335.000     0.943750     10529944        17.78
   21023.000     0.950000     10599534        20.00
   21839.000     0.956250     10668322        22.86
   22911.000     0.962500     10737715        26.67
   24447.000     0.968750     10807616        32.00
   25551.000     0.971875     10842239        35.56
   27071.000     0.975000     10877143        40.00
   29311.000     0.978125     10912002        45.71
   32495.000     0.981250     10946733        53.33
   36671.000     0.984375     10981691        64.00
   38815.000     0.985938     10999044        71.11
   41215.000     0.987500     11016529        80.00
   43775.000     0.989062     11033875        91.43
   46495.000     0.990625     11051310       106.67
   49727.000     0.992188     11068853       128.00
   51583.000     0.992969     11077522       142.22
   53663.000     0.993750     11086190       160.00
   56095.000     0.994531     11094888       182.86
   59135.000     0.995313     11103666       213.33
   63231.000     0.996094     11112357       256.00
   65727.000     0.996484     11116675       284.44
   68607.000     0.996875     11121024       320.00
   71871.000     0.997266     11125441       365.71
   76095.000     0.997656     11129760       426.67
   81727.000     0.998047     11134134       512.00
   85759.000     0.998242     11136274       568.89
   91327.000     0.998437     11138468       640.00
  100735.000     0.998633     11140634       731.43
  115455.000     0.998828     11142812       853.33
  134655.000     0.999023     11145000      1024.00
  145791.000     0.999121     11146080      1137.78
  163711.000     0.999219     11147167      1280.00
  208895.000     0.999316     11148255      1462.86
  328447.000     0.999414     11149349      1706.67
  367615.000     0.999512     11150436      2048.00
  427775.000     0.999561     11150983      2275.56
  528383.000     0.999609     11151532      2560.00
  568831.000     0.999658     11152071      2925.71
  753663.000     0.999707     11152614      3413.33
  837631.000     0.999756     11153158      4096.00
  852479.000     0.999780     11153437      4551.11
  902143.000     0.999805     11153703      5120.00
 1301503.000     0.999829     11153976      5851.43
 2166783.000     0.999854     11154247      6826.67
 2496511.000     0.999878     11154524      8192.00
 2590719.000     0.999890     11154657      9102.22
 2699263.000     0.999902     11154792     10240.00
 2940927.000     0.999915     11154944     11702.86
 3182591.000     0.999927     11155065     13653.33
 3272703.000     0.999939     11155208     16384.00
 3323903.000     0.999945     11155270     18204.44
 3543039.000     0.999951     11155339     20480.00
 3579903.000     0.999957     11155406     23405.71
 3911679.000     0.999963     11155476     27306.67
 4036607.000     0.999969     11155548     32768.00
 4065279.000     0.999973     11155581     36408.89
 4104191.000     0.999976     11155610     40960.00
 4157439.000     0.999979     11155644     46811.43
 4583423.000     0.999982     11155677     54613.33
 4685823.000     0.999985     11155714     65536.00
 4714495.000     0.999986     11155728     72817.78
 4849663.000     0.999988     11155745     81920.00
 4898815.000     0.999989     11155762     93622.86
 5271551.000     0.999991     11155779    109226.67
 5316607.000     0.999992     11155797    131072.00
 5324799.000     0.999993     11155807    145635.56
 5337087.000     0.999994     11155816    163840.00
 5443583.000     0.999995     11155823    187245.71
 5451775.000     0.999995     11155832    218453.33
 5574655.000     0.999996     11155839    262144.00
 6123519.000     0.999997     11155843    291271.11
 6131711.000     0.999997     11155853    327680.00
 6131711.000     0.999997     11155853    374491.43
 6139903.000     0.999998     11155858    436906.67
 6143999.000     0.999998     11155868    524288.00
 6143999.000     0.999998     11155868    582542.22
 6143999.000     0.999998     11155868    655360.00
 6143999.000     0.999999     11155868    748982.86
 6148095.000     0.999999     11155870    873813.33
 6152191.000     0.999999     11155872   1048576.00
 6152191.000     0.999999     11155872   1165084.44
 6156287.000     0.999999     11155878   1310720.00
 6156287.000     0.999999     11155878   1497965.71
 6156287.000     0.999999     11155878   1747626.67
 6156287.000     1.000000     11155878   2097152.00
 6156287.000     1.000000     11155878   2330168.89
 6156287.000     1.000000     11155878   2621440.00
 6156287.000     1.000000     11155878   2995931.43
 6156287.000     1.000000     11155878   3495253.33
 6160383.000     1.000000     11155881   4194304.00
 6160383.000     1.000000     11155881          inf
#[Mean    =     6641.707, StdDeviation   =    45404.712]
#[Max     =  6160383.000, Total count    =     11155881]
#[Buckets =           13, SubBuckets     =         2048]
