       Value   Percentile   TotalCount 1/(1-Percentile)

     113.000     0.000000            1         1.00
     886.000     0.100000       765286         1.11
    1163.000     0.200000      1530284         1.25
    1431.000     0.300000      2293694         1.43
    1734.000     0.400000      3056078         1.67
    2111.000     0.500000      3822764         2.00
    2337.000     0.550000      4203233         2.22
    2603.000     0.600000      4584652         2.50
    2921.000     0.650000      4967646         2.86
    3309.000     0.700000      5348429         3.33
    3803.000     0.750000      5729566         4.00
    4107.000     0.775000      5921727         4.44
    4459.000     0.800000      6112006         5.00
    4887.000     0.825000      6302661         5.71
    5427.000     0.850000      6493455         6.67
    6147.000     0.875000      6684665         8.00
    6619.000     0.887500      6780422         8.89
    7199.000     0.900000      6875568        10.00
    7951.000     0.912500      6970820        11.43
    8991.000     0.925000      7066362        13.33
   10575.000     0.937500      7161992        16.00
   11743.000     0.943750      7209642        17.78
   13311.000     0.950000      7257288        20.00
   15479.000     0.956250      7305043        22.86
   18367.000     0.962500      7352816        26.67
   22143.000     0.968750      7400629        32.00
   24639.000     0.971875      7424440        35.56
   27791.000     0.975000      7448280        40.00
   31647.000     0.978125      7472150        45.71
   36543.000     0.981250      7496052        53.33
   43103.000     0.984375      7519935        64.00
   47551.000     0.985938      7531833        71.11
   53183.000     0.987500      7543743        80.00
   60575.000     0.989062      7555655        91.43
   69311.000     0.990625      7567648       106.67
   81087.000     0.992188      7579567       128.00
   89023.000     0.992969      7585502       142.22
   98367.000     0.993750      7591483       160.00
  108671.000     0.994531      7597435       182.86
  118975.000     0.995313      7603424       213.33
  136191.000     0.996094      7609394       256.00
  145023.000     0.996484      7612353       284.44
  156287.000     0.996875      7615352       320.00
  168063.000     0.997266      7618324       365.71
  182527.000     0.997656      7621315       426.67
  197247.000     0.998047      7624289       512.00
  206847.000     0.998242      7625795       568.89
  215423.000     0.998437      7627274       640.00
  224127.000     0.998633      7628776       731.43
  242175.000     0.998828      7630255       853.33
  254975.000     0.999023      7631749      1024.00
  269567.000     0.999121      7632494      1137.78
  298751.000     0.999219      7633241      1280.00
  340479.000     0.999316      7633990      1462.86
  408831.000     0.999414      7634737      1706.67
  537599.000     0.999512      7635478      2048.00
  672255.000     0.999561      7635854      2275.56
  729087.000     0.999609      7636235      2560.00
  792575.000     0.999658      7636597      2925.71
  897023.000     0.999707      7636977      3413.33
 1035263.000     0.999756      7637342      4096.00
 1294335.000     0.999780      7637529      4551.11
 1422335.000     0.999805      7637718      5120.00
 1444863.000     0.999829      7637905      5851.43
 1527807.000     0.999854      7638088      6826.67
 1758207.000     0.999878      7638275      8192.00
 1981439.000     0.999890      7638368      9102.22
 2238463.000     0.999902      7638468     10240.00
 2418687.000     0.999915      7638562     11702.86
 3178495.000     0.999927      7638648     13653.33
 3891199.000     0.999939      7638741     16384.00
 4026367.000     0.999945      7638788     18204.44
 4665343.000     0.999951      7638839     20480.00
 4894719.000     0.999957      7638881     23405.71
 5591039.000     0.999963      7638928     27306.67
 5939199.000     0.999969      7638974     32768.00
 6090751.000     0.999973      7639014     36408.89
 6164479.000     0.999976      7639021     40960.00
 6307839.000     0.999979      7639045     46811.43
 6524927.000     0.999982      7639069     54613.33
 6545407.000     0.999985      7639093     65536.00
 6565887.000     0.999986      7639104     72817.78
 6590463.000     0.999988      7639115     81920.00
 6803455.000     0.999989      7639127     93622.86
 7057407.000     0.999991      7639138    109226.67
 7098367.000     0.999992      7639150    131072.00
 7106559.000     0.999993      7639155    145635.56
 7188479.000     0.999994      7639164    163840.00
 7204863.000     0.999995      7639168    187245.71
 7217151.000     0.999995      7639173    218453.33
 7241727.000     0.999996      7639183    262144.00
 7241727.000     0.999997      7639183    291271.11
 7245823.000     0.999997      7639188    327680.00
 7245823.000     0.999997      7639188    374491.43
 7254015.000     0.999998      7639195    436906.67
 7254015.000     0.999998      7639195    524288.00
 7254015.000     0.999998      7639195    582542.22
 7258111.000     0.999998      7639198    655360.00
 7258111.000     0.999999      7639198    748982.86
 7262207.000     0.999999      7639201    873813.33
 7262207.000     0.999999      7639201   1048576.00
 7262207.000     0.999999      7639201   1165084.44
 7266303.000     0.999999      7639202   1310720.00
 7266303.000     0.999999      7639202   1497965.71
 7430143.000     0.999999      7639203   1747626.67
 7434239.000     1.000000      7639205   2097152.00
 7434239.000     1.000000      7639205   2330168.89
 7434239.000     1.000000      7639205   2621440.00
 7434239.000     1.000000      7639205   2995931.43
 7434239.000     1.000000      7639205   3495253.33
 7438335.000     1.000000      7639207   4194304.00
 7438335.000     1.000000      7639207          inf
#[Mean    =     5810.029, StdDeviation   =    55558.877]
#[Max     =  7438335.000, Total count    =      7639207]
#[Buckets =           13, SubBuckets     =         2048]
