       Value   Percentile   TotalCount 1/(1-Percentile)

      70.000     0.000000            1         1.00
      88.000     0.100000         7599         1.11
      91.000     0.200000        15874         1.25
      95.000     0.300000        22283         1.43
     104.000     0.400000        29196         1.67
     116.000     0.500000        36003         2.00
     138.000     0.550000        39574         2.22
     145.000     0.600000        43321         2.50
     153.000     0.650000        47020         2.86
     157.000     0.700000        50786         3.33
     161.000     0.750000        54031         4.00
     163.000     0.775000        56811         4.44
     164.000     0.800000        58560         5.00
     165.000     0.825000        60138         5.71
     166.000     0.850000        61229         6.67
     169.000     0.875000        63161         8.00
     171.000     0.887500        64275         8.89
     172.000     0.900000        64683        10.00
     175.000     0.912500        65612        11.43
     178.000     0.925000        66572        13.33
     180.000     0.937500        67810        16.00
     181.000     0.943750        68613        17.78
     181.000     0.950000        68613        20.00
     182.000     0.956250        69349        22.86
     182.000     0.962500        69349        26.67
     183.000     0.968750        69900        32.00
     183.000     0.971875        69900        35.56
     184.000     0.975000        70277        40.00
     185.000     0.978125        70466        45.71
     186.000     0.981250        70606        53.33
     188.000     0.984375        70831        64.00
     189.000     0.985938        70934        71.11
     190.000     0.987500        71023        80.00
     191.000     0.989062        71098        91.43
     193.000     0.990625        71207       106.67
     195.000     0.992188        71291       128.00
     198.000     0.992969        71366       142.22
     201.000     0.993750        71420       160.00
     204.000     0.994531        71463       182.86
     209.000     0.995313        71519       213.33
     238.000     0.996094        71583       256.00
     239.000     0.996484        71610       284.44
     240.000     0.996875        71670       320.00
     240.000     0.997266        71670       365.71
     241.000     0.997656        71701       426.67
     242.000     0.998047        71715       512.00
     243.000     0.998242        71732       568.89
     244.000     0.998437        71741       640.00
     246.000     0.998633        71768       731.43
     246.000     0.998828        71768       853.33
     248.000     0.999023        71786      1024.00
     250.000     0.999121        71791      1137.78
     251.000     0.999219        71796      1280.00
     253.000     0.999316        71803      1462.86
     257.000     0.999414        71811      1706.67
     258.000     0.999512        71817      2048.00
     259.000     0.999561        71822      2275.56
     260.000     0.999609        71828      2560.00
     260.000     0.999658        71828      2925.71
     261.000     0.999707        71831      3413.33
     265.000     0.999756        71835      4096.00
     267.000     0.999780        71838      4551.11
     267.000     0.999805        71838      5120.00
     274.000     0.999829        71840      5851.43
     277.000     0.999854        71842      6826.67
     282.000     0.999878        71844      8192.00
     302.000     0.999890        71845      9102.22
     302.000     0.999902        71845     10240.00
     313.000     0.999915        71846     11702.86
     324.000     0.999927        71847     13653.33
     415.000     0.999939        71848     16384.00
     634.000     0.999945        71849     18204.44
     634.000     0.999951        71849     20480.00
     634.000     0.999957        71849     23405.71
     832.000     0.999963        71850     27306.67
     832.000     0.999969        71850     32768.00
     852.000     0.999973        71851     36408.89
     852.000     0.999976        71851     40960.00
     852.000     0.999979        71851     46811.43
     852.000     0.999982        71851     54613.33
     852.000     0.999985        71851     65536.00
    2543.000     0.999986        71852     72817.78
    2543.000     1.000000        71852          inf
#[Mean    =      127.383, StdDeviation   =       36.753]
#[Max     =     2543.000, Total count    =        71852]
#[Buckets =            2, SubBuckets     =         2048]
