       Value   Percentile   TotalCount 1/(1-Percentile)

      76.000     0.000000            1         1.00
      88.000     0.100000         8612         1.11
      90.000     0.200000        15175         1.25
      93.000     0.300000        23661         1.43
      96.000     0.400000        30069         1.67
     117.000     0.500000        37604         2.00
     139.000     0.550000        41722         2.22
     142.000     0.600000        46653         2.50
     143.000     0.650000        49489         2.86
     144.000     0.700000        52662         3.33
     146.000     0.750000        58037         4.00
     147.000     0.775000        59978         4.44
     148.000     0.800000        61561         5.00
     149.000     0.825000        62615         5.71
     151.000     0.850000        63964         6.67
     155.000     0.875000        65843         8.00
     158.000     0.887500        67127         8.89
     160.000     0.900000        67989        10.00
     162.000     0.912500        69239        11.43
     163.000     0.925000        70001        13.33
     164.000     0.937500        70558        16.00
     166.000     0.943750        71092        17.78
     168.000     0.950000        71447        20.00
     171.000     0.956250        71996        22.86
     173.000     0.962500        72349        26.67
     176.000     0.968750        72877        32.00
     177.000     0.971875        73039        35.56
     179.000     0.975000        73570        40.00
     179.000     0.978125        73570        45.71
     180.000     0.981250        73993        53.33
     180.000     0.984375        73993        64.00
     181.000     0.985938        74334        71.11
     181.000     0.987500        74334        80.00
     181.000     0.989062        74334        91.43
     182.000     0.990625        74523       106.67
     183.000     0.992188        74625       128.00
     183.000     0.992969        74625       142.22
     184.000     0.993750        74681       160.00
     186.000     0.994531        74773       182.86
     187.000     0.995313        74815       213.33
     188.000     0.996094        74859       256.00
     189.000     0.996484        74902       284.44
     190.000     0.996875        74935       320.00
     191.000     0.997266        74966       365.71
     192.000     0.997656        74988       426.67
     193.000     0.998047        75004       512.00
     194.000     0.998242        75014       568.89
     195.000     0.998437        75028       640.00
     196.000     0.998633        75043       731.43
     198.000     0.998828        75068       853.33
     199.000     0.999023        75076      1024.00
     200.000     0.999121        75088      1137.78
     200.000     0.999219        75088      1280.00
     201.000     0.999316        75099      1462.86
     201.000     0.999414        75099      1706.67
     202.000     0.999512        75107      2048.00
     203.000     0.999561        75112      2275.56
     204.000     0.999609        75114      2560.00
     205.000     0.999658        75121      2925.71
     205.000     0.999707        75121      3413.33
     207.000     0.999756        75125      4096.00
     209.000     0.999780        75128      4551.11
     211.000     0.999805        75130      5120.00
     212.000     0.999829        75131      5851.43
     217.000     0.999854        75132      6826.67
     218.000     0.999878        75134      8192.00
     223.000     0.999890        75135      9102.22
     224.000     0.999902        75136     10240.00
     226.000     0.999915        75137     11702.86
     262.000     0.999927        75138     13653.33
     290.000     0.999939        75139     16384.00
     290.000     0.999945        75139     18204.44
     400.000     0.999951        75140     20480.00
     400.000     0.999957        75140     23405.71
     448.000     0.999963        75141     27306.67
     448.000     0.999969        75141     32768.00
     448.000     0.999973        75141     36408.89
     595.000     0.999976        75142     40960.00
     595.000     0.999979        75142     46811.43
     595.000     0.999982        75142     54613.33
     595.000     0.999985        75142     65536.00
     595.000     0.999986        75142     72817.78
    2199.000     0.999988        75143     81920.00
    2199.000     1.000000        75143          inf
#[Mean    =      121.322, StdDeviation   =       31.091]
#[Max     =     2199.000, Total count    =        75143]
#[Buckets =            2, SubBuckets     =         2048]
