       Value   Percentile   TotalCount 1/(1-Percentile)

     107.000     0.000000            1         1.00
     484.000     0.100000       219321         1.11
    2495.000     0.200000       438266         1.25
   10183.000     0.300000       657477         1.43
   20223.000     0.400000       876683         1.67
   36767.000     0.500000      1095914         2.00
   40863.000     0.550000      1205161         2.22
   44607.000     0.600000      1314729         2.50
   48159.000     0.650000      1425039         2.86
   51327.000     0.700000      1534147         3.33
   54879.000     0.750000      1643668         4.00
   56895.000     0.775000      1698342         4.44
   59167.000     0.800000      1753115         5.00
   62175.000     0.825000      1808030         5.71
   66111.000     0.850000      1863263         6.67
   69439.000     0.875000      1917296         8.00
   71039.000     0.887500      1945155         8.89
   72447.000     0.900000      1972436        10.00
   73855.000     0.912500      1999874        11.43
   75135.000     0.925000      2027174        13.33
   76479.000     0.937500      2054283        16.00
   77311.000     0.943750      2068340        17.78
   78207.000     0.950000      2082083        20.00
   79231.000     0.956250      2095561        22.86
   80575.000     0.962500      2109366        26.67
   82111.000     0.968750      2122875        32.00
   83327.000     0.971875      2129714        35.56
   85183.000     0.975000      2136549        40.00
   86719.000     0.978125      2143272        45.71
   87871.000     0.981250      2150203        53.33
   88895.000     0.984375      2156944        64.00
   89471.000     0.985938      2160763        71.11
   89919.000     0.987500      2163806        80.00
   90559.000     0.989062      2167272        91.43
   91199.000     0.990625      2170646       106.67
   91967.000     0.992188      2174183       128.00
   92479.000     0.992969      2175816       142.22
   93183.000     0.993750      2177550       160.00
   95615.000     0.994531      2179163       182.86
  101183.000     0.995313      2180879       213.33
  107199.000     0.996094      2182589       256.00
  110591.000     0.996484      2183453       284.44
  114047.000     0.996875      2184311       320.00
  117439.000     0.997266      2185169       365.71
  121087.000     0.997656      2186018       426.67
  125055.000     0.998047      2186875       512.00
  127295.000     0.998242      2187301       568.89
  129727.000     0.998437      2187733       640.00
  132479.000     0.998633      2188165       731.43
  135551.000     0.998828      2188584       853.33
  139263.000     0.999023      2189015      1024.00
  141311.000     0.999121      2189227      1137.78
  143359.000     0.999219      2189441      1280.00
  145663.000     0.999316      2189648      1462.86
  148479.000     0.999414      2189867      1706.67
  151423.000     0.999512      2190077      2048.00
  153087.000     0.999561      2190188      2275.56
  155007.000     0.999609      2190298      2560.00
  157055.000     0.999658      2190404      2925.71
  158975.000     0.999707      2190506      3413.33
  161663.000     0.999756      2190615      4096.00
  162943.000     0.999780      2190665      4551.11
  164479.000     0.999805      2190720      5120.00
  166399.000     0.999829      2190771      5851.43
  168703.000     0.999854      2190828      6826.67
  170879.000     0.999878      2190878      8192.00
  172287.000     0.999890      2190906      9102.22
  173695.000     0.999902      2190933     10240.00
  174975.000     0.999915      2190958     11702.86
  176767.000     0.999927      2190986     13653.33
  179071.000     0.999939      2191013     16384.00
  180095.000     0.999945      2191025     18204.44
  181631.000     0.999951      2191039     20480.00
  184447.000     0.999957      2191053     23405.71
  186111.000     0.999963      2191065     27306.67
  189311.000     0.999969      2191079     32768.00
  191743.000     0.999973      2191085     36408.89
  194559.000     0.999976      2191092     40960.00
  197247.000     0.999979      2191099     46811.43
  201343.000     0.999982      2191105     54613.33
  206335.000     0.999985      2191112     65536.00
  208511.000     0.999986      2191115     72817.78
  211327.000     0.999988      2191119     81920.00
  214143.000     0.999989      2191122     93622.86
  216319.000     0.999991      2191125    109226.67
  220159.000     0.999992      2191129    131072.00
  220927.000     0.999993      2191130    145635.56
  222335.000     0.999994      2191132    163840.00
  223743.000     0.999995      2191134    187245.71
  224511.000     0.999995      2191135    218453.33
  230271.000     0.999996      2191137    262144.00
  231807.000     0.999997      2191138    291271.11
  233471.000     0.999997      2191139    327680.00
  236031.000     0.999997      2191140    374491.43
  236031.000     0.999998      2191140    436906.67
  237695.000     0.999998      2191141    524288.00
  238719.000     0.999998      2191142    582542.22
  238719.000     0.999998      2191142    655360.00
  240895.000     0.999999      2191143    748982.86
  240895.000     0.999999      2191143    873813.33
  240895.000     0.999999      2191143   1048576.00
  241535.000     0.999999      2191144   1165084.44
  241535.000     0.999999      2191144   1310720.00
  241535.000     0.999999      2191144   1497965.71
  241535.000     0.999999      2191144   1747626.67
  241535.000     1.000000      2191144   2097152.00
  243839.000     1.000000      2191145   2330168.89
  243839.000     1.000000      2191145          inf
#[Mean    =    34114.632, StdDeviation   =    27608.284]
#[Max     =   243839.000, Total count    =      2191145]
#[Buckets =            8, SubBuckets     =         2048]
