       Value   Percentile   TotalCount 1/(1-Percentile)

    1679.000     0.000000            1         1.00
   53951.000     0.100000        20164         1.11
   54047.000     0.200000        40871         1.25
   54111.000     0.300000        57001         1.43
   54207.000     0.400000        80351         1.67
   54271.000     0.500000        94784         2.00
   54303.000     0.550000       101393         2.22
   54367.000     0.600000       114521         2.50
   54399.000     0.650000       120235         2.86
   54463.000     0.700000       130526         3.33
   54527.000     0.750000       138493         4.00
   54591.000     0.775000       144021         4.44
   54655.000     0.800000       147704         5.00
   54815.000     0.825000       152308         5.71
   54911.000     0.850000       156476         6.67
   55007.000     0.875000       162005         8.00
   55039.000     0.887500       163896         8.89
   55071.000     0.900000       165696        10.00
   55135.000     0.912500       168730        11.43
   55167.000     0.925000       169963        13.33
   55231.000     0.937500       172384        16.00
   55263.000     0.943750       173427        17.78
   55327.000     0.950000       175284        20.00
   55359.000     0.956250       176260        22.86
   55391.000     0.962500       176977        26.67
   55455.000     0.968750       178124        32.00
   55487.000     0.971875       178604        35.56
   55551.000     0.975000       179127        40.00
   55775.000     0.978125       179796        45.71
   55903.000     0.981250       180377        53.33
   55999.000     0.984375       180839        64.00
   56095.000     0.985938       181142        71.11
   56255.000     0.987500       181442        80.00
   56479.000     0.989062       181725        91.43
   56607.000     0.990625       181979       106.67
   56831.000     0.992188       182304       128.00
   56959.000     0.992969       182437       142.22
   57247.000     0.993750       182553       160.00
   59551.000     0.994531       182704       182.86
   60255.000     0.995313       182848       213.33
   60447.000     0.996094       182984       256.00
   60511.000     0.996484       183057       284.44
   60575.000     0.996875       183128       320.00
   60799.000     0.997266       183238       365.71
   60863.000     0.997656       183286       426.67
   60959.000     0.998047       183364       512.00
   61055.000     0.998242       183384       568.89
   61087.000     0.998437       183430       640.00
   61119.000     0.998633       183492       731.43
   61119.000     0.998828       183492       853.33
   61151.000     0.999023       183529      1024.00
   61183.000     0.999121       183560      1137.78
   61183.000     0.999219       183560      1280.00
   61247.000     0.999316       183586      1462.86
   61311.000     0.999414       183603      1706.67
   61343.000     0.999512       183617      2048.00
   61375.000     0.999561       183624      2275.56
   61439.000     0.999609       183641      2560.00
   61439.000     0.999658       183641      2925.71
   61471.000     0.999707       183658      3413.33
   61471.000     0.999756       183658      4096.00
   61567.000     0.999780       183662      4551.11
   61631.000     0.999805       183668      5120.00
   61663.000     0.999829       183672      5851.43
   61727.000     0.999854       183675      6826.67
   61791.000     0.999878       183679      8192.00
   61823.000     0.999890       183682      9102.22
   61855.000     0.999902       183685     10240.00
   61887.000     0.999915       183686     11702.86
   61983.000     0.999927       183689     13653.33
   62047.000     0.999939       183691     16384.00
   62047.000     0.999945       183691     18204.44
   62111.000     0.999951       183693     20480.00
   62143.000     0.999957       183694     23405.71
   62175.000     0.999963       183696     27306.67
   62175.000     0.999969       183696     32768.00
   62175.000     0.999973       183696     36408.89
   62239.000     0.999976       183697     40960.00
   62303.000     0.999979       183698     46811.43
   62303.000     0.999982       183698     54613.33
   62335.000     0.999985       183699     65536.00
   62335.000     0.999986       183699     72817.78
   62335.000     0.999988       183699     81920.00
   62527.000     0.999989       183701     93622.86
   62527.000     1.000000       183701          inf
#[Mean    =    54254.366, StdDeviation   =     2440.550]
#[Max     =    62527.000, Total count    =       183701]
#[Buckets =            6, SubBuckets     =         2048]
