       Value   Percentile   TotalCount 1/(1-Percentile)

      95.000     0.000000            6         1.00
     115.000     0.100000         6699         1.11
     124.000     0.200000        12793         1.25
     134.000     0.300000        19379         1.43
     146.000     0.400000        24862         1.67
     155.000     0.500000        31194         2.00
     161.000     0.550000        34103         2.22
     167.000     0.600000        39484         2.50
     168.000     0.650000        44600         2.86
     168.000     0.700000        44600         3.33
     169.000     0.750000        50528         4.00
     169.000     0.775000        50528         4.44
     169.000     0.800000        50528         5.00
     170.000     0.825000        54890         5.71
     170.000     0.850000        54890         6.67
     170.000     0.875000        54890         8.00
     170.000     0.887500        54890         8.89
     171.000     0.900000        56895        10.00
     171.000     0.912500        56895        11.43
     172.000     0.925000        57761        13.33
     173.000     0.937500        58184        16.00
     174.000     0.943750        58466        17.78
     176.000     0.950000        58984        20.00
     177.000     0.956250        59332        22.86
     178.000     0.962500        59736        26.67
     179.000     0.968750        60124        32.00
     179.000     0.971875        60124        35.56
     180.000     0.975000        60450        40.00
     181.000     0.978125        60700        45.71
     181.000     0.981250        60700        53.33
     183.000     0.984375        60964        64.00
     183.000     0.985938        60964        71.11
     184.000     0.987500        61063        80.00
     186.000     0.989062        61185        91.43
     188.000     0.990625        61303       106.67
     190.000     0.992188        61390       128.00
     191.000     0.992969        61429       142.22
     192.000     0.993750        61461       160.00
     193.000     0.994531        61514       182.86
     194.000     0.995313        61571       213.33
     195.000     0.996094        61626       256.00
     195.000     0.996484        61626       284.44
     196.000     0.996875        61683       320.00
     196.000     0.997266        61683       365.71
     197.000     0.997656        61722       426.67
     197.000     0.998047        61722       512.00
     198.000     0.998242        61736       568.89
     199.000     0.998437        61748       640.00
     200.000     0.998633        61757       731.43
     201.000     0.998828        61763       853.33
     202.000     0.999023        61774      1024.00
     203.000     0.999121        61783      1137.78
     204.000     0.999219        61790      1280.00
     205.000     0.999316        61793      1462.86
     206.000     0.999414        61802      1706.67
     207.000     0.999512        61803      2048.00
     209.000     0.999561        61806      2275.56
     217.000     0.999609        61809      2560.00
     219.000     0.999658        61812      2925.71
     225.000     0.999707        61815      3413.33
     248.000     0.999756        61818      4096.00
     277.000     0.999780        61820      4551.11
     286.000     0.999805        61821      5120.00
     326.000     0.999829        61823      5851.43
     407.000     0.999854        61824      6826.67
     472.000     0.999878        61826      8192.00
     481.000     0.999890        61827      9102.22
     481.000     0.999902        61827     10240.00
     501.000     0.999915        61828     11702.86
     507.000     0.999927        61829     13653.33
     617.000     0.999939        61830     16384.00
     617.000     0.999945        61830     18204.44
     617.000     0.999951        61830     20480.00
    1129.000     0.999957        61831     23405.71
    1129.000     0.999963        61831     27306.67
    1364.000     0.999969        61832     32768.00
    1364.000     0.999973        61832     36408.89
    1364.000     0.999976        61832     40960.00
    1364.000     0.999979        61832     46811.43
    1364.000     0.999982        61832     54613.33
    2493.000     0.999985        61833     65536.00
    2493.000     1.000000        61833          inf
#[Mean    =      149.447, StdDeviation   =       25.873]
#[Max     =     2493.000, Total count    =        61833]
#[Buckets =            2, SubBuckets     =         2048]
