       Value   Percentile   TotalCount 1/(1-Percentile)

      53.000     0.000000            2         1.00
     503.000     0.100000      1158542         1.11
     710.000     0.200000      2313051         1.25
     920.000     0.300000      3464542         1.43
    1155.000     0.400000      4618050         1.67
    1439.000     0.500000      5772623         2.00
    1607.000     0.550000      6346598         2.22
    1801.000     0.600000      6924933         2.50
    2045.000     0.650000      7501526         2.86
    2415.000     0.700000      8078060         3.33
    3007.000     0.750000      8654462         4.00
    3353.000     0.775000      8943643         4.44
    3745.000     0.800000      9231829         5.00
    4219.000     0.825000      9520819         5.71
    4783.000     0.850000      9808402         6.67
    5459.000     0.875000     10097123         8.00
    5851.000     0.887500     10240576         8.89
    6307.000     0.900000     10384788        10.00
    6835.000     0.912500     10529622        11.43
    7495.000     0.925000     10673042        13.33
    8407.000     0.937500     10817824        16.00
    9015.000     0.943750     10889671        17.78
    9775.000     0.950000     10961949        20.00
   10767.000     0.956250     11033883        22.86
   12031.000     0.962500     11105650        26.67
   13751.000     0.968750     11177735        32.00
   14903.000     0.971875     11213888        35.56
   16367.000     0.975000     11249930        40.00
   18399.000     0.978125     11285986        45.71
   21279.000     0.981250     11321985        53.33
   25999.000     0.984375     11357997        64.00
   30527.000     0.985938     11376044        71.11
   36479.000     0.987500     11394075        80.00
   46847.000     0.989062     11412119        91.43
   61727.000     0.990625     11430111       106.67
   75647.000     0.992188     11448134       128.00
   83327.000     0.992969     11457209       142.22
   93439.000     0.993750     11466178       160.00
  106431.000     0.994531     11475222       182.86
  119423.000     0.995313     11484233       213.33
  135423.000     0.996094     11493269       256.00
  143231.000     0.996484     11497721       284.44
  151807.000     0.996875     11502272       320.00
  159743.000     0.997266     11506759       365.71
  168191.000     0.997656     11511347       426.67
  175615.000     0.998047     11515754       512.00
  180607.000     0.998242     11518061       568.89
  184319.000     0.998437     11520282       640.00
  188415.000     0.998633     11522531       731.43
  190719.000     0.998828     11524892       853.33
  192255.000     0.999023     11527186      1024.00
  193023.000     0.999121     11528224      1137.78
  193919.000     0.999219     11529341      1280.00
  194687.000     0.999316     11530404      1462.86
  195711.000     0.999414     11531579      1706.67
  197631.000     0.999512     11532688      2048.00
  198655.000     0.999561     11533271      2275.56
  199551.000     0.999609     11533769      2560.00
  201087.000     0.999658     11534354      2925.71
  203391.000     0.999707     11534909      3413.33
  205951.000     0.999756     11535488      4096.00
  208255.000     0.999780     11535749      4551.11
  211839.000     0.999805     11536032      5120.00
  217087.000     0.999829     11536309      5851.43
  222591.000     0.999854     11536589      6826.67
  233983.000     0.999878     11536868      8192.00
  237183.000     0.999890     11537010      9102.22
  237951.000     0.999902     11537161     10240.00
  239103.000     0.999915     11537301     11702.86
  245247.000     0.999927     11537436     13653.33
  248319.000     0.999939     11537576     16384.00
  248959.000     0.999945     11537647     18204.44
  249343.000     0.999951     11537715     20480.00
  251135.000     0.999957     11537788     23405.71
  253823.000     0.999963     11537855     27306.67
  269567.000     0.999969     11537925     32768.00
  271615.000     0.999973     11537962     36408.89
  319487.000     0.999976     11537996     40960.00
  324351.000     0.999979     11538032     46811.43
  345343.000     0.999982     11538068     54613.33
  346111.000     0.999985     11538111     65536.00
  346367.000     0.999986     11538154     72817.78
  346367.000     0.999988     11538154     81920.00
  346367.000     0.999989     11538154     93622.86
  346623.000     0.999991     11538180    109226.67
  348415.000     0.999992     11538190    131072.00
  349439.000     0.999993     11538197    145635.56
  350463.000     0.999994     11538206    163840.00
  351487.000     0.999995     11538215    187245.71
  367615.000     0.999995     11538225    218453.33
  383487.000     0.999996     11538243    262144.00
  383487.000     0.999997     11538243    291271.11
  383487.000     0.999997     11538243    327680.00
  383743.000     0.999997     11538263    374491.43
  383743.000     0.999998     11538263    436906.67
  383743.000     0.999998     11538263    524288.00
  383743.000     0.999998     11538263    582542.22
  383743.000     0.999998     11538263    655360.00
  383743.000     0.999999     11538263    748982.86
  383743.000     0.999999     11538263    873813.33
  383999.000     0.999999     11538276   1048576.00
  383999.000     1.000000     11538276          inf
#[Mean    =     3886.282, StdDeviation   =    13537.558]
#[Max     =   383999.000, Total count    =     11538276]
#[Buckets =            9, SubBuckets     =         2048]
