       Value   Percentile   TotalCount 1/(1-Percentile)

      74.000     0.000000            1         1.00
     911.000     0.100000       635494         1.11
    1442.000     0.200000      1271510         1.25
    2007.000     0.300000      1906002         1.43
    2659.000     0.400000      2542679         1.67
    3425.000     0.500000      3177617         2.00
    3865.000     0.550000      3495124         2.22
    4351.000     0.600000      3811909         2.50
    4899.000     0.650000      4130985         2.86
    5515.000     0.700000      4447789         3.33
    6223.000     0.750000      4764970         4.00
    6627.000     0.775000      4924557         4.44
    7067.000     0.800000      5082672         5.00
    7559.000     0.825000      5240973         5.71
    8115.000     0.850000      5399864         6.67
    8759.000     0.875000      5560029         8.00
    9119.000     0.887500      5638858         8.89
    9519.000     0.900000      5718791        10.00
    9951.000     0.912500      5797134        11.43
   10447.000     0.925000      5876378        13.33
   11031.000     0.937500      5955644        16.00
   11367.000     0.943750      5996076        17.78
   11727.000     0.950000      6035027        20.00
   12143.000     0.956250      6075053        22.86
   12623.000     0.962500      6114942        26.67
   13183.000     0.968750      6154189        32.00
   13527.000     0.971875      6174355        35.56
   13903.000     0.975000      6194175        40.00
   14327.000     0.978125      6213707        45.71
   14839.000     0.981250      6233634        53.33
   15471.000     0.984375      6253381        64.00
   15863.000     0.985938      6263488        71.11
   16303.000     0.987500      6273238        80.00
   16831.000     0.989062      6283248        91.43
   17487.000     0.990625      6293249       106.67
   18319.000     0.992188      6303012       128.00
   18863.000     0.992969      6308101       142.22
   19487.000     0.993750      6312954       160.00
   20351.000     0.994531      6317923       182.86
   21519.000     0.995313      6322876       213.33
   23647.000     0.996094      6327830       256.00
   25343.000     0.996484      6330310       284.44
   28271.000     0.996875      6332790       320.00
   33279.000     0.997266      6335281       365.71
   40671.000     0.997656      6337752       426.67
   49855.000     0.998047      6340238       512.00
   54943.000     0.998242      6341477       568.89
   60799.000     0.998437      6342715       640.00
   68479.000     0.998633      6343962       731.43
   76223.000     0.998828      6345195       853.33
   85887.000     0.999023      6346441      1024.00
   91711.000     0.999121      6347060      1137.78
   96255.000     0.999219      6347682      1280.00
  102591.000     0.999316      6348297      1462.86
  110847.000     0.999414      6348918      1706.67
  118783.000     0.999512      6349541      2048.00
  122943.000     0.999561      6349852      2275.56
  127551.000     0.999609      6350159      2560.00
  131583.000     0.999658      6350469      2925.71
  135679.000     0.999707      6350779      3413.33
  140031.000     0.999756      6351089      4096.00
  142079.000     0.999780      6351255      4551.11
  143999.000     0.999805      6351399      5120.00
  146047.000     0.999829      6351565      5851.43
  148607.000     0.999854      6351709      6826.67
  151935.000     0.999878      6351868      8192.00
  153983.000     0.999890      6351946      9102.22
  155775.000     0.999902      6352019     10240.00
  157311.000     0.999915      6352097     11702.86
  161663.000     0.999927      6352174     13653.33
  165375.000     0.999939      6352254     16384.00
  166783.000     0.999945      6352295     18204.44
  168319.000     0.999951      6352329     20480.00
  169983.000     0.999957      6352370     23405.71
  172159.000     0.999963      6352411     27306.67
  176255.000     0.999969      6352447     32768.00
  177407.000     0.999973      6352467     36408.89
  178559.000     0.999976      6352484     40960.00
  181759.000     0.999979      6352505     46811.43
  184319.000     0.999982      6352523     54613.33
  187007.000     0.999985      6352546     65536.00
  187519.000     0.999986      6352552     72817.78
  189311.000     0.999988      6352562     81920.00
  194431.000     0.999989      6352573     93622.86
  195199.000     0.999991      6352582    109226.67
  198911.000     0.999992      6352591    131072.00
  199935.000     0.999993      6352597    145635.56
  200191.000     0.999994      6352603    163840.00
  200447.000     0.999995      6352607    187245.71
  200831.000     0.999995      6352610    218453.33
  201599.000     0.999996      6352615    262144.00
  202111.000     0.999997      6352619    291271.11
  202495.000     0.999997      6352620    327680.00
  202623.000     0.999997      6352623    374491.43
  203007.000     0.999998      6352630    436906.67
  203007.000     0.999998      6352630    524288.00
  203007.000     0.999998      6352630    582542.22
  203007.000     0.999998      6352630    655360.00
  203135.000     0.999999      6352631    748982.86
  203391.000     0.999999      6352632    873813.33
  203519.000     0.999999      6352635   1048576.00
  203519.000     0.999999      6352635   1165084.44
  203519.000     0.999999      6352635   1310720.00
  203519.000     0.999999      6352635   1497965.71
  204159.000     0.999999      6352636   1747626.67
  204159.000     1.000000      6352636   2097152.00
  204287.000     1.000000      6352637   2330168.89
  204287.000     1.000000      6352637   2621440.00
  204287.000     1.000000      6352637   2995931.43
  204543.000     1.000000      6352638   3495253.33
  204543.000     1.000000      6352638   4194304.00
  204543.000     1.000000      6352638   4660337.78
  204543.000     1.000000      6352638   5242880.00
  204543.000     1.000000      6352638   5991862.86
  205311.000     1.000000      6352639   6990506.67
  205311.000     1.000000      6352639          inf
#[Mean    =     4640.546, StdDeviation   =     5653.789]
#[Max     =   205311.000, Total count    =      6352639]
#[Buckets =            8, SubBuckets     =         2048]
