       Value   Percentile   TotalCount 1/(1-Percentile)

     531.000     0.000000            1         1.00
   13975.000     0.100000        71130         1.11
   14039.000     0.200000       152102         1.25
   14079.000     0.300000       220903         1.43
   14111.000     0.400000       283446         1.67
   14151.000     0.500000       362800         2.00
   14167.000     0.550000       391862         2.22
   14191.000     0.600000       432811         2.50
   14215.000     0.650000       471160         2.86
   14239.000     0.700000       504579         3.33
   14263.000     0.750000       534561         4.00
   14279.000     0.775000       553051         4.44
   14295.000     0.800000       570706         5.00
   14311.000     0.825000       587696         5.71
   14327.000     0.850000       602293         6.67
   14351.000     0.875000       621735         8.00
   14359.000     0.887500       627657         8.89
   14375.000     0.900000       639248        10.00
   14383.000     0.912500       644598        11.43
   14399.000     0.925000       653909        13.33
   14415.000     0.937500       662303        16.00
   14431.000     0.943750       669993        17.78
   14439.000     0.950000       673365        20.00
   14447.000     0.956250       676596        22.86
   14463.000     0.962500       682104        26.67
   14471.000     0.968750       684538        32.00
   14479.000     0.971875       686548        35.56
   14495.000     0.975000       690217        40.00
   14503.000     0.978125       691757        45.71
   14519.000     0.981250       694429        53.33
   14527.000     0.984375       695539        64.00
   14535.000     0.985938       696476        71.11
   14551.000     0.987500       697939        80.00
   14567.000     0.989062       699025        91.43
   14583.000     0.990625       699831       106.67
   14607.000     0.992188       701034       128.00
   14623.000     0.992969       701723       142.22
   14631.000     0.993750       702037       160.00
   14647.000     0.994531       702600       182.86
   14671.000     0.995313       703138       213.33
   14695.000     0.996094       703744       256.00
   14703.000     0.996484       703887       284.44
   14727.000     0.996875       704146       320.00
   14775.000     0.997266       704433       365.71
   14959.000     0.997656       704694       426.67
   15039.000     0.998047       705001       512.00
   15055.000     0.998242       705109       568.89
   15071.000     0.998437       705263       640.00
   15095.000     0.998633       705394       731.43
   15127.000     0.998828       705530       853.33
   15159.000     0.999023       705676      1024.00
   15175.000     0.999121       705743      1137.78
   15191.000     0.999219       705809      1280.00
   15215.000     0.999316       705884      1462.86
   15263.000     0.999414       705940      1706.67
   20031.000     0.999512       706004      2048.00
   21279.000     0.999561       706042      2275.56
   22479.000     0.999609       706074      2560.00
   23487.000     0.999658       706109      2925.71
   24735.000     0.999707       706144      3413.33
   25695.000     0.999756       706181      4096.00
   27391.000     0.999780       706193      4551.11
   27983.000     0.999805       706213      5120.00
   28063.000     0.999829       706228      5851.43
   28127.000     0.999854       706249      6826.67
   28191.000     0.999878       706266      8192.00
   28207.000     0.999890       706274      9102.22
   28223.000     0.999902       706282     10240.00
   28239.000     0.999915       706289     11702.86
   28255.000     0.999927       706299     13653.33
   28287.000     0.999939       706306     16384.00
   28303.000     0.999945       706310     18204.44
   28335.000     0.999951       706322     20480.00
   28335.000     0.999957       706322     23405.71
   28351.000     0.999963       706326     27306.67
   28367.000     0.999969       706328     32768.00
   28383.000     0.999973       706329     36408.89
   28399.000     0.999976       706335     40960.00
   28399.000     0.999979       706335     46811.43
   28415.000     0.999982       706338     54613.33
   28415.000     0.999985       706338     65536.00
   28479.000     0.999986       706342     72817.78
   28479.000     0.999988       706342     81920.00
   28479.000     0.999989       706342     93622.86
   28479.000     0.999991       706342    109226.67
   28495.000     0.999992       706343    131072.00
   28559.000     0.999993       706345    145635.56
   28559.000     0.999994       706345    163840.00
   28559.000     0.999995       706345    187245.71
   28559.000     0.999995       706345    218453.33
   28591.000     0.999996       706347    262144.00
   28591.000     0.999997       706347    291271.11
   28591.000     0.999997       706347    327680.00
   28591.000     0.999997       706347    374491.43
   28591.000     0.999998       706347    436906.67
   28591.000     0.999998       706347    524288.00
   28591.000     0.999998       706347    582542.22
   28591.000     0.999998       706347    655360.00
   28671.000     0.999999       706348    748982.86
   28671.000     1.000000       706348          inf
#[Mean    =    14157.538, StdDeviation   =      412.327]
#[Max     =    28671.000, Total count    =       706348]
#[Buckets =            5, SubBuckets     =         2048]
