       Value   Percentile   TotalCount 1/(1-Percentile)

      75.000     0.000000            1         1.00
     565.000     0.100000       997510         1.11
    1093.000     0.200000      1992939         1.25
    1848.000     0.300000      2989414         1.43
    2697.000     0.400000      3987017         1.67
    3715.000     0.500000      4982869         2.00
    4283.000     0.550000      5482997         2.22
    4831.000     0.600000      5980299         2.50
    5387.000     0.650000      6480322         2.86
    5971.000     0.700000      6976453         3.33
    6663.000     0.750000      7475847         4.00
    7063.000     0.775000      7722452         4.44
    7511.000     0.800000      7973178         5.00
    7983.000     0.825000      8220922         5.71
    8487.000     0.850000      8473204         6.67
    9015.000     0.875000      8719559         8.00
    9303.000     0.887500      8843949         8.89
    9615.000     0.900000      8969183        10.00
    9959.000     0.912500      9094100        11.43
   10351.000     0.925000      9218129        13.33
   10815.000     0.937500      9342055        16.00
   11095.000     0.943750      9405480        17.78
   11407.000     0.950000      9467748        20.00
   11767.000     0.956250      9529679        22.86
   12191.000     0.962500      9590819        26.67
   12711.000     0.968750      9653087        32.00
   13023.000     0.971875      9684610        35.56
   13367.000     0.975000      9715970        40.00
   13751.000     0.978125      9746992        45.71
   14183.000     0.981250      9777822        53.33
   14687.000     0.984375      9808772        64.00
   14983.000     0.985938      9824560        71.11
   15303.000     0.987500      9839907        80.00
   15671.000     0.989062      9855478        91.43
   16103.000     0.990625      9871103       106.67
   16623.000     0.992188      9886673       128.00
   16943.000     0.992969      9894637       142.22
   17295.000     0.993750      9902271       160.00
   17711.000     0.994531      9910202       182.86
   18207.000     0.995313      9917909       213.33
   18815.000     0.996094      9925538       256.00
   19199.000     0.996484      9929477       284.44
   19647.000     0.996875      9933313       320.00
   20191.000     0.997266      9937258       365.71
   20847.000     0.997656      9941068       426.67
   21711.000     0.998047      9944978       512.00
   22255.000     0.998242      9946956       568.89
   22911.000     0.998437      9948866       640.00
   23711.000     0.998633      9950813       731.43
   24703.000     0.998828      9952750       853.33
   26063.000     0.999023      9954699      1024.00
   26911.000     0.999121      9955682      1137.78
   27839.000     0.999219      9956643      1280.00
   28991.000     0.999316      9957614      1462.86
   30399.000     0.999414      9958587      1706.67
   32207.000     0.999512      9959558      2048.00
   33375.000     0.999561      9960048      2275.56
   34687.000     0.999609      9960535      2560.00
   36287.000     0.999658      9961026      2925.71
   38015.000     0.999707      9961505      3413.33
   39967.000     0.999756      9961996      4096.00
   40895.000     0.999780      9962239      4551.11
   41983.000     0.999805      9962479      5120.00
   43071.000     0.999829      9962725      5851.43
   44383.000     0.999854      9962968      6826.67
   45919.000     0.999878      9963209      8192.00
   46911.000     0.999890      9963330      9102.22
   48127.000     0.999902      9963450     10240.00
   49343.000     0.999915      9963577     11702.86
   50719.000     0.999927      9963695     13653.33
   52383.000     0.999939      9963814     16384.00
   53215.000     0.999945      9963876     18204.44
   54079.000     0.999951      9963936     20480.00
   55039.000     0.999957      9963997     23405.71
   56287.000     0.999963      9964059     27306.67
   57439.000     0.999969      9964118     32768.00
   58239.000     0.999973      9964149     36408.89
   58847.000     0.999976      9964181     40960.00
   59583.000     0.999979      9964210     46811.43
   60415.000     0.999982      9964240     54613.33
   61663.000     0.999985      9964271     65536.00
   62079.000     0.999986      9964286     72817.78
   62623.000     0.999988      9964301     81920.00
   63487.000     0.999989      9964316     93622.86
   64159.000     0.999991      9964331    109226.67
   64831.000     0.999992      9964347    131072.00
   65279.000     0.999993      9964354    145635.56
   65855.000     0.999994      9964362    163840.00
   66303.000     0.999995      9964369    187245.71
   67199.000     0.999995      9964377    218453.33
   67519.000     0.999996      9964384    262144.00
   67967.000     0.999997      9964388    291271.11
   68223.000     0.999997      9964393    327680.00
   68543.000     0.999997      9964396    374491.43
   68863.000     0.999998      9964400    436906.67
   69375.000     0.999998      9964403    524288.00
   69695.000     0.999998      9964405    582542.22
   69887.000     0.999998      9964407    655360.00
   70335.000     0.999999      9964411    748982.86
   70335.000     0.999999      9964411    873813.33
   70655.000     0.999999      9964415   1048576.00
   70655.000     0.999999      9964415   1165084.44
   70655.000     0.999999      9964415   1310720.00
   70911.000     0.999999      9964416   1497965.71
   71231.000     0.999999      9964417   1747626.67
   72767.000     1.000000      9964418   2097152.00
   72767.000     1.000000      9964418   2330168.89
   73343.000     1.000000      9964419   2621440.00
   73343.000     1.000000      9964419   2995931.43
   74175.000     1.000000      9964420   3495253.33
   74175.000     1.000000      9964420   4194304.00
   74175.000     1.000000      9964420   4660337.78
   74751.000     1.000000      9964421   5242880.00
   74751.000     1.000000      9964421   5991862.86
   74751.000     1.000000      9964421   6990506.67
   74751.000     1.000000      9964421   8388608.00
   74751.000     1.000000      9964421   9320675.55
   75583.000     1.000000      9964422  10485760.00
   75583.000     1.000000      9964422          inf
#[Mean    =     4537.509, StdDeviation   =     3806.783]
#[Max     =    75583.000, Total count    =      9964422]
#[Buckets =            7, SubBuckets     =         2048]
