       Value   Percentile   TotalCount 1/(1-Percentile)

      38.000     0.000000            1         1.00
     260.000     0.100000      1160092         1.11
     359.000     0.200000      2320012         1.25
     490.000     0.300000      3477100         1.43
     675.000     0.400000      4636328         1.67
     893.000     0.500000      5791717         2.00
     994.000     0.550000      6374233         2.22
    1099.000     0.600000      6948685         2.50
    1212.000     0.650000      7531477         2.86
    1345.000     0.700000      8108162         3.33
    1572.000     0.750000      8686247         4.00
    1741.000     0.775000      8974799         4.44
    1969.000     0.800000      9264512         5.00
    2255.000     0.825000      9553728         5.71
    2591.000     0.850000      9843023         6.67
    3011.000     0.875000     10133167         8.00
    3279.000     0.887500     10277280         8.89
    3633.000     0.900000     10422088        10.00
    4175.000     0.912500     10567076        11.43
    5295.000     0.925000     10711812        13.33
    6987.000     0.937500     10856377        16.00
    7835.000     0.943750     10928843        17.78
    8807.000     0.950000     11001544        20.00
   10431.000     0.956250     11073535        22.86
   14471.000     0.962500     11145788        26.67
   21071.000     0.968750     11218186        32.00
   25439.000     0.971875     11254359        35.56
   31935.000     0.975000     11290533        40.00
   40127.000     0.978125     11326836        45.71
   51199.000     0.981250     11362925        53.33
   63807.000     0.984375     11399133        64.00
   72447.000     0.985938     11417348        71.11
   80959.000     0.987500     11435374        80.00
   92351.000     0.989062     11453415        91.43
  107903.000     0.990625     11471511       106.67
  124799.000     0.992188     11489596       128.00
  134271.000     0.992969     11498698       142.22
  145663.000     0.993750     11507665       160.00
  157567.000     0.994531     11516710       182.86
  167551.000     0.995313     11525816       213.33
  177023.000     0.996094     11534858       256.00
  182399.000     0.996484     11539363       284.44
  186623.000     0.996875     11543945       320.00
  188927.000     0.997266     11548472       365.71
  191103.000     0.997656     11553067       426.67
  194559.000     0.998047     11557485       512.00
  197375.000     0.998242     11559671       568.89
  200831.000     0.998437     11561948       640.00
  203903.000     0.998633     11564224       731.43
  207615.000     0.998828     11566476       853.33
  212863.000     0.999023     11568740      1024.00
  215551.000     0.999121     11569916      1137.78
  217215.000     0.999219     11570979      1280.00
  219775.000     0.999316     11572126      1462.86
  221695.000     0.999414     11573269      1706.67
  224255.000     0.999512     11574392      2048.00
  227199.000     0.999561     11574942      2275.56
  236287.000     0.999609     11575514      2560.00
  245887.000     0.999658     11576078      2925.71
  265983.000     0.999707     11576633      3413.33
  272639.000     0.999756     11577211      4096.00
  276223.000     0.999780     11577488      4551.11
  297215.000     0.999805     11577803      5120.00
  302847.000     0.999829     11578053      5851.43
  317183.000     0.999854     11578351      6826.67
  325375.000     0.999878     11578629      8192.00
  327167.000     0.999890     11578762      9102.22
  335871.000     0.999902     11578898     10240.00
  340735.000     0.999915     11579043     11702.86
  356607.000     0.999927     11579179     13653.33
  371199.000     0.999939     11579319     16384.00
  390655.000     0.999945     11579394     18204.44
  397567.000     0.999951     11579463     20480.00
  399359.000     0.999957     11579531     23405.71
  405503.000     0.999963     11579605     27306.67
  414975.000     0.999969     11579672     32768.00
  419327.000     0.999973     11579711     36408.89
  420095.000     0.999976     11579751     40960.00
  420863.000     0.999979     11579787     46811.43
  440319.000     0.999982     11579814     54613.33
  442623.000     0.999985     11579852     65536.00
  443135.000     0.999986     11579876     72817.78
  443391.000     0.999988     11579889     81920.00
  443647.000     0.999989     11579903     93622.86
  443903.000     0.999991     11579919    109226.67
  444415.000     0.999992     11579944    131072.00
  444671.000     0.999993     11579954    145635.56
  444927.000     0.999994     11579965    163840.00
  444927.000     0.999995     11579965    187245.71
  445183.000     0.999995     11579975    218453.33
  445439.000     0.999996     11579982    262144.00
  445695.000     0.999997     11579988    291271.11
  445951.000     0.999997     11579994    327680.00
  446207.000     0.999997     11579996    374491.43
  448255.000     0.999998     11580000    436906.67
  448511.000     0.999998     11580004    524288.00
  448767.000     0.999998     11580008    582542.22
  448767.000     0.999998     11580008    655360.00
  449023.000     0.999999     11580011    748982.86
  449279.000     0.999999     11580015    873813.33
  449279.000     0.999999     11580015   1048576.00
  449535.000     0.999999     11580020   1165084.44
  449535.000     0.999999     11580020   1310720.00
  449535.000     0.999999     11580020   1497965.71
  449535.000     0.999999     11580020   1747626.67
  449535.000     1.000000     11580020   2097152.00
  449791.000     1.000000     11580023   2330168.89
  449791.000     1.000000     11580023   2621440.00
  449791.000     1.000000     11580023   2995931.43
  449791.000     1.000000     11580023   3495253.33
  449791.000     1.000000     11580023   4194304.00
  449791.000     1.000000     11580023   4660337.78
  449791.000     1.000000     11580023   5242880.00
  450047.000     1.000000     11580024   5991862.86
  450047.000     1.000000     11580024   6990506.67
  450047.000     1.000000     11580024   8388608.00
  450047.000     1.000000     11580024   9320675.55
  450047.000     1.000000     11580024  10485760.00
  467455.000     1.000000     11580025  11983725.71
  467455.000     1.000000     11580025          inf
#[Mean    =     4097.465, StdDeviation   =    18569.536]
#[Max     =   467455.000, Total count    =     11580025]
#[Buckets =            9, SubBuckets     =         2048]
