       Value   Percentile   TotalCount 1/(1-Percentile)

     102.000     0.000000            1         1.00
     602.000     0.100000       759622         1.11
     876.000     0.200000      1516821         1.25
    1176.000     0.300000      2276811         1.43
    1531.000     0.400000      3033733         1.67
    1963.000     0.500000      3791891         2.00
    2203.000     0.550000      4172497         2.22
    2457.000     0.600000      4549406         2.50
    2743.000     0.650000      4928872         2.86
    3077.000     0.700000      5308528         3.33
    3481.000     0.750000      5687824         4.00
    3725.000     0.775000      5876836         4.44
    4009.000     0.800000      6066062         5.00
    4351.000     0.825000      6256601         5.71
    4763.000     0.850000      6445303         6.67
    5271.000     0.875000      6633896         8.00
    5579.000     0.887500      6729717         8.89
    5927.000     0.900000      6823883        10.00
    6343.000     0.912500      6918232        11.43
    6855.000     0.925000      7013492        13.33
    7503.000     0.937500      7108175        16.00
    7915.000     0.943750      7155106        17.78
    8439.000     0.950000      7202841        20.00
    9095.000     0.956250      7250361        22.86
    9991.000     0.962500      7297253        26.67
   11503.000     0.968750      7344736        32.00
   12671.000     0.971875      7368441        35.56
   14471.000     0.975000      7392058        40.00
   17743.000     0.978125      7415767        45.71
   23487.000     0.981250      7439450        53.33
   33535.000     0.984375      7463097        64.00
   38655.000     0.985938      7474941        71.11
   45023.000     0.987500      7486824        80.00
   54431.000     0.989062      7498666        91.43
   64543.000     0.990625      7510502       106.67
   77183.000     0.992188      7522350       128.00
   83903.000     0.992969      7528282       142.22
   92287.000     0.993750      7534218       160.00
  102399.000     0.994531      7540096       182.86
  113855.000     0.995313      7546022       213.33
  135551.000     0.996094      7551952       256.00
  147711.000     0.996484      7554940       284.44
  161279.000     0.996875      7557872       320.00
  174719.000     0.997266      7560844       365.71
  193535.000     0.997656      7563801       426.67
  213503.000     0.998047      7566760       512.00
  224639.000     0.998242      7568244       568.89
  242047.000     0.998437      7569721       640.00
  265727.000     0.998633      7571198       731.43
  294911.000     0.998828      7572673       853.33
  314879.000     0.999023      7574157      1024.00
  324351.000     0.999121      7574900      1137.78
  334847.000     0.999219      7575636      1280.00
  347647.000     0.999316      7576385      1462.86
  366591.000     0.999414      7577122      1706.67
  401151.000     0.999512      7577864      2048.00
  417279.000     0.999561      7578227      2275.56
  435455.000     0.999609      7578598      2560.00
  456703.000     0.999658      7578965      2925.71
  489471.000     0.999707      7579341      3413.33
  545279.000     0.999756      7579710      4096.00
  561663.000     0.999780      7579892      4551.11
  593407.000     0.999805      7580077      5120.00
  620031.000     0.999829      7580265      5851.43
  669183.000     0.999854      7580448      6826.67
  721919.000     0.999878      7580636      8192.00
  726015.000     0.999890      7580728      9102.22
  741375.000     0.999902      7580819     10240.00
  778751.000     0.999915      7580910     11702.86
  854527.000     0.999927      7581006     13653.33
  937983.000     0.999939      7581094     16384.00
  976895.000     0.999945      7581145     18204.44
  978431.000     0.999951      7581186     20480.00
  984063.000     0.999957      7581243     23405.71
  986623.000     0.999963      7581279     27306.67
  996351.000     0.999969      7581329     32768.00
  997375.000     0.999973      7581363     36408.89
  997887.000     0.999976      7581375     40960.00
  999423.000     0.999979      7581398     46811.43
 1003007.000     0.999982      7581418     54613.33
 1016319.000     0.999985      7581444     65536.00
 1016831.000     0.999986      7581454     72817.78
 1017855.000     0.999988      7581469     81920.00
 1018879.000     0.999989      7581477     93622.86
 1063935.000     0.999991      7581488    109226.67
 1091583.000     0.999992      7581501    131072.00
 1092607.000     0.999993      7581507    145635.56
 1093631.000     0.999994      7581521    163840.00
 1093631.000     0.999995      7581521    187245.71
 1094655.000     0.999995      7581526    218453.33
 1095679.000     0.999996      7581535    262144.00
 1095679.000     0.999997      7581535    291271.11
 1095679.000     0.999997      7581535    327680.00
 1096703.000     0.999997      7581545    374491.43
 1096703.000     0.999998      7581545    436906.67
 1096703.000     0.999998      7581545    524288.00
 1096703.000     0.999998      7581545    582542.22
 1096703.000     0.999998      7581545    655360.00
 1097727.000     0.999999      7581550    748982.86
 1097727.000     0.999999      7581550    873813.33
 1097727.000     0.999999      7581550   1048576.00
 1097727.000     0.999999      7581550   1165084.44
 1220607.000     0.999999      7581551   1310720.00
 1220607.000     0.999999      7581551   1497965.71
 1221631.000     0.999999      7581556   1747626.67
 1221631.000     1.000000      7581556          inf
#[Mean    =     4506.046, StdDeviation   =    20877.483]
#[Max     =  1221631.000, Total count    =      7581556]
#[Buckets =           11, SubBuckets     =         2048]
