       Value   Percentile   TotalCount 1/(1-Percentile)

     603.000     0.000000            1         1.00
   12863.000     0.100000        79349         1.11
   12935.000     0.200000       161566         1.25
   12983.000     0.300000       239819         1.43
   13015.000     0.400000       313305         1.67
   13047.000     0.500000       401755         2.00
   13055.000     0.550000       424878         2.22
   13071.000     0.600000       472391         2.50
   13087.000     0.650000       518903         2.86
   13095.000     0.700000       540186         3.33
   13111.000     0.750000       580519         4.00
   13119.000     0.775000       598845         4.44
   13127.000     0.800000       615524         5.00
   13143.000     0.825000       646777         5.71
   13151.000     0.850000       660829         6.67
   13159.000     0.875000       674358         8.00
   13167.000     0.887500       686552         8.89
   13175.000     0.900000       697080        10.00
   13183.000     0.912500       705995        11.43
   13191.000     0.925000       714369        13.33
   13199.000     0.937500       721847        16.00
   13207.000     0.943750       729672        17.78
   13215.000     0.950000       737063        20.00
   13215.000     0.956250       737063        22.86
   13223.000     0.962500       743473        26.67
   13231.000     0.968750       748687        32.00
   13231.000     0.971875       748687        35.56
   13239.000     0.975000       753173        40.00
   13239.000     0.978125       753173        45.71
   13247.000     0.981250       756679        53.33
   13247.000     0.984375       756679        64.00
   13255.000     0.985938       759554        71.11
   13255.000     0.987500       759554        80.00
   13263.000     0.989062       761410        91.43
   13263.000     0.990625       761410       106.67
   13271.000     0.992188       763005       128.00
   13271.000     0.992969       763005       142.22
   13279.000     0.993750       764358       160.00
   13279.000     0.994531       764358       182.86
   13287.000     0.995313       765514       213.33
   13287.000     0.996094       765514       256.00
   13287.000     0.996484       765514       284.44
   13295.000     0.996875       766328       320.00
   13295.000     0.997266       766328       365.71
   13303.000     0.997656       766905       426.67
   13303.000     0.998047       766905       512.00
   13303.000     0.998242       766905       568.89
   13311.000     0.998437       767247       640.00
   13311.000     0.998633       767247       731.43
   13319.000     0.998828       767506       853.33
   13319.000     0.999023       767506      1024.00
   13327.000     0.999121       767669      1137.78
   13327.000     0.999219       767669      1280.00
   13327.000     0.999316       767669      1462.86
   13335.000     0.999414       767765      1706.67
   13343.000     0.999512       767842      2048.00
   13351.000     0.999561       767883      2275.56
   13351.000     0.999609       767883      2560.00
   13359.000     0.999658       767924      2925.71
   13375.000     0.999707       767964      3413.33
   23551.000     0.999756       767998      4096.00
   23919.000     0.999780       768015      4551.11
   24095.000     0.999805       768034      5120.00
   24495.000     0.999829       768052      5851.43
   25727.000     0.999854       768072      6826.67
   25887.000     0.999878       768093      8192.00
   25919.000     0.999890       768101      9102.22
   25983.000     0.999902       768111     10240.00
   26047.000     0.999915       768121     11702.86
   26079.000     0.999927       768137     13653.33
   26079.000     0.999939       768137     16384.00
   26095.000     0.999945       768142     18204.44
   26127.000     0.999951       768153     20480.00
   26127.000     0.999957       768153     23405.71
   26143.000     0.999963       768157     27306.67
   26159.000     0.999969       768160     32768.00
   26175.000     0.999973       768162     36408.89
   26191.000     0.999976       768167     40960.00
   26191.000     0.999979       768167     46811.43
   26207.000     0.999982       768171     54613.33
   26223.000     0.999985       768173     65536.00
   26223.000     0.999986       768173     72817.78
   26239.000     0.999988       768175     81920.00
   26239.000     0.999989       768175     93622.86
   26255.000     0.999991       768176    109226.67
   26271.000     0.999992       768179    131072.00
   26271.000     0.999993       768179    145635.56
   26271.000     0.999994       768179    163840.00
   26271.000     0.999995       768179    187245.71
   26319.000     0.999995       768181    218453.33
   26319.000     0.999996       768181    262144.00
   26319.000     0.999997       768181    291271.11
   26319.000     0.999997       768181    327680.00
   26319.000     0.999997       768181    374491.43
   26335.000     0.999998       768182    436906.67
   26335.000     0.999998       768182    524288.00
   26335.000     0.999998       768182    582542.22
   26335.000     0.999998       768182    655360.00
   26335.000     0.999999       768182    748982.86
   26383.000     0.999999       768183    873813.33
   26383.000     1.000000       768183          inf
#[Mean    =    13018.580, StdDeviation   =      333.106]
#[Max     =    26383.000, Total count    =       768183]
#[Buckets =            5, SubBuckets     =         2048]
