       Value   Percentile   TotalCount 1/(1-Percentile)

      57.000     0.000000            1         1.00
     823.000     0.100000       720951         1.11
    1626.000     0.200000      1441054         1.25
    2649.000     0.300000      2162028         1.43
    3805.000     0.400000      2882522         1.67
    5015.000     0.500000      3603274         2.00
    5623.000     0.550000      3963485         2.22
    6231.000     0.600000      4323507         2.50
    6847.000     0.650000      4683778         2.86
    7487.000     0.700000      5045023         3.33
    8159.000     0.750000      5405186         4.00
    8519.000     0.775000      5587144         4.44
    8887.000     0.800000      5764334         5.00
    9295.000     0.825000      5946706         5.71
    9735.000     0.850000      6125668         6.67
   10231.000     0.875000      6305193         8.00
   10511.000     0.887500      6396485         8.89
   10807.000     0.900000      6485338        10.00
   11143.000     0.912500      6575780        11.43
   11527.000     0.925000      6666626        13.33
   11967.000     0.937500      6755567        16.00
   12223.000     0.943750      6800493        17.78
   12511.000     0.950000      6845710        20.00
   12831.000     0.956250      6890171        22.86
   13199.000     0.962500      6935075        26.67
   13639.000     0.968750      6980120        32.00
   13895.000     0.971875      7003120        35.56
   14175.000     0.975000      7025454        40.00
   14495.000     0.978125      7047797        45.71
   14863.000     0.981250      7070250        53.33
   15303.000     0.984375      7092977        64.00
   15551.000     0.985938      7104055        71.11
   15839.000     0.987500      7115326        80.00
   16159.000     0.989062      7126529        91.43
   16543.000     0.990625      7137930       106.67
   17007.000     0.992188      7149253       128.00
   17263.000     0.992969      7154545       142.22
   17583.000     0.993750      7160179       160.00
   17967.000     0.994531      7165909       182.86
   18447.000     0.995313      7171567       213.33
   19023.000     0.996094      7177099       256.00
   19407.000     0.996484      7179958       284.44
   19855.000     0.996875      7182749       320.00
   20431.000     0.997266      7185519       365.71
   21263.000     0.997656      7188330       426.67
   22575.000     0.998047      7191128       512.00
   23695.000     0.998242      7192533       568.89
   25903.000     0.998437      7193945       640.00
   31919.000     0.998633      7195349       731.43
   45663.000     0.998828      7196755       853.33
   64255.000     0.999023      7198162      1024.00
   74879.000     0.999121      7198872      1137.78
   83007.000     0.999219      7199572      1280.00
   90111.000     0.999316      7200274      1462.86
  100095.000     0.999414      7200987      1706.67
  109375.000     0.999512      7201681      2048.00
  115135.000     0.999561      7202032      2275.56
  121087.000     0.999609      7202388      2560.00
  127615.000     0.999658      7202738      2925.71
  134143.000     0.999707      7203092      3413.33
  141439.000     0.999756      7203444      4096.00
  145279.000     0.999780      7203622      4551.11
  148351.000     0.999805      7203791      5120.00
  151551.000     0.999829      7203975      5851.43
  154239.000     0.999854      7204149      6826.67
  157183.000     0.999878      7204321      8192.00
  158975.000     0.999890      7204413      9102.22
  161023.000     0.999902      7204500     10240.00
  162815.000     0.999915      7204584     11702.86
  165119.000     0.999927      7204673     13653.33
  167295.000     0.999939      7204759     16384.00
  168447.000     0.999945      7204807     18204.44
  169471.000     0.999951      7204848     20480.00
  170367.000     0.999957      7204891     23405.71
  171903.000     0.999963      7204939     27306.67
  173183.000     0.999969      7204982     32768.00
  173951.000     0.999973      7205005     36408.89
  174719.000     0.999976      7205027     40960.00
  175999.000     0.999979      7205045     46811.43
  177407.000     0.999982      7205068     54613.33
  179071.000     0.999985      7205089     65536.00
  179967.000     0.999986      7205100     72817.78
  180607.000     0.999988      7205111     81920.00
  182271.000     0.999989      7205124     93622.86
  184191.000     0.999991      7205133    109226.67
  186495.000     0.999992      7205144    131072.00
  187775.000     0.999993      7205150    145635.56
  189183.000     0.999994      7205155    163840.00
  189823.000     0.999995      7205160    187245.71
  191615.000     0.999995      7205166    218453.33
  193407.000     0.999996      7205171    262144.00
  193919.000     0.999997      7205174    291271.11
  194559.000     0.999997      7205177    327680.00
  194943.000     0.999997      7205180    374491.43
  195711.000     0.999998      7205182    436906.67
  196607.000     0.999998      7205185    524288.00
  196991.000     0.999998      7205186    582542.22
  197119.000     0.999998      7205188    655360.00
  197247.000     0.999999      7205189    748982.86
  197759.000     0.999999      7205190    873813.33
  198143.000     0.999999      7205192   1048576.00
  198143.000     0.999999      7205192   1165084.44
  200447.000     0.999999      7205193   1310720.00
  202111.000     0.999999      7205194   1497965.71
  202111.000     0.999999      7205194   1747626.67
  203007.000     1.000000      7205195   2097152.00
  203007.000     1.000000      7205195   2330168.89
  203519.000     1.000000      7205196   2621440.00
  203519.000     1.000000      7205196   2995931.43
  203519.000     1.000000      7205196   3495253.33
  204415.000     1.000000      7205197   4194304.00
  204415.000     1.000000      7205197   4660337.78
  204415.000     1.000000      7205197   5242880.00
  204415.000     1.000000      7205197   5991862.86
  204415.000     1.000000      7205197   6990506.67
  205695.000     1.000000      7205198   8388608.00
  205695.000     1.000000      7205198          inf
#[Mean    =     5612.772, StdDeviation   =     5340.538]
#[Max     =   205695.000, Total count    =      7205198]
#[Buckets =            8, SubBuckets     =         2048]
