       Value   Percentile   TotalCount 1/(1-Percentile)

      89.000     0.000000            1         1.00
     120.000     0.100000       141597         1.11
     125.000     0.200000       275766         1.25
     129.000     0.300000       405192         1.43
     133.000     0.400000       544618         1.67
     137.000     0.500000       681556         2.00
     139.000     0.550000       746395         2.22
     141.000     0.600000       806896         2.50
     143.000     0.650000       862390         2.86
     146.000     0.700000       936146         3.33
     149.000     0.750000       998092         4.00
     151.000     0.775000      1033246         4.44
     153.000     0.800000      1063839         5.00
     156.000     0.825000      1102903         5.71
     158.000     0.850000      1124623         6.67
     162.000     0.875000      1160302         8.00
     164.000     0.887500      1174767         8.89
     167.000     0.900000      1193092        10.00
     170.000     0.912500      1208594        11.43
     174.000     0.925000      1225578        13.33
     179.000     0.937500      1242928        16.00
     181.000     0.943750      1249058        17.78
     184.000     0.950000      1257591        20.00
     187.000     0.956250      1265654        22.86
     191.000     0.962500      1275545        26.67
     194.000     0.968750      1282206        32.00
     196.000     0.971875      1286322        35.56
     198.000     0.975000      1290093        40.00
     201.000     0.978125      1295196        45.71
     203.000     0.981250      1298225        53.33
     207.000     0.984375      1303315        64.00
     208.000     0.985938      1304438        71.11
     210.000     0.987500      1306423        80.00
     213.000     0.989062      1308986        91.43
     216.000     0.990625      1311053       106.67
     219.000     0.992188      1312695       128.00
     221.000     0.992969      1313608       142.22
     224.000     0.993750      1314818       160.00
     227.000     0.994531      1315821       182.86
     231.000     0.995313      1316909       213.33
     235.000     0.996094      1317885       256.00
     237.000     0.996484      1318308       284.44
     240.000     0.996875      1318897       320.00
     243.000     0.997266      1319436       365.71
     246.000     0.997656      1319879       426.67
     249.000     0.998047      1320337       512.00
     251.000     0.998242      1320596       568.89
     253.000     0.998437      1320864       640.00
     256.000     0.998633      1321180       731.43
     258.000     0.998828      1321367       853.33
     261.000     0.999023      1321623      1024.00
     263.000     0.999121      1321779      1137.78
     265.000     0.999219      1321902      1280.00
     267.000     0.999316      1322005      1462.86
     270.000     0.999414      1322150      1706.67
     273.000     0.999512      1322281      2048.00
     275.000     0.999561      1322342      2275.56
     277.000     0.999609      1322399      2560.00
     280.000     0.999658      1322466      2925.71
     283.000     0.999707      1322518      3413.33
     288.000     0.999756      1322576      4096.00
     292.000     0.999780      1322608      4551.11
     300.000     0.999805      1322639      5120.00
     314.000     0.999829      1322670      5851.43
     436.000     0.999854      1322703      6826.67
     839.000     0.999878      1322735      8192.00
    1394.000     0.999890      1322751      9102.22
    2367.000     0.999902      1322767     10240.00
    3105.000     0.999915      1322783     11702.86
    6507.000     0.999927      1322800     13653.33
   17087.000     0.999939      1322816     16384.00
   20895.000     0.999945      1322824     18204.44
   21919.000     0.999951      1322832     20480.00
   23343.000     0.999957      1322840     23405.71
   30351.000     0.999963      1322848     27306.67
   32991.000     0.999969      1322856     32768.00
   34911.000     0.999973      1322860     36408.89
   37535.000     0.999976      1322864     40960.00
   39711.000     0.999979      1322868     46811.43
   41247.000     0.999982      1322872     54613.33
   42655.000     0.999985      1322877     65536.00
   43967.000     0.999986      1322878     72817.78
   45823.000     0.999988      1322880     81920.00
   47775.000     0.999989      1322882     93622.86
   48095.000     0.999991      1322884    109226.67
   50431.000     0.999992      1322886    131072.00
   50655.000     0.999993      1322887    145635.56
   50751.000     0.999994      1322888    163840.00
   51103.000     0.999995      1322889    187245.71
   53279.000     0.999995      1322891    218453.33
   53279.000     0.999996      1322891    262144.00
   53471.000     0.999997      1322892    291271.11
   53471.000     0.999997      1322892    327680.00
   53919.000     0.999997      1322893    374491.43
   53919.000     0.999998      1322893    436906.67
   55135.000     0.999998      1322894    524288.00
   55135.000     0.999998      1322894    582542.22
   55135.000     0.999998      1322894    655360.00
   55615.000     0.999999      1322895    748982.86
   55615.000     0.999999      1322895    873813.33
   55615.000     0.999999      1322895   1048576.00
   55615.000     0.999999      1322895   1165084.44
   55615.000     0.999999      1322895   1310720.00
   59807.000     0.999999      1322896   1497965.71
   59807.000     1.000000      1322896          inf
#[Mean    =      143.502, StdDeviation   =      287.191]
#[Max     =    59807.000, Total count    =      1322896]
#[Buckets =            6, SubBuckets     =         2048]
