       Value   Percentile   TotalCount 1/(1-Percentile)

      97.000     0.000000            2         1.00
     448.000     0.100000       879043         1.11
     602.000     0.200000      1751116         1.25
     759.000     0.300000      2629591         1.43
     945.000     0.400000      3499997         1.67
    1192.000     0.500000      4375440         2.00
    1345.000     0.550000      4812391         2.22
    1516.000     0.600000      5250828         2.50
    1705.000     0.650000      5688978         2.86
    1924.000     0.700000      6125996         3.33
    2203.000     0.750000      6564273         4.00
    2377.000     0.775000      6782751         4.44
    2587.000     0.800000      7000620         5.00
    2853.000     0.825000      7219505         5.71
    3207.000     0.850000      7438167         6.67
    3695.000     0.875000      7656195         8.00
    4011.000     0.887500      7765386         8.89
    4391.000     0.900000      7874609        10.00
    4863.000     0.912500      7984722        11.43
    5467.000     0.925000      8093557        13.33
    6267.000     0.937500      8203054        16.00
    6779.000     0.943750      8257537        17.78
    7411.000     0.950000      8312218        20.00
    8207.000     0.956250      8367100        22.86
    9247.000     0.962500      8421532        26.67
   10799.000     0.968750      8476315        32.00
   11863.000     0.971875      8503538        35.56
   13271.000     0.975000      8530838        40.00
   15255.000     0.978125      8558146        45.71
   18367.000     0.981250      8585507        53.33
   23583.000     0.984375      8612857        64.00
   27567.000     0.985938      8626491        71.11
   33247.000     0.987500      8640169        80.00
   40319.000     0.989062      8653855        91.43
   49247.000     0.990625      8667507       106.67
   63903.000     0.992188      8681167       128.00
   71487.000     0.992969      8688034       142.22
   81087.000     0.993750      8694846       160.00
   93439.000     0.994531      8701688       182.86
  107583.000     0.995313      8708509       213.33
  122367.000     0.996094      8715340       256.00
  131455.000     0.996484      8718779       284.44
  143999.000     0.996875      8722194       320.00
  155391.000     0.997266      8725602       365.71
  171519.000     0.997656      8729018       426.67
  194815.000     0.998047      8732430       512.00
  210559.000     0.998242      8734138       568.89
  222847.000     0.998437      8735851       640.00
  239615.000     0.998633      8737553       731.43
  269055.000     0.998828      8739261       853.33
  295423.000     0.999023      8740966      1024.00
  305407.000     0.999121      8741833      1137.78
  319743.000     0.999219      8742698      1280.00
  332031.000     0.999316      8743546      1462.86
  356351.000     0.999414      8744384      1706.67
  390143.000     0.999512      8745239      2048.00
  406271.000     0.999561      8745689      2275.56
  427263.000     0.999609      8746093      2560.00
  439807.000     0.999658      8746520      2925.71
  455423.000     0.999707      8746959      3413.33
  539135.000     0.999756      8747376      4096.00
  588287.000     0.999780      8747605      4551.11
  614911.000     0.999805      8747803      5120.00
  658431.000     0.999829      8748014      5851.43
  687103.000     0.999854      8748229      6826.67
  722431.000     0.999878      8748446      8192.00
  749567.000     0.999890      8748549      9102.22
  764927.000     0.999902      8748655     10240.00
  853503.000     0.999915      8748762     11702.86
  864767.000     0.999927      8748871     13653.33
  930303.000     0.999939      8748978     16384.00
  947199.000     0.999945      8749030     18204.44
 1008639.000     0.999951      8749086     20480.00
 1071103.000     0.999957      8749139     23405.71
 1112063.000     0.999963      8749189     27306.67
 1142783.000     0.999969      8749243     32768.00
 1163263.000     0.999973      8749273     36408.89
 1229823.000     0.999976      8749299     40960.00
 1239039.000     0.999979      8749324     46811.43
 1402879.000     0.999982      8749352     54613.33
 1436671.000     0.999985      8749378     65536.00
 1554431.000     0.999986      8749389     72817.78
 2138111.000     0.999988      8749420     81920.00
 2138111.000     0.999989      8749420     93622.86
 2140159.000     0.999991      8749448    109226.67
 2140159.000     0.999992      8749448    131072.00
 2142207.000     0.999993      8749449    145635.56
 2162687.000     0.999994      8749461    163840.00
 2164735.000     0.999995      8749471    187245.71
 2164735.000     0.999995      8749471    218453.33
 2166783.000     0.999996      8749476    262144.00
 2170879.000     0.999997      8749500    291271.11
 2170879.000     0.999997      8749500    327680.00
 2170879.000     0.999997      8749500    374491.43
 2170879.000     0.999998      8749500    436906.67
 2170879.000     0.999998      8749500    524288.00
 2170879.000     0.999998      8749500    582542.22
 2170879.000     0.999998      8749500    655360.00
 2170879.000     0.999999      8749500    748982.86
 2170879.000     0.999999      8749500    873813.33
 2172927.000     0.999999      8749508   1048576.00
 2172927.000     0.999999      8749508   1165084.44
 2172927.000     0.999999      8749508   1310720.00
 2172927.000     0.999999      8749508   1497965.71
 2172927.000     0.999999      8749508   1747626.67
 2172927.000     1.000000      8749508   2097152.00
 2172927.000     1.000000      8749508   2330168.89
 2172927.000     1.000000      8749508   2621440.00
 2172927.000     1.000000      8749508   2995931.43
 2172927.000     1.000000      8749508   3495253.33
 2172927.000     1.000000      8749508   4194304.00
 2172927.000     1.000000      8749508   4660337.78
 2172927.000     1.000000      8749508   5242880.00
 2172927.000     1.000000      8749508   5991862.86
 2172927.000     1.000000      8749508   6990506.67
 2172927.000     1.000000      8749508   8388608.00
 2174975.000     1.000000      8749509   9320675.55
 2174975.000     1.000000      8749509          inf
#[Mean    =     3541.259, StdDeviation   =    21413.992]
#[Max     =  2174975.000, Total count    =      8749509]
#[Buckets =           12, SubBuckets     =         2048]
