       Value   Percentile   TotalCount 1/(1-Percentile)

      67.000     0.000000            1         1.00
      82.000     0.100000        43601         1.11
      82.000     0.200000        43601         1.25
     101.000     0.300000        57012         1.43
     143.000     0.400000        76732         1.67
     153.000     0.500000       102634         2.00
     154.000     0.550000       109561         2.22
     158.000     0.600000       115109         2.50
     172.000     0.650000       123514         2.86
     189.000     0.700000       132965         3.33
     202.000     0.750000       143510         4.00
     205.000     0.775000       148507         4.44
     207.000     0.800000       153763         5.00
     208.000     0.825000       158681         5.71
     209.000     0.850000       165107         6.67
     210.000     0.875000       172960         8.00
     210.000     0.887500       172960         8.89
     210.000     0.900000       172960        10.00
     211.000     0.912500       177218        11.43
     211.000     0.925000       177218        13.33
     212.000     0.937500       179291        16.00
     212.000     0.943750       179291        17.78
     213.000     0.950000       180929        20.00
     214.000     0.956250       181974        22.86
     216.000     0.962500       183358        26.67
     217.000     0.968750       183958        32.00
     218.000     0.971875       184526        35.56
     220.000     0.975000       185536        40.00
     221.000     0.978125       186017        45.71
     222.000     0.981250       186465        53.33
     224.000     0.984375       187201        64.00
     224.000     0.985938       187201        71.11
     225.000     0.987500       187510        80.00
     226.000     0.989062       187800        91.43
     227.000     0.990625       188103       106.67
     228.000     0.992188       188397       128.00
     229.000     0.992969       188641       142.22
     230.000     0.993750       188813       160.00
     231.000     0.994531       188971       182.86
     231.000     0.995313       188971       213.33
     233.000     0.996094       189201       256.00
     233.000     0.996484       189201       284.44
     234.000     0.996875       189313       320.00
     235.000     0.997266       189392       365.71
     236.000     0.997656       189458       426.67
     237.000     0.998047       189510       512.00
     238.000     0.998242       189541       568.89
     239.000     0.998437       189575       640.00
     240.000     0.998633       189606       731.43
     242.000     0.998828       189648       853.33
     244.000     0.999023       189688      1024.00
     244.000     0.999121       189688      1137.78
     246.000     0.999219       189721      1280.00
     247.000     0.999316       189730      1462.86
     249.000     0.999414       189743      1706.67
     254.000     0.999512       189765      2048.00
     257.000     0.999561       189770      2275.56
     261.000     0.999609       189779      2560.00
     277.000     0.999658       189789      2925.71
     298.000     0.999707       189798      3413.33
     321.000     0.999756       189807      4096.00
     340.000     0.999780       189813      4551.11
     365.000     0.999805       189816      5120.00
     463.000     0.999829       189821      5851.43
    1056.000     0.999854       189826      6826.67
    2233.000     0.999878       189830      8192.00
    2519.000     0.999890       189834      9102.22
    2625.000     0.999902       189835     10240.00
    3143.000     0.999915       189837     11702.86
    3551.000     0.999927       189840     13653.33
    3767.000     0.999939       189842     16384.00
    3889.000     0.999945       189843     18204.44
    4275.000     0.999951       189844     20480.00
    4599.000     0.999957       189845     23405.71
    7039.000     0.999963       189847     27306.67
    8983.000     0.999969       189848     32768.00
    8983.000     0.999973       189848     36408.89
   17471.000     0.999976       189849     40960.00
   17471.000     0.999979       189849     46811.43
   17599.000     0.999982       189850     54613.33
   18047.000     0.999985       189851     65536.00
   18047.000     0.999986       189851     72817.78
   18047.000     0.999988       189851     81920.00
   18047.000     0.999989       189851     93622.86
   18111.000     0.999991       189852    109226.67
   18111.000     0.999992       189852    131072.00
   18111.000     0.999993       189852    145635.56
   18111.000     0.999994       189852    163840.00
   18111.000     0.999995       189852    187245.71
   20063.000     0.999995       189853    218453.33
   20063.000     1.000000       189853          inf
#[Mean    =      149.514, StdDeviation   =      113.181]
#[Max     =    20063.000, Total count    =       189853]
#[Buckets =            5, SubBuckets     =         2048]
