       Value   Percentile   TotalCount 1/(1-Percentile)

    2851.000     0.000000            1         1.00
    8083.000     0.100000       116232         1.11
    8255.000     0.200000       233952         1.25
    8383.000     0.300000       351575         1.43
    8495.000     0.400000       466586         1.67
    8607.000     0.500000       584847         2.00
    8655.000     0.550000       637163         2.22
    8711.000     0.600000       699754         2.50
    8759.000     0.650000       750829         2.86
    8815.000     0.700000       807282         3.33
    8879.000     0.750000       867747         4.00
    8911.000     0.775000       895204         4.44
    8951.000     0.800000       926199         5.00
    8991.000     0.825000       954259         5.71
    9039.000     0.850000       982220         6.67
    9103.000     0.875000      1010329         8.00
    9151.000     0.887500      1024709         8.89
    9223.000     0.900000      1037605        10.00
    9671.000     0.912500      1052000        11.43
    9783.000     0.925000      1066998        13.33
    9847.000     0.937500      1080926        16.00
    9879.000     0.943750      1089368        17.78
    9903.000     0.950000      1096383        20.00
    9927.000     0.956250      1103168        22.86
    9951.000     0.962500      1109965        26.67
    9983.000     0.968750      1117563        32.00
    9999.000     0.971875      1121230        35.56
   10015.000     0.975000      1124467        40.00
   10039.000     0.978125      1129029        45.71
   10055.000     0.981250      1131805        53.33
   10079.000     0.984375      1135634        64.00
   10087.000     0.985938      1136729        71.11
   10103.000     0.987500      1138852        80.00
   10119.000     0.989062      1140894        91.43
   10135.000     0.990625      1142559       106.67
   10151.000     0.992188      1143940       128.00
   10167.000     0.992969      1145201       142.22
   10175.000     0.993750      1145816       160.00
   10191.000     0.994531      1146685       182.86
   10215.000     0.995313      1147725       213.33
   10231.000     0.996094      1148369       256.00
   10247.000     0.996484      1148963       284.44
   10263.000     0.996875      1149474       320.00
   10279.000     0.997266      1149837       365.71
   10303.000     0.997656      1150267       426.67
   10327.000     0.998047      1150605       512.00
   10343.000     0.998242      1150856       568.89
   10367.000     0.998437      1151106       640.00
   10391.000     0.998633      1151285       731.43
   10439.000     0.998828      1151526       853.33
   10503.000     0.999023      1151736      1024.00
   10527.000     0.999121      1151864      1137.78
   10559.000     0.999219      1151960      1280.00
   10679.000     0.999316      1152066      1462.86
   10799.000     0.999414      1152177      1706.67
   11087.000     0.999512      1152287      2048.00
   11119.000     0.999561      1152344      2275.56
   11279.000     0.999609      1152405      2560.00
   11551.000     0.999658      1152456      2925.71
   12007.000     0.999707      1152513      3413.33
   12439.000     0.999756      1152568      4096.00
   12639.000     0.999780      1152600      4551.11
   12743.000     0.999805      1152628      5120.00
   12935.000     0.999829      1152655      5851.43
   13111.000     0.999854      1152682      6826.67
   13335.000     0.999878      1152712      8192.00
   13447.000     0.999890      1152724      9102.22
   13519.000     0.999902      1152740     10240.00
   13615.000     0.999915      1152753     11702.86
   13711.000     0.999927      1152766     13653.33
   13823.000     0.999939      1152780     16384.00
   13879.000     0.999945      1152786     18204.44
   13911.000     0.999951      1152793     20480.00
   13943.000     0.999957      1152804     23405.71
   13951.000     0.999963      1152809     27306.67
   13959.000     0.999969      1152814     32768.00
   14031.000     0.999973      1152819     36408.89
   14039.000     0.999976      1152822     40960.00
   14047.000     0.999979      1152826     46811.43
   14063.000     0.999982      1152828     54613.33
   14207.000     0.999985      1152832     65536.00
   14215.000     0.999986      1152836     72817.78
   14215.000     0.999988      1152836     81920.00
   14223.000     0.999989      1152840     93622.86
   14223.000     0.999991      1152840    109226.67
   14399.000     0.999992      1152841    131072.00
   14407.000     0.999993      1152844    145635.56
   14407.000     0.999994      1152844    163840.00
   14407.000     0.999995      1152844    187245.71
   14407.000     0.999995      1152844    218453.33
   14415.000     0.999996      1152847    262144.00
   14415.000     0.999997      1152847    291271.11
   14415.000     0.999997      1152847    327680.00
   14415.000     0.999997      1152847    374491.43
   14415.000     0.999998      1152847    436906.67
   14415.000     0.999998      1152847    524288.00
   14423.000     0.999998      1152849    582542.22
   14423.000     1.000000      1152849          inf
#[Mean    =     8661.208, StdDeviation   =      529.739]
#[Max     =    14423.000, Total count    =      1152849]
#[Buckets =            4, SubBuckets     =         2048]
