       Value   Percentile   TotalCount 1/(1-Percentile)

      48.000     0.000000            2         1.00
      63.000     0.100000        56793         1.11
      63.000     0.200000        56793         1.25
      82.000     0.300000        87627         1.43
      86.000     0.400000       113690         1.67
     104.000     0.500000       150877         2.00
     105.000     0.550000       171200         2.22
     105.000     0.600000       171200         2.50
     111.000     0.650000       184522         2.86
     125.000     0.700000       199501         3.33
     129.000     0.750000       230353         4.00
     129.000     0.775000       230353         4.44
     129.000     0.800000       230353         5.00
     130.000     0.825000       250954         5.71
     130.000     0.850000       250954         6.67
     130.000     0.875000       250954         8.00
     131.000     0.887500       258879         8.89
     131.000     0.900000       258879        10.00
     131.000     0.912500       258879        11.43
     132.000     0.925000       263607        13.33
     133.000     0.937500       266292        16.00
     134.000     0.943750       268428        17.78
     135.000     0.950000       270228        20.00
     136.000     0.956250       272166        22.86
     137.000     0.962500       274142        26.67
     138.000     0.968750       275443        32.00
     138.000     0.971875       275443        35.56
     139.000     0.975000       276367        40.00
     140.000     0.978125       277287        45.71
     141.000     0.981250       278039        53.33
     142.000     0.984375       278661        64.00
     143.000     0.985938       279281        71.11
     144.000     0.987500       279682        80.00
     145.000     0.989062       279987        91.43
     147.000     0.990625       280355       106.67
     151.000     0.992188       280822       128.00
     154.000     0.992969       281031       142.22
     157.000     0.993750       281284       160.00
     161.000     0.994531       281459       182.86
     167.000     0.995313       281707       213.33
     171.000     0.996094       281952       256.00
     172.000     0.996484       282071       284.44
     173.000     0.996875       282189       320.00
     174.000     0.997266       282277       365.71
     175.000     0.997656       282351       426.67
     180.000     0.998047       282464       512.00
     183.000     0.998242       282525       568.89
     187.000     0.998437       282563       640.00
     198.000     0.998633       282620       731.43
     204.000     0.998828       282685       853.33
     208.000     0.999023       282730      1024.00
     212.000     0.999121       282762      1137.78
     216.000     0.999219       282789      1280.00
     222.000     0.999316       282812      1462.86
     229.000     0.999414       282843      1706.67
     231.000     0.999512       282886      2048.00
     231.000     0.999561       282886      2275.56
     232.000     0.999609       282902      2560.00
     233.000     0.999658       282909      2925.71
     237.000     0.999707       282931      3413.33
     238.000     0.999756       282937      4096.00
     239.000     0.999780       282943      4551.11
     241.000     0.999805       282952      5120.00
     244.000     0.999829       282960      5851.43
     248.000     0.999854       282964      6826.67
     253.000     0.999878       282971      8192.00
     256.000     0.999890       282976      9102.22
     258.000     0.999902       282978     10240.00
     263.000     0.999915       282982     11702.86
     269.000     0.999927       282985     13653.33
     274.000     0.999939       282988     16384.00
     286.000     0.999945       282990     18204.44
     287.000     0.999951       282992     20480.00
     291.000     0.999957       282993     23405.71
     300.000     0.999963       282995     27306.67
     305.000     0.999969       282997     32768.00
     368.000     0.999973       282998     36408.89
     381.000     0.999976       282999     40960.00
     381.000     0.999979       282999     46811.43
     439.000     0.999982       283000     54613.33
     537.000     0.999985       283001     65536.00
     648.000     0.999986       283002     72817.78
     648.000     0.999988       283002     81920.00
     648.000     0.999989       283002     93622.86
     650.000     0.999991       283003    109226.67
     650.000     0.999992       283003    131072.00
     668.000     0.999993       283004    145635.56
     668.000     0.999994       283004    163840.00
     668.000     0.999995       283004    187245.71
     668.000     0.999995       283004    218453.33
     668.000     0.999996       283004    262144.00
     743.000     0.999997       283005    291271.11
     743.000     1.000000       283005          inf
#[Mean    =       99.203, StdDeviation   =       27.786]
#[Max     =      743.000, Total count    =       283005]
#[Buckets =            1, SubBuckets     =         2048]
