       Value   Percentile   TotalCount 1/(1-Percentile)

     548.000     0.000000            1         1.00
   13295.000     0.100000        76045         1.11
   13359.000     0.200000       161650         1.25
   13391.000     0.300000       226071         1.43
   13431.000     0.400000       314731         1.67
   13455.000     0.500000       379698         2.00
   13471.000     0.550000       425497         2.22
   13479.000     0.600000       449252         2.50
   13495.000     0.650000       497525         2.86
   13503.000     0.700000       521255         3.33
   13519.000     0.750000       562854         4.00
   13527.000     0.775000       580488         4.44
   13535.000     0.800000       596560         5.00
   13551.000     0.825000       626252         5.71
   13559.000     0.850000       640342         6.67
   13567.000     0.875000       652927         8.00
   13575.000     0.887500       664372         8.89
   13583.000     0.900000       674670        10.00
   13591.000     0.912500       684135        11.43
   13599.000     0.925000       692491        13.33
   13607.000     0.937500       699815        16.00
   13615.000     0.943750       706686        17.78
   13623.000     0.950000       712968        20.00
   13623.000     0.956250       712968        22.86
   13631.000     0.962500       717843        26.67
   13639.000     0.968750       722037        32.00
   13647.000     0.971875       725584        35.56
   13655.000     0.975000       728974        40.00
   13655.000     0.978125       728974        45.71
   13663.000     0.981250       731947        53.33
   13671.000     0.984375       734479        64.00
   13671.000     0.985938       734479        71.11
   13679.000     0.987500       736616        80.00
   13679.000     0.989062       736616        91.43
   13687.000     0.990625       738409       106.67
   13695.000     0.992188       739799       128.00
   13695.000     0.992969       739799       142.22
   13703.000     0.993750       740996       160.00
   13703.000     0.994531       740996       182.86
   13711.000     0.995313       742100       213.33
   13711.000     0.996094       742100       256.00
   13711.000     0.996484       742100       284.44
   13719.000     0.996875       742556       320.00
   13719.000     0.997266       742556       365.71
   13727.000     0.997656       742861       426.67
   13735.000     0.998047       743190       512.00
   13743.000     0.998242       743424       568.89
   13743.000     0.998437       743424       640.00
   13751.000     0.998633       743643       731.43
   13759.000     0.998828       743832       853.33
   13759.000     0.999023       743832      1024.00
   13767.000     0.999121       743932      1137.78
   13775.000     0.999219       744082      1280.00
   13775.000     0.999316       744082      1462.86
   13783.000     0.999414       744203      1706.67
   13783.000     0.999512       744203      2048.00
   13791.000     0.999561       744235      2275.56
   13799.000     0.999609       744268      2560.00
   13815.000     0.999658       744299      2925.71
   13863.000     0.999707       744326      3413.33
   20351.000     0.999756       744362      4096.00
   20975.000     0.999780       744380      4551.11
   22671.000     0.999805       744400      5120.00
   23119.000     0.999829       744416      5851.43
   23823.000     0.999854       744434      6826.67
   26751.000     0.999878       744453      8192.00
   26799.000     0.999890       744462      9102.22
   26847.000     0.999902       744472     10240.00
   26879.000     0.999915       744480     11702.86
   26911.000     0.999927       744489     13653.33
   26959.000     0.999939       744503     16384.00
   26959.000     0.999945       744503     18204.44
   26975.000     0.999951       744507     20480.00
   26991.000     0.999957       744512     23405.71
   27007.000     0.999963       744520     27306.67
   27023.000     0.999969       744525     32768.00
   27023.000     0.999973       744525     36408.89
   27023.000     0.999976       744525     40960.00
   27071.000     0.999979       744531     46811.43
   27071.000     0.999982       744531     54613.33
   27087.000     0.999985       744534     65536.00
   27087.000     0.999986       744534     72817.78
   27087.000     0.999988       744534     81920.00
   27103.000     0.999989       744540     93622.86
   27103.000     0.999991       744540    109226.67
   27103.000     0.999992       744540    131072.00
   27103.000     0.999993       744540    145635.56
   27103.000     0.999994       744540    163840.00
   27103.000     0.999995       744540    187245.71
   27103.000     0.999995       744540    218453.33
   27119.000     0.999996       744541    262144.00
   27119.000     0.999997       744541    291271.11
   27119.000     0.999997       744541    327680.00
   27135.000     0.999997       744543    374491.43
   27135.000     1.000000       744543          inf
#[Mean    =    13430.265, StdDeviation   =      378.993]
#[Max     =    27135.000, Total count    =       744543]
#[Buckets =            5, SubBuckets     =         2048]
