       Value   Percentile   TotalCount 1/(1-Percentile)

    1904.000     0.000000            1         1.00
    8099.000     0.100000       118838         1.11
    8271.000     0.200000       246270         1.25
    8343.000     0.300000       367814         1.43
    8383.000     0.400000       483834         1.67
    8415.000     0.500000       605419         2.00
    8431.000     0.550000       670866         2.22
    8447.000     0.600000       733155         2.50
    8463.000     0.650000       792699         2.86
    8479.000     0.700000       843005         3.33
    8495.000     0.750000       888937         4.00
    8511.000     0.775000       929586         4.44
    8519.000     0.800000       947981         5.00
    8535.000     0.825000       980413         5.71
    8559.000     0.850000      1019170         6.67
    8575.000     0.875000      1040831         8.00
    8591.000     0.887500      1059952         8.89
    8599.000     0.900000      1068731        10.00
    8615.000     0.912500      1081576        11.43
    8639.000     0.925000      1096562        13.33
    8679.000     0.937500      1110486        16.00
    8719.000     0.943750      1119206        17.78
    8759.000     0.950000      1125632        20.00
    8823.000     0.956250      1133127        22.86
    8975.000     0.962500      1140085        26.67
   10223.000     0.968750      1147528        32.00
   10575.000     0.971875      1151220        35.56
   10767.000     0.975000      1154954        40.00
   10959.000     0.978125      1158708        45.71
   11087.000     0.981250      1162355        53.33
   11175.000     0.984375      1166215        64.00
   11207.000     0.985938      1168126        71.11
   11239.000     0.987500      1170061        80.00
   11263.000     0.989062      1171587        91.43
   11295.000     0.990625      1173481       106.67
   11327.000     0.992188      1175473       128.00
   11343.000     0.992969      1176510       142.22
   11359.000     0.993750      1177463       160.00
   11375.000     0.994531      1178195       182.86
   11391.000     0.995313      1178948       213.33
   11415.000     0.996094      1180126       256.00
   11423.000     0.996484      1180407       284.44
   11439.000     0.996875      1180959       320.00
   11455.000     0.997266      1181443       365.71
   11471.000     0.997656      1182007       426.67
   11479.000     0.998047      1182173       512.00
   11495.000     0.998242      1182453       568.89
   11511.000     0.998437      1182712       640.00
   11527.000     0.998633      1182939       731.43
   11543.000     0.998828      1183130       853.33
   11567.000     0.999023      1183335      1024.00
   11591.000     0.999121      1183456      1137.78
   11623.000     0.999219      1183552      1280.00
   11687.000     0.999316      1183691      1462.86
   11783.000     0.999414      1183778      1706.67
   12415.000     0.999512      1183900      2048.00
   12463.000     0.999561      1183956      2275.56
   12479.000     0.999609      1184020      2560.00
   12503.000     0.999658      1184066      2925.71
   13039.000     0.999707      1184129      3413.33
   13455.000     0.999756      1184183      4096.00
   13583.000     0.999780      1184210      4551.11
   13671.000     0.999805      1184243      5120.00
   13743.000     0.999829      1184279      5851.43
   13815.000     0.999854      1184298      6826.67
   14839.000     0.999878      1184327      8192.00
   14903.000     0.999890      1184343      9102.22
   14983.000     0.999902      1184358     10240.00
   15055.000     0.999915      1184378     11702.86
   15071.000     0.999927      1184390     13653.33
   15079.000     0.999939      1184410     16384.00
   15079.000     0.999945      1184410     18204.44
   15111.000     0.999951      1184426     20480.00
   15111.000     0.999957      1184426     23405.71
   15119.000     0.999963      1184464     27306.67
   15119.000     0.999969      1184464     32768.00
   15119.000     0.999973      1184464     36408.89
   15119.000     0.999976      1184464     40960.00
   15119.000     0.999979      1184464     46811.43
   15119.000     0.999982      1184464     54613.33
   15119.000     0.999985      1184464     65536.00
   15119.000     0.999986      1184464     72817.78
   15119.000     0.999988      1184464     81920.00
   15119.000     0.999989      1184464     93622.86
   15119.000     0.999991      1184464    109226.67
   15119.000     0.999992      1184464    131072.00
   15119.000     0.999993      1184464    145635.56
   15119.000     0.999994      1184464    163840.00
   15119.000     0.999995      1184464    187245.71
   15127.000     0.999995      1184470    218453.33
   15127.000     1.000000      1184470          inf
#[Mean    =     8439.011, StdDeviation   =      588.893]
#[Max     =    15127.000, Total count    =      1184470]
#[Buckets =            4, SubBuckets     =         2048]
