       Value   Percentile   TotalCount 1/(1-Percentile)

    5727.000     0.000000            1         1.00
   11151.000     0.100000        80519         1.11
   11367.000     0.200000       164101         1.25
   11519.000     0.300000       243747         1.43
   11679.000     0.400000       321739         1.67
   11855.000     0.500000       401644         2.00
   11967.000     0.550000       444204         2.22
   12079.000     0.600000       482636         2.50
   12239.000     0.650000       522043         2.86
   12479.000     0.700000       561919         3.33
   12871.000     0.750000       601960         4.00
   13135.000     0.775000       622265         4.44
   13447.000     0.800000       642425         5.00
   13751.000     0.825000       662343         5.71
   14063.000     0.850000       682266         6.67
   14367.000     0.875000       702334         8.00
   14519.000     0.887500       712476         8.89
   14671.000     0.900000       722386        10.00
   14831.000     0.912500       732385        11.43
   14983.000     0.925000       742281        13.33
   15167.000     0.937500       752217        16.00
   15271.000     0.943750       757513        17.78
   15383.000     0.950000       762329        20.00
   15519.000     0.956250       767327        22.86
   15703.000     0.962500       772397        26.67
   15927.000     0.968750       777369        32.00
   16055.000     0.971875       779818        35.56
   16231.000     0.975000       782352        40.00
   16431.000     0.978125       784884        45.71
   16623.000     0.981250       787413        53.33
   16831.000     0.984375       789892        64.00
   16911.000     0.985938       791102        71.11
   17039.000     0.987500       792385        80.00
   17183.000     0.989062       793624        91.43
   17375.000     0.990625       794856       106.67
   17647.000     0.992188       796077       128.00
   17871.000     0.992969       796732       142.22
   18095.000     0.993750       797333       160.00
   18495.000     0.994531       797961       182.86
   19167.000     0.995313       798588       213.33
   19791.000     0.996094       799221       256.00
   20319.000     0.996484       799521       284.44
   21471.000     0.996875       799833       320.00
   21919.000     0.997266       800161       365.71
   22271.000     0.997656       800470       426.67
   22639.000     0.998047       800776       512.00
   23359.000     0.998242       800931       568.89
   24111.000     0.998437       801087       640.00
   24559.000     0.998633       801246       731.43
   24943.000     0.998828       801404       853.33
   26111.000     0.999023       801557      1024.00
   26447.000     0.999121       801637      1137.78
   26655.000     0.999219       801718      1280.00
   26815.000     0.999316       801796      1462.86
   26975.000     0.999414       801869      1706.67
   27183.000     0.999512       801949      2048.00
   27375.000     0.999561       802001      2275.56
   27583.000     0.999609       802032      2560.00
   27935.000     0.999658       802067      2925.71
   28303.000     0.999707       802105      3413.33
   28975.000     0.999756       802145      4096.00
   30399.000     0.999780       802163      4551.11
   30639.000     0.999805       802184      5120.00
   30799.000     0.999829       802204      5851.43
   30895.000     0.999854       802222      6826.67
   44543.000     0.999878       802245      8192.00
   44575.000     0.999890       802261      9102.22
   44575.000     0.999902       802261     10240.00
   44607.000     0.999915       802277     11702.86
   44639.000     0.999927       802294     13653.33
   44639.000     0.999939       802294     16384.00
   44671.000     0.999945       802309     18204.44
   44671.000     0.999951       802309     20480.00
   44671.000     0.999957       802309     23405.71
   44703.000     0.999963       802320     27306.67
   44703.000     0.999969       802320     32768.00
   44703.000     0.999973       802320     36408.89
   44703.000     0.999976       802320     40960.00
   44735.000     0.999979       802330     46811.43
   44735.000     0.999982       802330     54613.33
   44735.000     0.999985       802330     65536.00
   44735.000     0.999986       802330     72817.78
   44735.000     0.999988       802330     81920.00
   44767.000     0.999989       802335     93622.86
   44767.000     0.999991       802335    109226.67
   44767.000     0.999992       802335    131072.00
   44767.000     0.999993       802335    145635.56
   44767.000     0.999994       802335    163840.00
   44767.000     0.999995       802335    187245.71
   44799.000     0.999995       802339    218453.33
   44799.000     1.000000       802339          inf
#[Mean    =    12415.266, StdDeviation   =     1621.427]
#[Max     =    44799.000, Total count    =       802339]
#[Buckets =            6, SubBuckets     =         2048]
