       Value   Percentile   TotalCount 1/(1-Percentile)

      92.000     0.000000            1         1.00
     122.000     0.100000       136231         1.11
     130.000     0.200000       263121         1.25
     136.000     0.300000       387367         1.43
     141.000     0.400000       515185         1.67
     146.000     0.500000       657421         2.00
     148.000     0.550000       714864         2.22
     150.000     0.600000       770568         2.50
     153.000     0.650000       848482         2.86
     155.000     0.700000       895912         3.33
     158.000     0.750000       959237         4.00
     160.000     0.775000       996698         4.44
     162.000     0.800000      1030403         5.00
     164.000     0.825000      1060167         5.71
     166.000     0.850000      1086632         6.67
     169.000     0.875000      1120247         8.00
     170.000     0.887500      1129888         8.89
     172.000     0.900000      1147312        10.00
     174.000     0.912500      1162274        11.43
     177.000     0.925000      1180733        13.33
     180.000     0.937500      1195597        16.00
     182.000     0.943750      1203813        17.78
     184.000     0.950000      1210997        20.00
     186.000     0.956250      1217123        22.86
     189.000     0.962500      1224860        26.67
     193.000     0.968750      1233381        32.00
     195.000     0.971875      1237045        35.56
     197.000     0.975000      1240289        40.00
     200.000     0.978125      1244607        45.71
     203.000     0.981250      1248357        53.33
     207.000     0.984375      1252603        64.00
     209.000     0.985938      1254556        71.11
     211.000     0.987500      1256284        80.00
     214.000     0.989062      1258583        91.43
     217.000     0.990625      1260607       106.67
     220.000     0.992188      1262395       128.00
     222.000     0.992969      1263403       142.22
     224.000     0.993750      1264330       160.00
     226.000     0.994531      1265167       182.86
     229.000     0.995313      1266278       213.33
     232.000     0.996094      1267251       256.00
     233.000     0.996484      1267526       284.44
     235.000     0.996875      1268008       320.00
     238.000     0.997266      1268638       365.71
     240.000     0.997656      1269032       426.67
     243.000     0.998047      1269536       512.00
     245.000     0.998242      1269840       568.89
     247.000     0.998437      1270081       640.00
     249.000     0.998633      1270319       731.43
     251.000     0.998828      1270513       853.33
     254.000     0.999023      1270742      1024.00
     256.000     0.999121      1270875      1137.78
     258.000     0.999219      1270995      1280.00
     261.000     0.999316      1271138      1462.86
     264.000     0.999414      1271255      1706.67
     267.000     0.999512      1271354      2048.00
     270.000     0.999561      1271438      2275.56
     273.000     0.999609      1271489      2560.00
     278.000     0.999658      1271550      2925.71
     283.000     0.999707      1271604      3413.33
     292.000     0.999756      1271673      4096.00
     297.000     0.999780      1271696      4551.11
     304.000     0.999805      1271726      5120.00
     318.000     0.999829      1271758      5851.43
     366.000     0.999854      1271788      6826.67
     823.000     0.999878      1271819      8192.00
    1235.000     0.999890      1271835      9102.22
    1701.000     0.999902      1271850     10240.00
    3139.000     0.999915      1271866     11702.86
    9679.000     0.999927      1271881     13653.33
   20383.000     0.999939      1271897     16384.00
   23215.000     0.999945      1271905     18204.44
   24271.000     0.999951      1271912     20480.00
   27759.000     0.999957      1271920     23405.71
   29503.000     0.999963      1271928     27306.67
   32895.000     0.999969      1271936     32768.00
   36543.000     0.999973      1271940     36408.89
   38943.000     0.999976      1271943     40960.00
   39903.000     0.999979      1271947     46811.43
   40799.000     0.999982      1271951     54613.33
   41215.000     0.999985      1271955     65536.00
   41759.000     0.999986      1271957     72817.78
   41919.000     0.999988      1271959     81920.00
   41951.000     0.999989      1271961     93622.86
   42719.000     0.999991      1271963    109226.67
   45407.000     0.999992      1271965    131072.00
   48831.000     0.999993      1271966    145635.56
   51359.000     0.999994      1271967    163840.00
   51999.000     0.999995      1271968    187245.71
   54175.000     0.999995      1271969    218453.33
   54207.000     0.999996      1271970    262144.00
   54207.000     0.999997      1271970    291271.11
   54239.000     0.999997      1271971    327680.00
   54239.000     0.999997      1271971    374491.43
   54399.000     0.999998      1271972    436906.67
   54399.000     0.999998      1271972    524288.00
   54399.000     0.999998      1271972    582542.22
   55231.000     0.999998      1271973    655360.00
   55231.000     0.999999      1271973    748982.86
   55231.000     0.999999      1271973    873813.33
   55231.000     0.999999      1271973   1048576.00
   55231.000     0.999999      1271973   1165084.44
   56831.000     0.999999      1271974   1310720.00
   56831.000     1.000000      1271974          inf
#[Mean    =      149.632, StdDeviation   =      284.556]
#[Max     =    56831.000, Total count    =      1271974]
#[Buckets =            6, SubBuckets     =         2048]
