       Value   Percentile   TotalCount 1/(1-Percentile)

      76.000     0.000000            1         1.00
     264.000     0.100000       413797         1.11
     386.000     0.200000       828507         1.25
     552.000     0.300000      1239229         1.43
     856.000     0.400000      1652170         1.67
    1628.000     0.500000      2065213         2.00
    2413.000     0.550000      2272030         2.22
    3495.000     0.600000      2478398         2.50
    4831.000     0.650000      2684972         2.86
    6631.000     0.700000      2891515         3.33
    9863.000     0.750000      3097996         4.00
   12839.000     0.775000      3201020         4.44
   17631.000     0.800000      3304288         5.00
   22431.000     0.825000      3407617         5.71
   27279.000     0.850000      3510972         6.67
   32831.000     0.875000      3614226         8.00
   35999.000     0.887500      3665687         8.89
   39423.000     0.900000      3717312        10.00
   43199.000     0.912500      3769003        11.43
   47423.000     0.925000      3820629        13.33
   52031.000     0.937500      3872238        16.00
   54559.000     0.943750      3898234        17.78
   57343.000     0.950000      3923861        20.00
   60831.000     0.956250      3949832        22.86
   66239.000     0.962500      3975471        26.67
   90175.000     0.968750      4001283        32.00
  146687.000     0.971875      4014175        35.56
  192767.000     0.975000      4027067        40.00
  217855.000     0.978125      4040008        45.71
  229887.000     0.981250      4052976        53.33
  238975.000     0.984375      4065872        64.00
  243327.000     0.985938      4072358        71.11
  248703.000     0.987500      4078845        80.00
  254335.000     0.989062      4085228        91.43
  260223.000     0.990625      4091599       106.67
  268031.000     0.992188      4098134       128.00
  273919.000     0.992969      4101399       142.22
  280831.000     0.993750      4104567       160.00
  288511.000     0.994531      4107781       182.86
  296959.000     0.995313      4110995       213.33
  305663.000     0.996094      4114220       256.00
  310527.000     0.996484      4115811       284.44
  315135.000     0.996875      4117434       320.00
  319487.000     0.997266      4119027       365.71
  324351.000     0.997656      4120677       426.67
  330239.000     0.998047      4122292       512.00
  333567.000     0.998242      4123059       568.89
  337407.000     0.998437      4123903       640.00
  342527.000     0.998633      4124698       731.43
  349439.000     0.998828      4125489       853.33
  358399.000     0.999023      4126297      1024.00
  362495.000     0.999121      4126696      1137.78
  366591.000     0.999219      4127122      1280.00
  371455.000     0.999316      4127497      1462.86
  376319.000     0.999414      4127907      1706.67
  382719.000     0.999512      4128316      2048.00
  386303.000     0.999561      4128505      2275.56
  389887.000     0.999609      4128721      2560.00
  393471.000     0.999658      4128910      2925.71
  397823.000     0.999707      4129116      3413.33
  405759.000     0.999756      4129314      4096.00
  412671.000     0.999780      4129417      4551.11
  420095.000     0.999805      4129513      5120.00
  430079.000     0.999829      4129616      5851.43
  438783.000     0.999854      4129714      6826.67
  450047.000     0.999878      4129815      8192.00
  454911.000     0.999890      4129866      9102.22
  460287.000     0.999902      4129918     10240.00
  465919.000     0.999915      4129968     11702.86
  469503.000     0.999927      4130017     13653.33
  474111.000     0.999939      4130072     16384.00
  476415.000     0.999945      4130095     18204.44
  479231.000     0.999951      4130118     20480.00
  484351.000     0.999957      4130144     23405.71
  488191.000     0.999963      4130168     27306.67
  492287.000     0.999969      4130194     32768.00
  496383.000     0.999973      4130206     36408.89
  498431.000     0.999976      4130219     40960.00
  499967.000     0.999979      4130233     46811.43
  503295.000     0.999982      4130244     54613.33
  507135.000     0.999985      4130256     65536.00
  509183.000     0.999986      4130263     72817.78
  511487.000     0.999988      4130269     81920.00
  514815.000     0.999989      4130279     93622.86
  518399.000     0.999991      4130282    109226.67
  525823.000     0.999992      4130288    131072.00
  530431.000     0.999993      4130291    145635.56
  546815.000     0.999994      4130296    163840.00
  547327.000     0.999995      4130298    187245.71
  553471.000     0.999995      4130301    218453.33
  559615.000     0.999996      4130304    262144.00
  561151.000     0.999997      4130306    291271.11
  563199.000     0.999997      4130307    327680.00
  565247.000     0.999997      4130308    374491.43
  566271.000     0.999998      4130310    436906.67
  590335.000     0.999998      4130312    524288.00
  590335.000     0.999998      4130312    582542.22
  590847.000     0.999998      4130313    655360.00
  591359.000     0.999999      4130314    748982.86
  591871.000     0.999999      4130315    873813.33
  603135.000     0.999999      4130316   1048576.00
  603135.000     0.999999      4130316   1165084.44
  603135.000     0.999999      4130316   1310720.00
  603647.000     0.999999      4130317   1497965.71
  603647.000     0.999999      4130317   1747626.67
  604159.000     1.000000      4130318   2097152.00
  604159.000     1.000000      4130318   2330168.89
  604159.000     1.000000      4130318   2621440.00
  604159.000     1.000000      4130318   2995931.43
  604159.000     1.000000      4130318   3495253.33
  604671.000     1.000000      4130319   4194304.00
  604671.000     1.000000      4130319          inf
#[Mean    =    15869.189, StdDeviation   =    43808.563]
#[Max     =   604671.000, Total count    =      4130319]
#[Buckets =           10, SubBuckets     =         2048]
