       Value   Percentile   TotalCount 1/(1-Percentile)

     180.000     0.000000            1         1.00
     843.000     0.100000       353871         1.11
    1176.000     0.200000       706624         1.25
    1557.000     0.300000      1059893         1.43
    1997.000     0.400000      1412703         1.67
    2473.000     0.500000      1766145         2.00
    2725.000     0.550000      1941875         2.22
    3031.000     0.600000      2119306         2.50
    3471.000     0.650000      2295054         2.86
    4487.000     0.700000      2471511         3.33
    9327.000     0.750000      2647980         4.00
   13479.000     0.775000      2736282         4.44
   24319.000     0.800000      2824471         5.00
   36159.000     0.825000      2912792         5.71
   44863.000     0.850000      3001082         6.67
   53919.000     0.875000      3089622         8.00
   58463.000     0.887500      3133445         8.89
   66431.000     0.900000      3177587        10.00
   75903.000     0.912500      3221735        11.43
   87231.000     0.925000      3265783        13.33
   99647.000     0.937500      3310077        16.00
  105215.000     0.943750      3332010        17.78
  117695.000     0.950000      3354050        20.00
  137983.000     0.956250      3376155        22.86
  149503.000     0.962500      3398343        26.67
  163199.000     0.968750      3420385        32.00
  169471.000     0.971875      3431317        35.56
  175871.000     0.975000      3442314        40.00
  185983.000     0.978125      3453413        45.71
  198399.000     0.981250      3464388        53.33
  216575.000     0.984375      3475440        64.00
  227071.000     0.985938      3480933        71.11
  235263.000     0.987500      3486497        80.00
  242303.000     0.989062      3492009        91.43
  253311.000     0.990625      3497478       106.67
  272127.000     0.992188      3503011       128.00
  284159.000     0.992969      3505761       142.22
  290303.000     0.993750      3508688       160.00
  294399.000     0.994531      3511320       182.86
  300031.000     0.995313      3514043       213.33
  306943.000     0.996094      3516810       256.00
  310271.000     0.996484      3518175       284.44
  313599.000     0.996875      3519639       320.00
  317183.000     0.997266      3520964       365.71
  319999.000     0.997656      3522296       426.67
  322303.000     0.998047      3523727       512.00
  323327.000     0.998242      3524367       568.89
  324607.000     0.998437      3525063       640.00
  325887.000     0.998633      3525825       731.43
  327423.000     0.998828      3526536       853.33
  329215.000     0.999023      3527149      1024.00
  330239.000     0.999121      3527564      1137.78
  331007.000     0.999219      3527872      1280.00
  331775.000     0.999316      3528214      1462.86
  332543.000     0.999414      3528579      1706.67
  333567.000     0.999512      3528891      2048.00
  334335.000     0.999561      3529058      2275.56
  335103.000     0.999609      3529193      2560.00
  336127.000     0.999658      3529388      2925.71
  337151.000     0.999707      3529535      3413.33
  338687.000     0.999756      3529723      4096.00
  339455.000     0.999780      3529795      4551.11
  340479.000     0.999805      3529883      5120.00
  345855.000     0.999829      3529964      5851.43
  356351.000     0.999854      3530054      6826.67
  360191.000     0.999878      3530141      8192.00
  361471.000     0.999890      3530181      9102.22
  363007.000     0.999902      3530225     10240.00
  364031.000     0.999915      3530278     11702.86
  364543.000     0.999927      3530322     13653.33
  365055.000     0.999939      3530370     16384.00
  365311.000     0.999945      3530387     18204.44
  366079.000     0.999951      3530399     20480.00
  389119.000     0.999957      3530417     23405.71
  421631.000     0.999963      3530438     27306.67
  463871.000     0.999969      3530460     32768.00
  474879.000     0.999973      3530473     36408.89
  479743.000     0.999976      3530482     40960.00
  486911.000     0.999979      3530494     46811.43
  488959.000     0.999982      3530503     54613.33
  504063.000     0.999985      3530515     65536.00
  504575.000     0.999986      3530519     72817.78
  505343.000     0.999988      3530525     81920.00
  515071.000     0.999989      3530530     93622.86
  536575.000     0.999991      3530535    109226.67
  556031.000     0.999992      3530541    131072.00
  559103.000     0.999993      3530543    145635.56
  567807.000     0.999994      3530546    163840.00
  572927.000     0.999995      3530549    187245.71
  575999.000     0.999995      3530551    218453.33
  580095.000     0.999996      3530554    262144.00
  581119.000     0.999997      3530555    291271.11
  585215.000     0.999997      3530557    327680.00
  591359.000     0.999997      3530558    374491.43
  592383.000     0.999998      3530559    436906.67
  597503.000     0.999998      3530561    524288.00
  597503.000     0.999998      3530561    582542.22
  602623.000     0.999998      3530563    655360.00
  602623.000     0.999999      3530563    748982.86
  602623.000     0.999999      3530563    873813.33
  603647.000     0.999999      3530565   1048576.00
  603647.000     0.999999      3530565   1165084.44
  603647.000     0.999999      3530565   1310720.00
  603647.000     0.999999      3530565   1497965.71
  603647.000     0.999999      3530565   1747626.67
  605183.000     1.000000      3530566   2097152.00
  605183.000     1.000000      3530566   2330168.89
  605183.000     1.000000      3530566   2621440.00
  605183.000     1.000000      3530566   2995931.43
  605183.000     1.000000      3530566   3495253.33
  609279.000     1.000000      3530567   4194304.00
  609279.000     1.000000      3530567          inf
#[Mean    =    21122.759, StdDeviation   =    47917.935]
#[Max     =   609279.000, Total count    =      3530567]
#[Buckets =           10, SubBuckets     =         2048]
