       Value   Percentile   TotalCount 1/(1-Percentile)

     101.000     0.000000            2         1.00
     742.000     0.100000       809205         1.11
     983.000     0.200000      1616458         1.25
    1217.000     0.300000      2423614         1.43
    1475.000     0.400000      3230361         1.67
    1785.000     0.500000      4035169         2.00
    1973.000     0.550000      4438332         2.22
    2195.000     0.600000      4843938         2.50
    2459.000     0.650000      5246424         2.86
    2785.000     0.700000      5648313         3.33
    3209.000     0.750000      6051924         4.00
    3475.000     0.775000      6254141         4.44
    3793.000     0.800000      6455537         5.00
    4191.000     0.825000      6656790         5.71
    4711.000     0.850000      6858999         6.67
    5427.000     0.875000      7060356         8.00
    5911.000     0.887500      7161262         8.89
    6527.000     0.900000      7262319        10.00
    7339.000     0.912500      7362814        11.43
    8503.000     0.925000      7463949        13.33
   10247.000     0.937500      7564722        16.00
   11511.000     0.943750      7615042        17.78
   13175.000     0.950000      7665455        20.00
   15375.000     0.956250      7715711        22.86
   18383.000     0.962500      7766286        26.67
   22863.000     0.968750      7816635        32.00
   25663.000     0.971875      7841811        35.56
   29039.000     0.975000      7867025        40.00
   33471.000     0.978125      7892267        45.71
   39455.000     0.981250      7917486        53.33
   47039.000     0.984375      7942674        64.00
   52095.000     0.985938      7955240        71.11
   58431.000     0.987500      7967863        80.00
   65855.000     0.989062      7980462        91.43
   75263.000     0.990625      7993099       106.67
   87295.000     0.992188      8005708       128.00
   94655.000     0.992969      8012007       142.22
  103039.000     0.993750      8018319       160.00
  112255.000     0.994531      8024618       182.86
  122367.000     0.995313      8030913       213.33
  134911.000     0.996094      8037229       256.00
  141951.000     0.996484      8040394       284.44
  149631.000     0.996875      8043504       320.00
  159999.000     0.997266      8046658       365.71
  171391.000     0.997656      8049827       426.67
  181375.000     0.998047      8052980       512.00
  186623.000     0.998242      8054542       568.89
  192511.000     0.998437      8056115       640.00
  198015.000     0.998633      8057711       731.43
  204671.000     0.998828      8059274       853.33
  214015.000     0.999023      8060831      1024.00
  219519.000     0.999121      8061618      1137.78
  225535.000     0.999219      8062413      1280.00
  230527.000     0.999316      8063203      1462.86
  236927.000     0.999414      8063982      1706.67
  245887.000     0.999512      8064774      2048.00
  250495.000     0.999561      8065170      2275.56
  254207.000     0.999609      8065561      2560.00
  260479.000     0.999658      8065960      2925.71
  264959.000     0.999707      8066362      3413.33
  271871.000     0.999756      8066741      4096.00
  273919.000     0.999780      8066953      4551.11
  276223.000     0.999805      8067152      5120.00
  279551.000     0.999829      8067333      5851.43
  284671.000     0.999854      8067534      6826.67
  291583.000     0.999878      8067722      8192.00
  297727.000     0.999890      8067821      9102.22
  304127.000     0.999902      8067923     10240.00
  306431.000     0.999915      8068035     11702.86
  312831.000     0.999927      8068116     13653.33
  317695.000     0.999939      8068215     16384.00
  321791.000     0.999945      8068263     18204.44
  323839.000     0.999951      8068313     20480.00
  331519.000     0.999957      8068365     23405.71
  335103.000     0.999963      8068411     27306.67
  337919.000     0.999969      8068464     32768.00
  338943.000     0.999973      8068487     36408.89
  341503.000     0.999976      8068510     40960.00
  344063.000     0.999979      8068536     46811.43
  363519.000     0.999982      8068561     54613.33
  387327.000     0.999985      8068583     65536.00
  389631.000     0.999986      8068596     72817.78
  392447.000     0.999988      8068610     81920.00
  393983.000     0.999989      8068620     93622.86
  396543.000     0.999991      8068633    109226.67
  398591.000     0.999992      8068645    131072.00
  401919.000     0.999993      8068652    145635.56
  402175.000     0.999994      8068659    163840.00
  402431.000     0.999995      8068666    187245.71
  402687.000     0.999995      8068674    218453.33
  402943.000     0.999996      8068676    262144.00
  403199.000     0.999997      8068680    291271.11
  403455.000     0.999997      8068682    327680.00
  403967.000     0.999997      8068688    374491.43
  403967.000     0.999998      8068688    436906.67
  404223.000     0.999998      8068691    524288.00
  404479.000     0.999998      8068694    582542.22
  404479.000     0.999998      8068694    655360.00
  404735.000     0.999999      8068696    748982.86
  404991.000     0.999999      8068699    873813.33
  404991.000     0.999999      8068699   1048576.00
  405247.000     0.999999      8068700   1165084.44
  405247.000     0.999999      8068700   1310720.00
  405759.000     0.999999      8068702   1497965.71
  405759.000     0.999999      8068702   1747626.67
  406271.000     1.000000      8068704   2097152.00
  406271.000     1.000000      8068704   2330168.89
  406271.000     1.000000      8068704   2621440.00
  406271.000     1.000000      8068704   2995931.43
  406271.000     1.000000      8068704   3495253.33
  413439.000     1.000000      8068705   4194304.00
  413439.000     1.000000      8068705   4660337.78
  413439.000     1.000000      8068705   5242880.00
  413439.000     1.000000      8068705   5991862.86
  413439.000     1.000000      8068705   6990506.67
  413951.000     1.000000      8068706   8388608.00
  413951.000     1.000000      8068706          inf
#[Mean    =     4742.578, StdDeviation   =    15454.949]
#[Max     =   413951.000, Total count    =      8068706]
#[Buckets =            9, SubBuckets     =         2048]
