       Value   Percentile   TotalCount 1/(1-Percentile)

      85.000     0.000000            1         1.00
     117.000     0.100000       140863         1.11
     123.000     0.200000       288972         1.25
     127.000     0.300000       414832         1.43
     131.000     0.400000       548411         1.67
     135.000     0.500000       675775         2.00
     137.000     0.550000       733579         2.22
     140.000     0.600000       811785         2.50
     143.000     0.650000       878760         2.86
     146.000     0.700000       935800         3.33
     150.000     0.750000       998569         4.00
     152.000     0.775000      1025261         4.44
     155.000     0.800000      1060869         5.00
     158.000     0.825000      1091517         5.71
     162.000     0.850000      1125819         6.67
     167.000     0.875000      1160963         8.00
     169.000     0.887500      1172931         8.89
     173.000     0.900000      1193842        10.00
     176.000     0.912500      1207290        11.43
     180.000     0.925000      1223113        13.33
     185.000     0.937500      1239805        16.00
     188.000     0.943750      1248217        17.78
     191.000     0.950000      1255777        20.00
     195.000     0.956250      1264271        22.86
     200.000     0.962500      1272928        26.67
     206.000     0.968750      1280846        32.00
     209.000     0.971875      1284251        35.56
     213.000     0.975000      1288273        40.00
     218.000     0.978125      1292650        45.71
     223.000     0.981250      1296691        53.33
     229.000     0.984375      1300872        64.00
     232.000     0.985938      1302775        71.11
     236.000     0.987500      1305129        80.00
     240.000     0.989062      1307250        91.43
     244.000     0.990625      1309110       106.67
     249.000     0.992188      1311161       128.00
     252.000     0.992969      1312265       142.22
     254.000     0.993750      1312993       160.00
     258.000     0.994531      1314155       182.86
     262.000     0.995313      1315215       213.33
     266.000     0.996094      1316134       256.00
     269.000     0.996484      1316777       284.44
     271.000     0.996875      1317128       320.00
     274.000     0.997266      1317642       365.71
     278.000     0.997656      1318204       426.67
     283.000     0.998047      1318756       512.00
     286.000     0.998242      1318978       568.89
     289.000     0.998437      1319243       640.00
     293.000     0.998633      1319476       731.43
     299.000     0.998828      1319742       853.33
     308.000     0.999023      1319968      1024.00
     315.000     0.999121      1320100      1137.78
     323.000     0.999219      1320218      1280.00
     333.000     0.999316      1320348      1462.86
     346.000     0.999414      1320479      1706.67
     363.000     0.999512      1320609      2048.00
     376.000     0.999561      1320673      2275.56
     388.000     0.999609      1320741      2560.00
     399.000     0.999658      1320798      2925.71
     412.000     0.999707      1320862      3413.33
     438.000     0.999756      1320928      4096.00
     458.000     0.999780      1320959      4551.11
     485.000     0.999805      1320992      5120.00
     528.000     0.999829      1321026      5851.43
     657.000     0.999854      1321056      6826.67
    1259.000     0.999878      1321088      8192.00
    1741.000     0.999890      1321104      9102.22
    2849.000     0.999902      1321120     10240.00
    3735.000     0.999915      1321137     11702.86
   13111.000     0.999927      1321153     13653.33
   19567.000     0.999939      1321169     16384.00
   27231.000     0.999945      1321177     18204.44
   28047.000     0.999951      1321185     20480.00
   29471.000     0.999957      1321193     23405.71
   30607.000     0.999963      1321201     27306.67
   32687.000     0.999969      1321209     32768.00
   38527.000     0.999973      1321213     36408.89
   39071.000     0.999976      1321217     40960.00
   39199.000     0.999979      1321221     46811.43
   40735.000     0.999982      1321225     54613.33
   44991.000     0.999985      1321229     65536.00
   49631.000     0.999986      1321231     72817.78
   51103.000     0.999988      1321233     81920.00
   51359.000     0.999989      1321236     93622.86
   53919.000     0.999991      1321237    109226.67
   54015.000     0.999992      1321239    131072.00
   54783.000     0.999993      1321240    145635.56
   55103.000     0.999994      1321241    163840.00
   55519.000     0.999995      1321242    187245.71
   56287.000     0.999995      1321243    218453.33
   56575.000     0.999996      1321244    262144.00
   56607.000     0.999997      1321245    291271.11
   56607.000     0.999997      1321245    327680.00
   57247.000     0.999997      1321246    374491.43
   57247.000     0.999998      1321246    436906.67
   57727.000     0.999998      1321247    524288.00
   57727.000     0.999998      1321247    582542.22
   57727.000     0.999998      1321247    655360.00
   57823.000     0.999999      1321248    748982.86
   57823.000     0.999999      1321248    873813.33
   57823.000     0.999999      1321248   1048576.00
   57823.000     0.999999      1321248   1165084.44
   57823.000     0.999999      1321248   1310720.00
   60703.000     0.999999      1321249   1497965.71
   60703.000     1.000000      1321249          inf
#[Mean    =      143.921, StdDeviation   =      313.015]
#[Max     =    60703.000, Total count    =      1321249]
#[Buckets =            6, SubBuckets     =         2048]
