       Value   Percentile   TotalCount 1/(1-Percentile)

    1084.000     0.000000            1         1.00
    9639.000     0.100000       103400         1.11
    9743.000     0.200000       206792         1.25
    9799.000     0.300000       305373         1.43
    9847.000     0.400000       416993         1.67
    9887.000     0.500000       525836         2.00
    9903.000     0.550000       570029         2.22
    9919.000     0.600000       613998         2.50
    9943.000     0.650000       678718         2.86
    9959.000     0.700000       716372         3.33
    9983.000     0.750000       765900         4.00
    9999.000     0.775000       794650         4.44
   10015.000     0.800000       820448         5.00
   10031.000     0.825000       843688         5.71
   10047.000     0.850000       862994         6.67
   10071.000     0.875000       889404         8.00
   10087.000     0.887500       904072         8.89
   10103.000     0.900000       916079        10.00
   10119.000     0.912500       926694        11.43
   10143.000     0.925000       940907        13.33
   10167.000     0.937500       952646        16.00
   10183.000     0.943750       959015        17.78
   10199.000     0.950000       964708        20.00
   10215.000     0.956250       970667        22.86
   10239.000     0.962500       977587        26.67
   10255.000     0.968750       981938        32.00
   10271.000     0.971875       985749        35.56
   10287.000     0.975000       989365        40.00
   10303.000     0.978125       992249        45.71
   10327.000     0.981250       995307        53.33
   10359.000     0.984375       997956        64.00
   10375.000     0.985938       999229        71.11
   10415.000     0.987500      1001054        80.00
   10463.000     0.989062      1002396        91.43
   11175.000     0.990625      1003935       106.67
   12775.000     0.992188      1005537       128.00
   12951.000     0.992969      1006330       142.22
   13031.000     0.993750      1007140       160.00
   13111.000     0.994531      1007954       182.86
   13199.000     0.995313      1008719       213.33
   13287.000     0.996094      1009494       256.00
   13311.000     0.996484      1009931       284.44
   13351.000     0.996875      1010334       320.00
   13391.000     0.997266      1010725       365.71
   13431.000     0.997656      1011071       426.67
   13463.000     0.998047      1011501       512.00
   13487.000     0.998242      1011669       568.89
   13527.000     0.998437      1011866       640.00
   13559.000     0.998633      1012107       731.43
   13599.000     0.998828      1012248       853.33
   13671.000     0.999023      1012470      1024.00
   13719.000     0.999121      1012555      1137.78
   13775.000     0.999219      1012651      1280.00
   13943.000     0.999316      1012746      1462.86
   14711.000     0.999414      1012850      1706.67
   14743.000     0.999512      1012943      2048.00
   15607.000     0.999561      1012993      2275.56
   15983.000     0.999609      1013048      2560.00
   16087.000     0.999658      1013091      2925.71
   16175.000     0.999707      1013158      3413.33
   16231.000     0.999756      1013193      4096.00
   16247.000     0.999780      1013230      4551.11
   16263.000     0.999805      1013251      5120.00
   16279.000     0.999829      1013275      5851.43
   16295.000     0.999854      1013288      6826.67
   16783.000     0.999878      1013312      8192.00
   16847.000     0.999890      1013340      9102.22
   16847.000     0.999902      1013340     10240.00
   16895.000     0.999915      1013349     11702.86
   17215.000     0.999927      1013365     13653.33
   17759.000     0.999939      1013374     16384.00
   18447.000     0.999945      1013381     18204.44
   18527.000     0.999951      1013390     20480.00
   18543.000     0.999957      1013399     23405.71
   18543.000     0.999963      1013399     27306.67
   20719.000     0.999969      1013408     32768.00
   20719.000     0.999973      1013408     36408.89
   20751.000     0.999976      1013423     40960.00
   20751.000     0.999979      1013423     46811.43
   20751.000     0.999982      1013423     54613.33
   20751.000     0.999985      1013423     65536.00
   20751.000     0.999986      1013423     72817.78
   20751.000     0.999988      1013423     81920.00
   20767.000     0.999989      1013433     93622.86
   20767.000     0.999991      1013433    109226.67
   20767.000     0.999992      1013433    131072.00
   20767.000     0.999993      1013433    145635.56
   20767.000     0.999994      1013433    163840.00
   20767.000     0.999995      1013433    187245.71
   20767.000     0.999995      1013433    218453.33
   20767.000     0.999996      1013433    262144.00
   20767.000     0.999997      1013433    291271.11
   20767.000     0.999997      1013433    327680.00
   20767.000     0.999997      1013433    374491.43
   20767.000     0.999998      1013433    436906.67
   20847.000     0.999998      1013435    524288.00
   20847.000     1.000000      1013435          inf
#[Mean    =     9864.923, StdDeviation   =      513.857]
#[Max     =    20847.000, Total count    =      1013435]
#[Buckets =            5, SubBuckets     =         2048]
