       Value   Percentile   TotalCount 1/(1-Percentile)

     183.000     0.000000            1         1.00
    1248.000     0.100000       348818         1.11
    3253.000     0.200000       697587         1.25
    7259.000     0.300000      1046349         1.43
   12007.000     0.400000      1395421         1.67
   17183.000     0.500000      1744543         2.00
   19663.000     0.550000      1919102         2.22
   21919.000     0.600000      2093575         2.50
   24271.000     0.650000      2267648         2.86
   26559.000     0.700000      2441162         3.33
   29183.000     0.750000      2615515         4.00
   30975.000     0.775000      2702830         4.44
   33279.000     0.800000      2790858         5.00
   35999.000     0.825000      2877875         5.71
   38751.000     0.850000      2964447         6.67
   41503.000     0.875000      3052507         8.00
   42719.000     0.887500      3095579         8.89
   43967.000     0.900000      3138688        10.00
   45439.000     0.912500      3182540        11.43
   47135.000     0.925000      3226164        13.33
   49215.000     0.937500      3269816        16.00
   50527.000     0.943750      3291130        17.78
   52415.000     0.950000      3312947        20.00
   55391.000     0.956250      3334897        22.86
   59647.000     0.962500      3356531        26.67
   65151.000     0.968750      3378374        32.00
   68415.000     0.971875      3389249        35.56
   72447.000     0.975000      3400162        40.00
   77759.000     0.978125      3411003        45.71
   84607.000     0.981250      3421911        53.33
   93183.000     0.984375      3432814        64.00
   98303.000     0.985938      3438269        71.11
  104191.000     0.987500      3443707        80.00
  111551.000     0.989062      3449151        91.43
  120063.000     0.990625      3454605       106.67
  128895.000     0.992188      3460038       128.00
  133631.000     0.992969      3462784       142.22
  139391.000     0.993750      3465553       160.00
  145279.000     0.994531      3468253       182.86
  152447.000     0.995313      3470939       213.33
  161663.000     0.996094      3473660       256.00
  166655.000     0.996484      3475038       284.44
  171519.000     0.996875      3476395       320.00
  177023.000     0.997266      3477786       365.71
  184575.000     0.997656      3479110       426.67
  197375.000     0.998047      3480472       512.00
  205183.000     0.998242      3481155       568.89
  215039.000     0.998437      3481842       640.00
  232063.000     0.998633      3482511       731.43
  253823.000     0.998828      3483197       853.33
  272383.000     0.999023      3483881      1024.00
  285951.000     0.999121      3484215      1137.78
  301823.000     0.999219      3484560      1280.00
  323327.000     0.999316      3484896      1462.86
  353791.000     0.999414      3485236      1706.67
  373503.000     0.999512      3485578      2048.00
  381695.000     0.999561      3485749      2275.56
  391423.000     0.999609      3485920      2560.00
  398335.000     0.999658      3486090      2925.71
  404991.000     0.999707      3486257      3413.33
  411903.000     0.999756      3486432      4096.00
  416255.000     0.999780      3486512      4551.11
  420351.000     0.999805      3486600      5120.00
  423935.000     0.999829      3486683      5851.43
  429567.000     0.999854      3486770      6826.67
  453119.000     0.999878      3486855      8192.00
  458751.000     0.999890      3486895      9102.22
  463871.000     0.999902      3486939     10240.00
  469247.000     0.999915      3486984     11702.86
  476927.000     0.999927      3487024     13653.33
  488703.000     0.999939      3487066     16384.00
  493311.000     0.999945      3487087     18204.44
  501503.000     0.999951      3487108     20480.00
  513535.000     0.999957      3487130     23405.71
  527871.000     0.999963      3487151     27306.67
  544767.000     0.999969      3487172     32768.00
  564735.000     0.999973      3487183     36408.89
  646655.000     0.999976      3487193     40960.00
  686591.000     0.999979      3487204     46811.43
  696319.000     0.999982      3487215     54613.33
  711167.000     0.999985      3487225     65536.00
  720383.000     0.999986      3487232     72817.78
  724479.000     0.999988      3487236     81920.00
  728063.000     0.999989      3487242     93622.86
  729599.000     0.999991      3487250    109226.67
  730111.000     0.999992      3487252    131072.00
  730623.000     0.999993      3487255    145635.56
  731135.000     0.999994      3487258    163840.00
  732159.000     0.999995      3487266    187245.71
  732159.000     0.999995      3487266    218453.33
  732159.000     0.999996      3487266    262144.00
  732671.000     0.999997      3487268    291271.11
  732671.000     0.999997      3487268    327680.00
  733183.000     0.999997      3487270    374491.43
  733695.000     0.999998      3487271    436906.67
  734207.000     0.999998      3487272    524288.00
  762367.000     0.999998      3487273    582542.22
  762367.000     0.999998      3487273    655360.00
  884223.000     0.999999      3487274    748982.86
  889343.000     0.999999      3487275    873813.33
  889343.000     0.999999      3487275   1048576.00
  891903.000     0.999999      3487276   1165084.44
  891903.000     0.999999      3487276   1310720.00
  891903.000     0.999999      3487276   1497965.71
  893439.000     0.999999      3487277   1747626.67
  893439.000     1.000000      3487277   2097152.00
  893439.000     1.000000      3487277   2330168.89
  893439.000     1.000000      3487277   2621440.00
  893439.000     1.000000      3487277   2995931.43
  894975.000     1.000000      3487278   3495253.33
  894975.000     1.000000      3487278          inf
#[Mean    =    21399.080, StdDeviation   =    24700.905]
#[Max     =   894975.000, Total count    =      3487278]
#[Buckets =           10, SubBuckets     =         2048]
