       Value   Percentile   TotalCount 1/(1-Percentile)

      56.000     0.000000            1         1.00
     867.000     0.100000       819174         1.11
    1572.000     0.200000      1639223         1.25
    2371.000     0.300000      2458935         1.43
    3253.000     0.400000      3277956         1.67
    4235.000     0.500000      4098238         2.00
    4771.000     0.550000      4506821         2.22
    5351.000     0.600000      4914904         2.50
    5991.000     0.650000      5324619         2.86
    6715.000     0.700000      5735198         3.33
    7563.000     0.750000      6143609         4.00
    8059.000     0.775000      6349128         4.44
    8623.000     0.800000      6555767         5.00
    9263.000     0.825000      6760042         5.71
   10015.000     0.850000      6963806         6.67
   10927.000     0.875000      7168177         8.00
   11463.000     0.887500      7269946         8.89
   12079.000     0.900000      7373245        10.00
   12767.000     0.912500      7475338        11.43
   13575.000     0.925000      7577519        13.33
   14551.000     0.937500      7679943        16.00
   15119.000     0.943750      7731168        17.78
   15767.000     0.950000      7782220        20.00
   16511.000     0.956250      7833420        22.86
   17375.000     0.962500      7884432        26.67
   18399.000     0.968750      7935619        32.00
   18991.000     0.971875      7961307        35.56
   19647.000     0.975000      7987120        40.00
   20351.000     0.978125      8012446        45.71
   21135.000     0.981250      8038224        53.33
   22015.000     0.984375      8063860        64.00
   22495.000     0.985938      8076670        71.11
   22991.000     0.987500      8089374        80.00
   23535.000     0.989062      8101954        91.43
   24127.000     0.990625      8114670       106.67
   24783.000     0.992188      8127670       128.00
   25135.000     0.992969      8133878       142.22
   25535.000     0.993750      8140341       160.00
   25967.000     0.994531      8146807       182.86
   26447.000     0.995313      8153156       213.33
   26991.000     0.996094      8159603       256.00
   27279.000     0.996484      8162683       284.44
   27615.000     0.996875      8165966       320.00
   27967.000     0.997266      8169142       365.71
   28367.000     0.997656      8172377       426.67
   28831.000     0.998047      8175486       512.00
   29103.000     0.998242      8177142       568.89
   29391.000     0.998437      8178657       640.00
   29727.000     0.998633      8180292       731.43
   30095.000     0.998828      8181867       853.33
   30527.000     0.999023      8183469      1024.00
   30783.000     0.999121      8184272      1137.78
   31071.000     0.999219      8185062      1280.00
   31391.000     0.999316      8185871      1462.86
   31759.000     0.999414      8186676      1706.67
   32223.000     0.999512      8187461      2048.00
   32463.000     0.999561      8187857      2275.56
   32799.000     0.999609      8188256      2560.00
   33119.000     0.999658      8188679      2925.71
   33503.000     0.999707      8189059      3413.33
   33951.000     0.999756      8189466      4096.00
   34207.000     0.999780      8189666      4551.11
   34495.000     0.999805      8189857      5120.00
   34847.000     0.999829      8190071      5851.43
   35167.000     0.999854      8190274      6826.67
   35647.000     0.999878      8190455      8192.00
   35967.000     0.999890      8190565      9102.22
   36223.000     0.999902      8190661     10240.00
   36511.000     0.999915      8190762     11702.86
   36863.000     0.999927      8190858     13653.33
   37343.000     0.999939      8190963     16384.00
   37503.000     0.999945      8191009     18204.44
   37663.000     0.999951      8191055     20480.00
   37983.000     0.999957      8191107     23405.71
   38399.000     0.999963      8191157     27306.67
   38847.000     0.999969      8191208     32768.00
   39039.000     0.999973      8191234     36408.89
   39263.000     0.999976      8191255     40960.00
   39583.000     0.999979      8191281     46811.43
   39999.000     0.999982      8191305     54613.33
   40191.000     0.999985      8191330     65536.00
   40383.000     0.999986      8191342     72817.78
   40639.000     0.999988      8191356     81920.00
   40927.000     0.999989      8191367     93622.86
   41439.000     0.999991      8191380    109226.67
   41727.000     0.999992      8191393    131072.00
   41855.000     0.999993      8191400    145635.56
   42175.000     0.999994      8191405    163840.00
   42335.000     0.999995      8191411    187245.71
   42495.000     0.999995      8191417    218453.33
   43071.000     0.999996      8191424    262144.00
   43135.000     0.999997      8191426    291271.11
   43391.000     0.999997      8191430    327680.00
   43519.000     0.999997      8191433    374491.43
   43871.000     0.999998      8191436    436906.67
   44031.000     0.999998      8191439    524288.00
   44607.000     0.999998      8191440    582542.22
   45023.000     0.999998      8191442    655360.00
   45183.000     0.999999      8191445    748982.86
   45183.000     0.999999      8191445    873813.33
   45311.000     0.999999      8191447   1048576.00
   45311.000     0.999999      8191447   1165084.44
   45439.000     0.999999      8191449   1310720.00
   45439.000     0.999999      8191449   1497965.71
   45727.000     0.999999      8191450   1747626.67
   45823.000     1.000000      8191451   2097152.00
   45823.000     1.000000      8191451   2330168.89
   45823.000     1.000000      8191451   2621440.00
   45951.000     1.000000      8191452   2995931.43
   45951.000     1.000000      8191452   3495253.33
   46207.000     1.000000      8191453   4194304.00
   46207.000     1.000000      8191453   4660337.78
   46207.000     1.000000      8191453   5242880.00
   46207.000     1.000000      8191453   5991862.86
   46207.000     1.000000      8191453   6990506.67
   46303.000     1.000000      8191454   8388608.00
   46303.000     1.000000      8191454          inf
#[Mean    =     5587.882, StdDeviation   =     5000.560]
#[Max     =    46303.000, Total count    =      8191454]
#[Buckets =            6, SubBuckets     =         2048]
