       Value   Percentile   TotalCount 1/(1-Percentile)

    5795.000     0.000000            1         1.00
   12287.000     0.100000        72768         1.11
   12567.000     0.200000       145777         1.25
   12791.000     0.300000       215089         1.43
   13015.000     0.400000       288445         1.67
   13271.000     0.500000       359535         2.00
   13447.000     0.550000       394229         2.22
   13679.000     0.600000       430199         2.50
   13999.000     0.650000       466250         2.86
   14383.000     0.700000       501561         3.33
   14799.000     0.750000       537438         4.00
   15031.000     0.775000       555602         4.44
   15239.000     0.800000       573445         5.00
   15479.000     0.825000       591750         5.71
   15711.000     0.850000       609094         6.67
   15951.000     0.875000       627010         8.00
   16079.000     0.887500       636263         8.89
   16215.000     0.900000       645455        10.00
   16351.000     0.912500       654097        11.43
   16511.000     0.925000       663063        13.33
   16735.000     0.937500       672230        16.00
   16863.000     0.943750       676227        17.78
   17055.000     0.950000       680912        20.00
   17279.000     0.956250       685424        22.86
   17503.000     0.962500       689712        26.67
   17823.000     0.968750       694170        32.00
   17999.000     0.971875       696370        35.56
   18287.000     0.975000       698714        40.00
   18575.000     0.978125       700914        45.71
   18847.000     0.981250       703114        53.33
   19295.000     0.984375       705407        64.00
   19551.000     0.985938       706513        71.11
   19855.000     0.987500       707579        80.00
   20175.000     0.989062       708713        91.43
   20543.000     0.990625       709822       106.67
   21007.000     0.992188       710922       128.00
   21439.000     0.992969       711488       142.22
   21727.000     0.993750       712064       160.00
   22047.000     0.994531       712613       182.86
   22527.000     0.995313       713158       213.33
   23935.000     0.996094       713743       256.00
   24191.000     0.996484       713997       284.44
   24639.000     0.996875       714306       320.00
   25007.000     0.997266       714566       365.71
   25615.000     0.997656       714836       426.67
   26703.000     0.998047       715115       512.00
   26991.000     0.998242       715264       568.89
   27311.000     0.998437       715401       640.00
   27695.000     0.998633       715537       731.43
   28047.000     0.998828       715675       853.33
   28495.000     0.999023       715818      1024.00
   28719.000     0.999121       715898      1137.78
   28911.000     0.999219       715964      1280.00
   29151.000     0.999316       716025      1462.86
   29839.000     0.999414       716095      1706.67
   30527.000     0.999512       716165      2048.00
   30591.000     0.999561       716207      2275.56
   31039.000     0.999609       716235      2560.00
   31647.000     0.999658       716275      2925.71
   32095.000     0.999707       716305      3413.33
   32431.000     0.999756       716343      4096.00
   32479.000     0.999780       716359      4551.11
   32527.000     0.999805       716376      5120.00
   33055.000     0.999829       716392      5851.43
   33631.000     0.999854       716410      6826.67
   34207.000     0.999878       716429      8192.00
   34239.000     0.999890       716439      9102.22
   34303.000     0.999902       716446     10240.00
   34495.000     0.999915       716462     11702.86
   34495.000     0.999927       716462     13653.33
   34527.000     0.999939       716471     16384.00
   34559.000     0.999945       716475     18204.44
   35711.000     0.999951       716480     20480.00
   37663.000     0.999957       716486     23405.71
   37695.000     0.999963       716489     27306.67
   37759.000     0.999969       716495     32768.00
   37759.000     0.999973       716495     36408.89
   37791.000     0.999976       716498     40960.00
   37823.000     0.999979       716501     46811.43
   37823.000     0.999982       716501     54613.33
   37855.000     0.999985       716506     65536.00
   37855.000     0.999986       716506     72817.78
   37855.000     0.999988       716506     81920.00
   37887.000     0.999989       716511     93622.86
   37887.000     0.999991       716511    109226.67
   37887.000     0.999992       716511    131072.00
   37887.000     0.999993       716511    145635.56
   37887.000     0.999994       716511    163840.00
   37887.000     0.999995       716511    187245.71
   37887.000     0.999995       716511    218453.33
   37919.000     0.999996       716514    262144.00
   37919.000     1.000000       716514          inf
#[Mean    =    13902.626, StdDeviation   =     1876.193]
#[Max     =    37919.000, Total count    =       716514]
#[Buckets =            6, SubBuckets     =         2048]
