       Value   Percentile   TotalCount 1/(1-Percentile)

      55.000     0.000000            1         1.00
     831.000     0.100000       795525         1.11
    1471.000     0.200000      1589365         1.25
    2209.000     0.300000      2385381         1.43
    3069.000     0.400000      3179748         1.67
    4087.000     0.500000      3973473         2.00
    4675.000     0.550000      4370977         2.22
    5343.000     0.600000      4769311         2.50
    6107.000     0.650000      5165351         2.86
    7011.000     0.700000      5563754         3.33
    8087.000     0.750000      5959976         4.00
    8719.000     0.775000      6160290         4.44
    9423.000     0.800000      6358334         5.00
   10239.000     0.825000      6555879         5.71
   11223.000     0.850000      6754995         6.67
   12447.000     0.875000      6953957         8.00
   13159.000     0.887500      7052198         8.89
   13983.000     0.900000      7151519        10.00
   14927.000     0.912500      7250931        11.43
   16015.000     0.925000      7350308        13.33
   17263.000     0.937500      7449569        16.00
   17967.000     0.943750      7499536        17.78
   18735.000     0.950000      7548785        20.00
   19615.000     0.956250      7598601        22.86
   20639.000     0.962500      7648459        26.67
   21887.000     0.968750      7697980        32.00
   22623.000     0.971875      7722596        35.56
   23439.000     0.975000      7747482        40.00
   24319.000     0.978125      7772550        45.71
   25215.000     0.981250      7797230        53.33
   26143.000     0.984375      7822142        64.00
   26623.000     0.985938      7834494        71.11
   27119.000     0.987500      7846703        80.00
   27663.000     0.989062      7859298        91.43
   28255.000     0.990625      7871693       106.67
   28911.000     0.992188      7884232       128.00
   29263.000     0.992969      7890422       142.22
   29631.000     0.993750      7896411       160.00
   30047.000     0.994531      7902693       182.86
   30495.000     0.995313      7908785       213.33
   31007.000     0.996094      7915016       256.00
   31295.000     0.996484      7918221       284.44
   31583.000     0.996875      7921231       320.00
   31919.000     0.997266      7924401       365.71
   32287.000     0.997656      7927501       426.67
   32703.000     0.998047      7930589       512.00
   32959.000     0.998242      7932217       568.89
   33215.000     0.998437      7933645       640.00
   33535.000     0.998633      7935251       731.43
   33887.000     0.998828      7936837       853.33
   34271.000     0.999023      7938397      1024.00
   34463.000     0.999121      7939064      1137.78
   34719.000     0.999219      7939825      1280.00
   35039.000     0.999316      7940616      1462.86
   35391.000     0.999414      7941432      1706.67
   35775.000     0.999512      7942198      2048.00
   35967.000     0.999561      7942547      2275.56
   36223.000     0.999609      7942966      2560.00
   36479.000     0.999658      7943319      2925.71
   36799.000     0.999707      7943712      3413.33
   37215.000     0.999756      7944124      4096.00
   37375.000     0.999780      7944303      4551.11
   37599.000     0.999805      7944481      5120.00
   37951.000     0.999829      7944685      5851.43
   38207.000     0.999854      7944869      6826.67
   38623.000     0.999878      7945060      8192.00
   38847.000     0.999890      7945165      9102.22
   39071.000     0.999902      7945260     10240.00
   39295.000     0.999915      7945354     11702.86
   39583.000     0.999927      7945451     13653.33
   39871.000     0.999939      7945547     16384.00
   40095.000     0.999945      7945593     18204.44
   40319.000     0.999951      7945645     20480.00
   40543.000     0.999957      7945690     23405.71
   40863.000     0.999963      7945741     27306.67
   41183.000     0.999969      7945786     32768.00
   41407.000     0.999973      7945810     36408.89
   41695.000     0.999976      7945835     40960.00
   42015.000     0.999979      7945860     46811.43
   42399.000     0.999982      7945887     54613.33
   42655.000     0.999985      7945908     65536.00
   42847.000     0.999986      7945919     72817.78
   43327.000     0.999988      7945932     81920.00
   43583.000     0.999989      7945946     93622.86
   43807.000     0.999991      7945958    109226.67
   43935.000     0.999992      7945969    131072.00
   44095.000     0.999993      7945974    145635.56
   44191.000     0.999994      7945980    163840.00
   44319.000     0.999995      7945987    187245.71
   44415.000     0.999995      7945992    218453.33
   44511.000     0.999996      7946002    262144.00
   44511.000     0.999997      7946002    291271.11
   44543.000     0.999997      7946004    327680.00
   44639.000     0.999997      7946007    374491.43
   44703.000     0.999998      7946010    436906.67
   44767.000     0.999998      7946013    524288.00
   45183.000     0.999998      7946015    582542.22
   45279.000     0.999998      7946016    655360.00
   45727.000     0.999999      7946018    748982.86
   45791.000     0.999999      7946019    873813.33
   46623.000     0.999999      7946021   1048576.00
   46687.000     0.999999      7946022   1165084.44
   46687.000     0.999999      7946022   1310720.00
   46719.000     0.999999      7946023   1497965.71
   46943.000     0.999999      7946024   1747626.67
   47007.000     1.000000      7946025   2097152.00
   47007.000     1.000000      7946025   2330168.89
   47007.000     1.000000      7946025   2621440.00
   47135.000     1.000000      7946027   2995931.43
   47135.000     1.000000      7946027   3495253.33
   47135.000     1.000000      7946027   4194304.00
   47135.000     1.000000      7946027   4660337.78
   47135.000     1.000000      7946027   5242880.00
   47135.000     1.000000      7946027   5991862.86
   47135.000     1.000000      7946027   6990506.67
   47231.000     1.000000      7946028   8388608.00
   47231.000     1.000000      7946028          inf
#[Mean    =     6019.063, StdDeviation   =     5951.696]
#[Max     =    47231.000, Total count    =      7946028]
#[Buckets =            6, SubBuckets     =         2048]
