       Value   Percentile   TotalCount 1/(1-Percentile)

     116.000     0.000000            1         1.00
     954.000     0.100000      1007699         1.11
    1349.000     0.200000      2013317         1.25
    1716.000     0.300000      3022246         1.43
    2117.000     0.400000      4029235         1.67
    2643.000     0.500000      5035235         2.00
    3017.000     0.550000      5536671         2.22
    3545.000     0.600000      6041512         2.50
    4307.000     0.650000      6543466         2.86
    5467.000     0.700000      7047689         3.33
    7435.000     0.750000      7549936         4.00
    8927.000     0.775000      7801597         4.44
   10727.000     0.800000      8053850         5.00
   12703.000     0.825000      8305442         5.71
   14743.000     0.850000      8556952         6.67
   16863.000     0.875000      8809705         8.00
   17999.000     0.887500      8935643         8.89
   19215.000     0.900000      9060681        10.00
   20591.000     0.912500      9186284        11.43
   22191.000     0.925000      9312286        13.33
   24143.000     0.937500      9438091        16.00
   25327.000     0.943750      9500574        17.78
   26703.000     0.950000      9563352        20.00
   28335.000     0.956250      9626192        22.86
   30319.000     0.962500      9689290        26.67
   32831.000     0.968750      9752550        32.00
   34303.000     0.971875      9784017        35.56
   35967.000     0.975000      9815460        40.00
   37791.000     0.978125      9846554        45.71
   39871.000     0.981250      9878057        53.33
   42207.000     0.984375      9909468        64.00
   43487.000     0.985938      9925090        71.11
   44927.000     0.987500      9940818        80.00
   46527.000     0.989062      9956734        91.43
   48351.000     0.990625      9972381       106.67
   50495.000     0.992188      9987922       128.00
   51743.000     0.992969      9995936       142.22
   53151.000     0.993750     10003789       160.00
   54719.000     0.994531     10011626       182.86
   56671.000     0.995313     10019439       213.33
   58943.000     0.996094     10027305       256.00
   60351.000     0.996484     10031172       284.44
   61951.000     0.996875     10035127       320.00
   63775.000     0.997266     10039033       365.71
   65983.000     0.997656     10043027       426.67
   68607.000     0.998047     10046955       512.00
   70143.000     0.998242     10048884       568.89
   71935.000     0.998437     10050838       640.00
   74175.000     0.998633     10052838       731.43
   77055.000     0.998828     10054797       853.33
   80191.000     0.999023     10056744      1024.00
   82303.000     0.999121     10057735      1137.78
   84479.000     0.999219     10058694      1280.00
   86847.000     0.999316     10059701      1462.86
   90047.000     0.999414     10060660      1706.67
   94527.000     0.999512     10061643      2048.00
   97471.000     0.999561     10062140      2275.56
  100799.000     0.999609     10062630      2560.00
  105407.000     0.999658     10063121      2925.71
  110591.000     0.999707     10063608      3413.33
  115391.000     0.999756     10064102      4096.00
  117887.000     0.999780     10064348      4551.11
  121727.000     0.999805     10064595      5120.00
  125311.000     0.999829     10064841      5851.43
  131327.000     0.999854     10065085      6826.67
  137983.000     0.999878     10065332      8192.00
  141311.000     0.999890     10065456      9102.22
  146559.000     0.999902     10065575     10240.00
  167423.000     0.999915     10065698     11702.86
  206847.000     0.999927     10065820     13653.33
  211455.000     0.999939     10065943     16384.00
  214527.000     0.999945     10066008     18204.44
  249727.000     0.999951     10066066     20480.00
  258047.000     0.999957     10066128     23405.71
  268543.000     0.999963     10066190     27306.67
  275711.000     0.999969     10066252     32768.00
  278015.000     0.999973     10066281     36408.89
  450303.000     0.999976     10066318     40960.00
  452607.000     0.999979     10066344     46811.43
  453887.000     0.999982     10066382     54613.33
  456191.000     0.999985     10066405     65536.00
  458751.000     0.999986     10066419     72817.78
  460543.000     0.999988     10066435     81920.00
  462847.000     0.999989     10066454     93622.86
  463871.000     0.999991     10066467    109226.67
  465151.000     0.999992     10066481    131072.00
  465663.000     0.999993     10066490    145635.56
  465919.000     0.999994     10066497    163840.00
  466175.000     0.999995     10066508    187245.71
  466431.000     0.999995     10066514    218453.33
  466943.000     0.999996     10066522    262144.00
  467199.000     0.999997     10066530    291271.11
  467199.000     0.999997     10066530    327680.00
  467455.000     0.999997     10066535    374491.43
  467455.000     0.999998     10066535    436906.67
  467711.000     0.999998     10066540    524288.00
  467711.000     0.999998     10066540    582542.22
  468223.000     0.999998     10066544    655360.00
  468223.000     0.999999     10066544    748982.86
  468479.000     0.999999     10066549    873813.33
  468479.000     0.999999     10066549   1048576.00
  468479.000     0.999999     10066549   1165084.44
  468735.000     0.999999     10066555   1310720.00
  468735.000     0.999999     10066555   1497965.71
  468735.000     0.999999     10066555   1747626.67
  468735.000     1.000000     10066555   2097152.00
  468735.000     1.000000     10066555   2330168.89
  468735.000     1.000000     10066555   2621440.00
  468735.000     1.000000     10066555   2995931.43
  468735.000     1.000000     10066555   3495253.33
  468735.000     1.000000     10066555   4194304.00
  468735.000     1.000000     10066555   4660337.78
  468991.000     1.000000     10066556   5242880.00
  468991.000     1.000000     10066556   5991862.86
  468991.000     1.000000     10066556   6990506.67
  468991.000     1.000000     10066556   8388608.00
  468991.000     1.000000     10066556   9320675.55
  469247.000     1.000000     10066557  10485760.00
  469247.000     1.000000     10066557          inf
#[Mean    =     6884.998, StdDeviation   =    10366.078]
#[Max     =   469247.000, Total count    =     10066557]
#[Buckets =            9, SubBuckets     =         2048]
