       Value   Percentile   TotalCount 1/(1-Percentile)

     187.000     0.000000            1         1.00
    2089.000     0.100000       348151         1.11
    5687.000     0.200000       696052         1.25
    9159.000     0.300000      1044166         1.43
   12727.000     0.400000      1392831         1.67
   16079.000     0.500000      1740325         2.00
   17887.000     0.550000      1915122         2.22
   19903.000     0.600000      2089158         2.50
   22031.000     0.650000      2262645         2.86
   24655.000     0.700000      2436659         3.33
   27887.000     0.750000      2610509         4.00
   29727.000     0.775000      2697649         4.44
   31807.000     0.800000      2784509         5.00
   34303.000     0.825000      2871810         5.71
   37119.000     0.850000      2958437         6.67
   40383.000     0.875000      3045782         8.00
   42303.000     0.887500      3089193         8.89
   44191.000     0.900000      3132850        10.00
   46047.000     0.912500      3176305        11.43
   47967.000     0.925000      3219722        13.33
   50431.000     0.937500      3262659        16.00
   51871.000     0.943750      3284707        17.78
   53503.000     0.950000      3306232        20.00
   56223.000     0.956250      3327919        22.86
   59935.000     0.962500      3349710        26.67
   66751.000     0.968750      3371465        32.00
   71167.000     0.971875      3382287        35.56
   76671.000     0.975000      3393215        40.00
   83583.000     0.978125      3404093        45.71
   91199.000     0.981250      3414930        53.33
  100223.000     0.984375      3425821        64.00
  105279.000     0.985938      3431226        71.11
  110655.000     0.987500      3436665        80.00
  116479.000     0.989062      3442109        91.43
  123327.000     0.990625      3447557       106.67
  131967.000     0.992188      3453003       128.00
  136831.000     0.992969      3455729       142.22
  141567.000     0.993750      3458443       160.00
  146559.000     0.994531      3461143       182.86
  153087.000     0.995313      3463872       213.33
  161279.000     0.996094      3466597       256.00
  165503.000     0.996484      3467969       284.44
  170879.000     0.996875      3469294       320.00
  176895.000     0.997266      3470669       365.71
  183679.000     0.997656      3472032       426.67
  192127.000     0.998047      3473374       512.00
  197887.000     0.998242      3474060       568.89
  203263.000     0.998437      3474729       640.00
  210943.000     0.998633      3475408       731.43
  220031.000     0.998828      3476089       853.33
  233855.000     0.999023      3476770      1024.00
  239743.000     0.999121      3477110      1137.78
  246399.000     0.999219      3477447      1280.00
  255103.000     0.999316      3477786      1462.86
  266495.000     0.999414      3478130      1706.67
  276735.000     0.999512      3478466      2048.00
  283135.000     0.999561      3478636      2275.56
  297471.000     0.999609      3478809      2560.00
  313087.000     0.999658      3478977      2925.71
  327935.000     0.999707      3479146      3413.33
  339967.000     0.999756      3479323      4096.00
  346367.000     0.999780      3479401      4551.11
  356351.000     0.999805      3479487      5120.00
  362495.000     0.999829      3479572      5851.43
  369919.000     0.999854      3479658      6826.67
  390655.000     0.999878      3479742      8192.00
  397567.000     0.999890      3479783      9102.22
  406527.000     0.999902      3479829     10240.00
  412927.000     0.999915      3479868     11702.86
  440575.000     0.999927      3479911     13653.33
  447487.000     0.999939      3479954     16384.00
  468479.000     0.999945      3479974     18204.44
  481791.000     0.999951      3479996     20480.00
  498687.000     0.999957      3480017     23405.71
  522495.000     0.999963      3480038     27306.67
  633343.000     0.999969      3480059     32768.00
  651263.000     0.999973      3480070     36408.89
  715775.000     0.999976      3480081     40960.00
  724479.000     0.999979      3480092     46811.43
  733183.000     0.999982      3480102     54613.33
  741887.000     0.999985      3480113     65536.00
  746495.000     0.999986      3480118     72817.78
  748031.000     0.999988      3480124     81920.00
  749567.000     0.999989      3480128     93622.86
  752127.000     0.999991      3480135    109226.67
  753663.000     0.999992      3480139    131072.00
  755711.000     0.999993      3480142    145635.56
  756223.000     0.999994      3480144    163840.00
  758271.000     0.999995      3480152    187245.71
  758271.000     0.999995      3480152    218453.33
  758271.000     0.999996      3480152    262144.00
  758783.000     0.999997      3480157    291271.11
  758783.000     0.999997      3480157    327680.00
  758783.000     0.999997      3480157    374491.43
  759807.000     0.999998      3480160    436906.67
  759807.000     0.999998      3480160    524288.00
  759807.000     0.999998      3480160    582542.22
  759807.000     0.999998      3480160    655360.00
  760831.000     0.999999      3480161    748982.86
  761343.000     0.999999      3480163    873813.33
  761343.000     0.999999      3480163   1048576.00
  761343.000     0.999999      3480163   1165084.44
  761343.000     0.999999      3480163   1310720.00
  761343.000     0.999999      3480163   1497965.71
  762367.000     0.999999      3480165   1747626.67
  762367.000     1.000000      3480165          inf
#[Mean    =    21399.259, StdDeviation   =    23685.371]
#[Max     =   762367.000, Total count    =      3480165]
#[Buckets =           10, SubBuckets     =         2048]
