       Value   Percentile   TotalCount 1/(1-Percentile)

      41.000     0.000000            6         1.00
      60.000     0.100000       235229         1.11
      64.000     0.200000       469188         1.25
      68.000     0.300000       773475         1.43
      70.000     0.400000      1030925         1.67
      72.000     0.500000      1236901         2.00
      73.000     0.550000      1312644         2.22
      75.000     0.600000      1422836         2.50
      77.000     0.650000      1515078         2.86
      79.000     0.700000      1607292         3.33
      82.000     0.750000      1730732         4.00
      84.000     0.775000      1804932         4.44
      86.000     0.800000      1854774         5.00
      89.000     0.825000      1905689         5.71
      93.000     0.850000      1955681         6.67
     101.000     0.875000      2007772         8.00
     109.000     0.887500      2036683         8.89
     117.000     0.900000      2065677        10.00
     131.000     0.912500      2092992        11.43
     162.000     0.925000      2126771        13.33
     164.000     0.937500      2185338        16.00
     164.000     0.943750      2185338        17.78
     164.000     0.950000      2185338        20.00
     165.000     0.956250      2227493        22.86
     165.000     0.962500      2227493        26.67
     165.000     0.968750      2227493        32.00
     166.000     0.971875      2257095        35.56
     166.000     0.975000      2257095        40.00
     166.000     0.978125      2257095        45.71
     166.000     0.981250      2257095        53.33
     166.000     0.984375      2257095        64.00
     167.000     0.985938      2270616        71.11
     167.000     0.987500      2270616        80.00
     167.000     0.989062      2270616        91.43
     168.000     0.990625      2275635       106.67
     168.000     0.992188      2275635       128.00
     169.000     0.992969      2277495       142.22
     170.000     0.993750      2278275       160.00
     175.000     0.994531      2280042       182.86
     182.000     0.995313      2281747       213.33
     191.000     0.996094      2283487       256.00
     197.000     0.996484      2284477       284.44
     199.000     0.996875      2285227       320.00
     201.000     0.997266      2286078       365.71
     205.000     0.997656      2287120       426.67
     208.000     0.998047      2288062       512.00
     209.000     0.998242      2288387       568.89
     211.000     0.998437      2289029       640.00
     212.000     0.998633      2289345       731.43
     213.000     0.998828      2289701       853.33
     215.000     0.999023      2290451      1024.00
     215.000     0.999121      2290451      1137.78
     216.000     0.999219      2290802      1280.00
     216.000     0.999316      2290802      1462.86
     217.000     0.999414      2291144      1706.67
     218.000     0.999512      2291426      2048.00
     218.000     0.999561      2291426      2275.56
     219.000     0.999609      2291645      2560.00
     219.000     0.999658      2291645      2925.71
     220.000     0.999707      2291786      3413.33
     220.000     0.999756      2291786      4096.00
     221.000     0.999780      2291896      4551.11
     221.000     0.999805      2291896      5120.00
     222.000     0.999829      2291977      5851.43
     223.000     0.999854      2292054      6826.67
     223.000     0.999878      2292054      8192.00
     224.000     0.999890      2292114      9102.22
     224.000     0.999902      2292114     10240.00
     225.000     0.999915      2292174     11702.86
     225.000     0.999927      2292174     13653.33
     226.000     0.999939      2292209     16384.00
     226.000     0.999945      2292209     18204.44
     227.000     0.999951      2292237     20480.00
     227.000     0.999957      2292237     23405.71
     228.000     0.999963      2292251     27306.67
     229.000     0.999969      2292260     32768.00
     230.000     0.999973      2292266     36408.89
     231.000     0.999976      2292272     40960.00
     232.000     0.999979      2292280     46811.43
     233.000     0.999982      2292284     54613.33
     236.000     0.999985      2292291     65536.00
     237.000     0.999986      2292294     72817.78
     240.000     0.999988      2292298     81920.00
     242.000     0.999989      2292302     93622.86
     245.000     0.999991      2292305    109226.67
     331.000     0.999992      2292308    131072.00
     380.000     0.999993      2292311    145635.56
     423.000     0.999994      2292312    163840.00
     440.000     0.999995      2292313    187245.71
     473.000     0.999995      2292315    218453.33
     571.000     0.999996      2292317    262144.00
     576.000     0.999997      2292318    291271.11
     671.000     0.999997      2292319    327680.00
     671.000     0.999997      2292319    374491.43
     687.000     0.999998      2292320    436906.67
     694.000     0.999998      2292321    524288.00
     767.000     0.999998      2292322    582542.22
     767.000     0.999998      2292322    655360.00
     767.000     0.999999      2292322    748982.86
     795.000     0.999999      2292323    873813.33
     795.000     0.999999      2292323   1048576.00
     842.000     0.999999      2292324   1165084.44
     842.000     0.999999      2292324   1310720.00
     842.000     0.999999      2292324   1497965.71
     842.000     0.999999      2292324   1747626.67
     842.000     1.000000      2292324   2097152.00
     875.000     1.000000      2292325   2330168.89
     875.000     1.000000      2292325          inf
#[Mean    =       81.069, StdDeviation   =       28.951]
#[Max     =      875.000, Total count    =      2292325]
#[Buckets =            1, SubBuckets     =         2048]
