       Value   Percentile   TotalCount 1/(1-Percentile)

      57.000     0.000000            2         1.00
     798.000     0.100000       768831         1.11
    1578.000     0.200000      1535534         1.25
    2839.000     0.300000      2303682         1.43
    4147.000     0.400000      3070519         1.67
    5443.000     0.500000      3839373         2.00
    6155.000     0.550000      4222932         2.22
    6863.000     0.600000      4606258         2.50
    7555.000     0.650000      4989634         2.86
    8263.000     0.700000      5374406         3.33
    9031.000     0.750000      5758717         4.00
    9455.000     0.775000      5949136         4.44
    9935.000     0.800000      6140795         5.00
   10495.000     0.825000      6334718         5.71
   11175.000     0.850000      6526128         6.67
   12079.000     0.875000      6717034         8.00
   12695.000     0.887500      6813225         8.89
   13487.000     0.900000      6908141        10.00
   14599.000     0.912500      7004303        11.43
   16223.000     0.925000      7100250        13.33
   18591.000     0.937500      7196453        16.00
   20047.000     0.943750      7243907        17.78
   21791.000     0.950000      7292140        20.00
   23807.000     0.956250      7340164        22.86
   26159.000     0.962500      7388021        26.67
   29071.000     0.968750      7435828        32.00
   30863.000     0.971875      7459853        35.56
   32991.000     0.975000      7484124        40.00
   35359.000     0.978125      7507832        45.71
   38239.000     0.981250      7531821        53.33
   41951.000     0.984375      7555864        64.00
   44319.000     0.985938      7567847        71.11
   46911.000     0.987500      7579853        80.00
   49983.000     0.989062      7591779        91.43
   53567.000     0.990625      7603798       106.67
   57759.000     0.992188      7615703       128.00
   60479.000     0.992969      7621753       142.22
   63647.000     0.993750      7627737       160.00
   67327.000     0.994531      7633772       182.86
   71551.000     0.995313      7639744       213.33
   76735.000     0.996094      7645693       256.00
   79999.000     0.996484      7648699       284.44
   83519.000     0.996875      7651696       320.00
   87551.000     0.997266      7654710       365.71
   92479.000     0.997656      7657689       426.67
   97663.000     0.998047      7660702       512.00
  100863.000     0.998242      7662186       568.89
  104639.000     0.998437      7663692       640.00
  108287.000     0.998633      7665182       731.43
  112575.000     0.998828      7666679       853.33
  118399.000     0.999023      7668171      1024.00
  121343.000     0.999121      7668917      1137.78
  125055.000     0.999219      7669675      1280.00
  128831.000     0.999316      7670422      1462.86
  133375.000     0.999414      7671167      1706.67
  138751.000     0.999512      7671920      2048.00
  141823.000     0.999561      7672302      2275.56
  146175.000     0.999609      7672678      2560.00
  150271.000     0.999658      7673043      2925.71
  155135.000     0.999707      7673422      3413.33
  162047.000     0.999756      7673792      4096.00
  168447.000     0.999780      7673981      4551.11
  179967.000     0.999805      7674164      5120.00
  193151.000     0.999829      7674354      5851.43
  204927.000     0.999854      7674539      6826.67
  239615.000     0.999878      7674727      8192.00
  250879.000     0.999890      7674820      9102.22
  263423.000     0.999902      7674914     10240.00
  278015.000     0.999915      7675010     11702.86
  281343.000     0.999927      7675108     13653.33
  309759.000     0.999939      7675195     16384.00
  315647.000     0.999945      7675243     18204.44
  319743.000     0.999951      7675295     20480.00
  321023.000     0.999957      7675342     23405.71
  324351.000     0.999963      7675384     27306.67
  341759.000     0.999969      7675429     32768.00
  375295.000     0.999973      7675453     36408.89
  383743.000     0.999976      7675476     40960.00
  405503.000     0.999979      7675501     46811.43
  410111.000     0.999982      7675524     54613.33
  412415.000     0.999985      7675549     65536.00
  414463.000     0.999986      7675559     72817.78
  424191.000     0.999988      7675570     81920.00
  438015.000     0.999989      7675583     93622.86
  438783.000     0.999991      7675593    109226.67
  440831.000     0.999992      7675605    131072.00
  442111.000     0.999993      7675615    145635.56
  442367.000     0.999994      7675618    163840.00
  443903.000     0.999995      7675625    187245.71
  444159.000     0.999995      7675628    218453.33
  444927.000     0.999996      7675634    262144.00
  445439.000     0.999997      7675637    291271.11
  445695.000     0.999997      7675640    327680.00
  445951.000     0.999997      7675645    374491.43
  446207.000     0.999998      7675646    436906.67
  446463.000     0.999998      7675649    524288.00
  446719.000     0.999998      7675653    582542.22
  446719.000     0.999998      7675653    655360.00
  446719.000     0.999999      7675653    748982.86
  447231.000     0.999999      7675658    873813.33
  447231.000     0.999999      7675658   1048576.00
  447231.000     0.999999      7675658   1165084.44
  447231.000     0.999999      7675658   1310720.00
  447231.000     0.999999      7675658   1497965.71
  447487.000     0.999999      7675659   1747626.67
  447743.000     1.000000      7675660   2097152.00
  447743.000     1.000000      7675660   2330168.89
  447999.000     1.000000      7675663   2621440.00
  447999.000     1.000000      7675663          inf
#[Mean    =     7539.682, StdDeviation   =    10731.028]
#[Max     =   447999.000, Total count    =      7675663]
#[Buckets =            9, SubBuckets     =         2048]
