       Value   Percentile   TotalCount 1/(1-Percentile)

      87.000     0.000000            2         1.00
     602.000     0.100000       850943         1.11
    1138.000     0.200000      1701936         1.25
    1700.000     0.300000      2552317         1.43
    2473.000     0.400000      3402555         1.67
    3579.000     0.500000      4253005         2.00
    4147.000     0.550000      4678900         2.22
    4687.000     0.600000      5105061         2.50
    5211.000     0.650000      5528558         2.86
    5743.000     0.700000      5953758         3.33
    6307.000     0.750000      6381470         4.00
    6607.000     0.775000      6593810         4.44
    6927.000     0.800000      6804862         5.00
    7279.000     0.825000      7017414         5.71
    7671.000     0.850000      7229586         6.67
    8123.000     0.875000      7442307         8.00
    8383.000     0.887500      7550259         8.89
    8663.000     0.900000      7655122        10.00
    8983.000     0.912500      7762154        11.43
    9351.000     0.925000      7868681        13.33
    9783.000     0.937500      7974019        16.00
   10039.000     0.943750      8027054        17.78
   10327.000     0.950000      8080213        20.00
   10655.000     0.956250      8132813        22.86
   11047.000     0.962500      8186073        26.67
   11519.000     0.968750      8238995        32.00
   11799.000     0.971875      8265848        35.56
   12111.000     0.975000      8292282        40.00
   12471.000     0.978125      8318819        45.71
   12895.000     0.981250      8345669        53.33
   13399.000     0.984375      8371816        64.00
   13703.000     0.985938      8385270        71.11
   14047.000     0.987500      8398519        80.00
   14447.000     0.989062      8411884        91.43
   14919.000     0.990625      8425094       106.67
   15511.000     0.992188      8438268       128.00
   15879.000     0.992969      8444908       142.22
   16311.000     0.993750      8451550       160.00
   16847.000     0.994531      8458323       182.86
   17503.000     0.995313      8464939       213.33
   18367.000     0.996094      8471519       256.00
   18927.000     0.996484      8474839       284.44
   19599.000     0.996875      8478175       320.00
   20383.000     0.997266      8481444       365.71
   21295.000     0.997656      8484755       426.67
   22383.000     0.998047      8488106       512.00
   23007.000     0.998242      8489741       568.89
   23727.000     0.998437      8491422       640.00
   24495.000     0.998633      8493057       731.43
   25391.000     0.998828      8494740       853.33
   26303.000     0.999023      8496378      1024.00
   26815.000     0.999121      8497223      1137.78
   27343.000     0.999219      8498038      1280.00
   27935.000     0.999316      8498871      1462.86
   28559.000     0.999414      8499698      1706.67
   29247.000     0.999512      8500533      2048.00
   29647.000     0.999561      8500946      2275.56
   30095.000     0.999609      8501362      2560.00
   30559.000     0.999658      8501782      2925.71
   31071.000     0.999707      8502189      3413.33
   31791.000     0.999756      8502604      4096.00
   32303.000     0.999780      8502812      4551.11
   32927.000     0.999805      8503020      5120.00
   33567.000     0.999829      8503233      5851.43
   34367.000     0.999854      8503437      6826.67
   35135.000     0.999878      8503643      8192.00
   35583.000     0.999890      8503749      9102.22
   36031.000     0.999902      8503852     10240.00
   36575.000     0.999915      8503954     11702.86
   37215.000     0.999927      8504058     13653.33
   37983.000     0.999939      8504162     16384.00
   38335.000     0.999945      8504216     18204.44
   38687.000     0.999951      8504265     20480.00
   39103.000     0.999957      8504321     23405.71
   39487.000     0.999963      8504369     27306.67
   39999.000     0.999969      8504422     32768.00
   40287.000     0.999973      8504450     36408.89
   40543.000     0.999976      8504474     40960.00
   40895.000     0.999979      8504499     46811.43
   41407.000     0.999982      8504525     54613.33
   42207.000     0.999985      8504551     65536.00
   42559.000     0.999986      8504564     72817.78
   43295.000     0.999988      8504577     81920.00
   43903.000     0.999989      8504590     93622.86
   44927.000     0.999991      8504603    109226.67
   45951.000     0.999992      8504616    131072.00
   46527.000     0.999993      8504623    145635.56
   47135.000     0.999994      8504629    163840.00
   47391.000     0.999995      8504635    187245.71
   47647.000     0.999995      8504642    218453.33
   48351.000     0.999996      8504648    262144.00
   48831.000     0.999997      8504651    291271.11
   49279.000     0.999997      8504655    327680.00
   49471.000     0.999997      8504659    374491.43
   49567.000     0.999998      8504661    436906.67
   49951.000     0.999998      8504665    524288.00
   50143.000     0.999998      8504666    582542.22
   50239.000     0.999998      8504668    655360.00
   50591.000     0.999999      8504669    748982.86
   50943.000     0.999999      8504671    873813.33
   51007.000     0.999999      8504672   1048576.00
   51199.000     0.999999      8504673   1165084.44
   51359.000     0.999999      8504674   1310720.00
   51551.000     0.999999      8504675   1497965.71
   51967.000     0.999999      8504676   1747626.67
   51967.000     1.000000      8504676   2097152.00
   52127.000     1.000000      8504677   2330168.89
   52127.000     1.000000      8504677   2621440.00
   52255.000     1.000000      8504678   2995931.43
   52255.000     1.000000      8504678   3495253.33
   52255.000     1.000000      8504678   4194304.00
   52511.000     1.000000      8504679   4660337.78
   52511.000     1.000000      8504679   5242880.00
   52511.000     1.000000      8504679   5991862.86
   52511.000     1.000000      8504679   6990506.67
   52511.000     1.000000      8504679   8388608.00
   52543.000     1.000000      8504680   9320675.55
   52543.000     1.000000      8504680          inf
#[Mean    =     4246.859, StdDeviation   =     3467.118]
#[Max     =    52543.000, Total count    =      8504680]
#[Buckets =            6, SubBuckets     =         2048]
