       Value   Percentile   TotalCount 1/(1-Percentile)

     108.000     0.000000            1         1.00
     156.000     0.100000        12994         1.11
     187.000     0.200000        26024         1.25
     196.000     0.300000        41776         1.43
     206.000     0.400000        52254         1.67
     218.000     0.500000        65036         2.00
     228.000     0.550000        72171         2.22
     237.000     0.600000        78188         2.50
     248.000     0.650000        85347         2.86
     251.000     0.700000        93572         3.33
     252.000     0.750000        97970         4.00
     254.000     0.775000       101426         4.44
     258.000     0.800000       103937         5.00
     265.000     0.825000       107164         5.71
     269.000     0.850000       111359         6.67
     270.000     0.875000       114779         8.00
     271.000     0.887500       118283         8.89
     271.000     0.900000       118283        10.00
     272.000     0.912500       120314        11.43
     272.000     0.925000       120314        13.33
     274.000     0.937500       122077        16.00
     275.000     0.943750       122662        17.78
     277.000     0.950000       123721        20.00
     278.000     0.956250       124215        22.86
     280.000     0.962500       125031        26.67
     283.000     0.968750       125952        32.00
     284.000     0.971875       126160        35.56
     286.000     0.975000       126565        40.00
     288.000     0.978125       126914        45.71
     291.000     0.981250       127347        53.33
     294.000     0.984375       127717        64.00
     297.000     0.985938       127973        71.11
     300.000     0.987500       128129        80.00
     304.000     0.989062       128318        91.43
     311.000     0.990625       128549       106.67
     316.000     0.992188       128724       128.00
     325.000     0.992969       128834       142.22
     331.000     0.993750       128960       160.00
     334.000     0.994531       129038       182.86
     349.000     0.995313       129128       213.33
     398.000     0.996094       129229       256.00
     422.000     0.996484       129280       284.44
     438.000     0.996875       129333       320.00
     445.000     0.997266       129381       365.71
     454.000     0.997656       129431       426.67
     461.000     0.998047       129485       512.00
     468.000     0.998242       129507       568.89
     472.000     0.998437       129534       640.00
     476.000     0.998633       129575       731.43
     477.000     0.998828       129593       853.33
     479.000     0.999023       129611      1024.00
     482.000     0.999121       129622      1137.78
     488.000     0.999219       129636      1280.00
     494.000     0.999316       129651      1462.86
     495.000     0.999414       129660      1706.67
     497.000     0.999512       129678      2048.00
     497.000     0.999561       129678      2275.56
     498.000     0.999609       129685      2560.00
     499.000     0.999658       129691      2925.71
     504.000     0.999707       129697      3413.33
     509.000     0.999756       129704      4096.00
     510.000     0.999780       129707      4551.11
     513.000     0.999805       129710      5120.00
     515.000     0.999829       129713      5851.43
     517.000     0.999854       129716      6826.67
     538.000     0.999878       129720      8192.00
     541.000     0.999890       129721      9102.22
     552.000     0.999902       129723     10240.00
     565.000     0.999915       129724     11702.86
     607.000     0.999927       129726     13653.33
     629.000     0.999939       129728     16384.00
     629.000     0.999945       129728     18204.44
     678.000     0.999951       129729     20480.00
     943.000     0.999957       129730     23405.71
    1647.000     0.999963       129731     27306.67
    2153.000     0.999969       129732     32768.00
    2153.000     0.999973       129732     36408.89
    2153.000     0.999976       129732     40960.00
   17327.000     0.999979       129733     46811.43
   17327.000     0.999982       129733     54613.33
   17503.000     0.999985       129734     65536.00
   17503.000     0.999986       129734     72817.78
   17503.000     0.999988       129734     81920.00
   17503.000     0.999989       129734     93622.86
   17503.000     0.999991       129734    109226.67
   23055.000     0.999992       129735    131072.00
   23055.000     1.000000       129735          inf
#[Mean    =      220.325, StdDeviation   =      103.507]
#[Max     =    23055.000, Total count    =       129735]
#[Buckets =            5, SubBuckets     =         2048]
