       Value   Percentile   TotalCount 1/(1-Percentile)

      87.000     0.000000            1         1.00
     118.000     0.100000       141112         1.11
     123.000     0.200000       283876         1.25
     127.000     0.300000       421729         1.43
     131.000     0.400000       563191         1.67
     135.000     0.500000       698960         2.00
     137.000     0.550000       762635         2.22
     139.000     0.600000       822914         2.50
     141.000     0.650000       878717         2.86
     144.000     0.700000       954302         3.33
     147.000     0.750000      1017961         4.00
     148.000     0.775000      1036723         4.44
     150.000     0.800000      1070689         5.00
     153.000     0.825000      1113287         5.71
     155.000     0.850000      1136828         6.67
     159.000     0.875000      1174680         8.00
     161.000     0.887500      1189638         8.89
     164.000     0.900000      1207777        10.00
     167.000     0.912500      1221963        11.43
     171.000     0.925000      1236640        13.33
     178.000     0.937500      1254649        16.00
     182.000     0.943750      1262754        17.78
     186.000     0.950000      1270297        20.00
     191.000     0.956250      1279363        22.86
     196.000     0.962500      1288153        26.67
     201.000     0.968750      1295967        32.00
     204.000     0.971875      1299929        35.56
     207.000     0.975000      1303401        40.00
     212.000     0.978125      1308059        45.71
     218.000     0.981250      1312293        53.33
     225.000     0.984375      1316147        64.00
     229.000     0.985938      1318123        71.11
     233.000     0.987500      1320170        80.00
     237.000     0.989062      1322164        91.43
     242.000     0.990625      1324555       106.67
     246.000     0.992188      1326382       128.00
     249.000     0.992969      1327695       142.22
     251.000     0.993750      1328457       160.00
     254.000     0.994531      1329567       182.86
     257.000     0.995313      1330528       213.33
     261.000     0.996094      1331642       256.00
     263.000     0.996484      1332118       284.44
     266.000     0.996875      1332768       320.00
     268.000     0.997266      1333110       365.71
     272.000     0.997656      1333755       426.67
     275.000     0.998047      1334179       512.00
     277.000     0.998242      1334437       568.89
     279.000     0.998437      1334674       640.00
     282.000     0.998633      1334978       731.43
     284.000     0.998828      1335171       853.33
     288.000     0.999023      1335459      1024.00
     290.000     0.999121      1335583      1137.78
     292.000     0.999219      1335708      1280.00
     295.000     0.999316      1335844      1462.86
     298.000     0.999414      1335979      1706.67
     301.000     0.999512      1336077      2048.00
     304.000     0.999561      1336161      2275.56
     307.000     0.999609      1336225      2560.00
     311.000     0.999658      1336279      2925.71
     317.000     0.999707      1336344      3413.33
     326.000     0.999756      1336406      4096.00
     334.000     0.999780      1336440      4551.11
     344.000     0.999805      1336470      5120.00
     366.000     0.999829      1336503      5851.43
     414.000     0.999854      1336534      6826.67
     660.000     0.999878      1336566      8192.00
    1224.000     0.999890      1336583      9102.22
    2040.000     0.999902      1336600     10240.00
    3095.000     0.999915      1336615     11702.86
    3799.000     0.999927      1336632     13653.33
   19343.000     0.999939      1336648     16384.00
   21567.000     0.999945      1336656     18204.44
   23839.000     0.999951      1336664     20480.00
   27999.000     0.999957      1336672     23405.71
   30847.000     0.999963      1336681     27306.67
   38943.000     0.999969      1336689     32768.00
   39775.000     0.999973      1336693     36408.89
   40223.000     0.999976      1336697     40960.00
   41791.000     0.999979      1336701     46811.43
   42783.000     0.999982      1336707     54613.33
   43871.000     0.999985      1336710     65536.00
   44383.000     0.999986      1336712     72817.78
   44831.000     0.999988      1336713     81920.00
   46719.000     0.999989      1336715     93622.86
   47103.000     0.999991      1336717    109226.67
   49343.000     0.999992      1336720    131072.00
   49343.000     0.999993      1336720    145635.56
   50975.000     0.999994      1336721    163840.00
   51039.000     0.999995      1336722    187245.71
   52031.000     0.999995      1336723    218453.33
   52447.000     0.999996      1336724    262144.00
   52511.000     0.999997      1336725    291271.11
   52511.000     0.999997      1336725    327680.00
   52639.000     0.999997      1336726    374491.43
   52639.000     0.999998      1336726    436906.67
   53695.000     0.999998      1336727    524288.00
   53695.000     0.999998      1336727    582542.22
   53695.000     0.999998      1336727    655360.00
   53791.000     0.999999      1336728    748982.86
   53791.000     0.999999      1336728    873813.33
   53791.000     0.999999      1336728   1048576.00
   53791.000     0.999999      1336728   1165084.44
   53791.000     0.999999      1336728   1310720.00
   56895.000     0.999999      1336729   1497965.71
   56895.000     1.000000      1336729          inf
#[Mean    =      142.009, StdDeviation   =      295.813]
#[Max     =    56895.000, Total count    =      1336729]
#[Buckets =            6, SubBuckets     =         2048]
