       Value   Percentile   TotalCount 1/(1-Percentile)

      67.000     0.000000            1         1.00
     715.000     0.100000       843930         1.11
    1332.000     0.200000      1686374         1.25
    2047.000     0.300000      2529174         1.43
    3157.000     0.400000      3371800         1.67
    4367.000     0.500000      4214584         2.00
    4815.000     0.550000      4639080         2.22
    5219.000     0.600000      5060797         2.50
    5619.000     0.650000      5481044         2.86
    6039.000     0.700000      5900317         3.33
    6503.000     0.750000      6322207         4.00
    6755.000     0.775000      6532508         4.44
    7027.000     0.800000      6744382         5.00
    7319.000     0.825000      6955485         5.71
    7639.000     0.850000      7165754         6.67
    7999.000     0.875000      7375608         8.00
    8207.000     0.887500      7482745         8.89
    8431.000     0.900000      7587833        10.00
    8679.000     0.912500      7691437        11.43
    8975.000     0.925000      7799143        13.33
    9319.000     0.937500      7903766        16.00
    9519.000     0.943750      7955804        17.78
    9743.000     0.950000      8007611        20.00
    9999.000     0.956250      8060052        22.86
   10295.000     0.962500      8112764        26.67
   10647.000     0.968750      8165792        32.00
   10847.000     0.971875      8192076        35.56
   11071.000     0.975000      8218400        40.00
   11327.000     0.978125      8244910        45.71
   11615.000     0.981250      8270608        53.33
   11975.000     0.984375      8297123        64.00
   12183.000     0.985938      8310458        71.11
   12415.000     0.987500      8323323        80.00
   12695.000     0.989062      8336675        91.43
   13015.000     0.990625      8349543       106.67
   13431.000     0.992188      8362856       128.00
   13679.000     0.992969      8369365       142.22
   13975.000     0.993750      8375988       160.00
   14319.000     0.994531      8382549       182.86
   14743.000     0.995313      8389155       213.33
   15279.000     0.996094      8395656       256.00
   15607.000     0.996484      8398957       284.44
   15991.000     0.996875      8402218       320.00
   16479.000     0.997266      8405591       365.71
   17023.000     0.997656      8408801       426.67
   17727.000     0.998047      8412143       512.00
   18143.000     0.998242      8413794       568.89
   18623.000     0.998437      8415413       640.00
   19199.000     0.998633      8417066       731.43
   19887.000     0.998828      8418698       853.33
   20719.000     0.999023      8420334      1024.00
   21199.000     0.999121      8421152      1137.78
   21759.000     0.999219      8421981      1280.00
   22399.000     0.999316      8422809      1462.86
   23119.000     0.999414      8423618      1706.67
   24015.000     0.999512      8424451      2048.00
   24543.000     0.999561      8424862      2275.56
   25119.000     0.999609      8425269      2560.00
   25791.000     0.999658      8425678      2925.71
   26639.000     0.999707      8426095      3413.33
   27423.000     0.999756      8426498      4096.00
   27935.000     0.999780      8426708      4551.11
   28511.000     0.999805      8426922      5120.00
   29071.000     0.999829      8427118      5851.43
   29759.000     0.999854      8427323      6826.67
   30591.000     0.999878      8427528      8192.00
   31103.000     0.999890      8427631      9102.22
   31615.000     0.999902      8427733     10240.00
   32255.000     0.999915      8427836     11702.86
   32927.000     0.999927      8427943     13653.33
   33855.000     0.999939      8428042     16384.00
   34431.000     0.999945      8428094     18204.44
   35135.000     0.999951      8428145     20480.00
   35839.000     0.999957      8428196     23405.71
   36543.000     0.999963      8428247     27306.67
   37471.000     0.999969      8428299     32768.00
   38079.000     0.999973      8428325     36408.89
   38431.000     0.999976      8428351     40960.00
   39103.000     0.999979      8428375     46811.43
   40031.000     0.999982      8428403     54613.33
   40479.000     0.999985      8428427     65536.00
   40767.000     0.999986      8428440     72817.78
   41055.000     0.999988      8428454     81920.00
   41375.000     0.999989      8428466     93622.86
   41919.000     0.999991      8428478    109226.67
   42463.000     0.999992      8428491    131072.00
   42751.000     0.999993      8428498    145635.56
   43199.000     0.999994      8428504    163840.00
   43455.000     0.999995      8428510    187245.71
   43999.000     0.999995      8428518    218453.33
   44415.000     0.999996      8428523    262144.00
   44831.000     0.999997      8428527    291271.11
   44991.000     0.999997      8428530    327680.00
   45215.000     0.999997      8428533    374491.43
   45471.000     0.999998      8428536    436906.67
   46271.000     0.999998      8428539    524288.00
   46431.000     0.999998      8428541    582542.22
   47263.000     0.999998      8428543    655360.00
   47391.000     0.999999      8428544    748982.86
   47679.000     0.999999      8428546    873813.33
   48191.000     0.999999      8428547   1048576.00
   48447.000     0.999999      8428548   1165084.44
   48863.000     0.999999      8428549   1310720.00
   48991.000     0.999999      8428550   1497965.71
   49567.000     0.999999      8428551   1747626.67
   49567.000     1.000000      8428551   2097152.00
   49727.000     1.000000      8428552   2330168.89
   49727.000     1.000000      8428552   2621440.00
   50495.000     1.000000      8428553   2995931.43
   50495.000     1.000000      8428553   3495253.33
   50495.000     1.000000      8428553   4194304.00
   50847.000     1.000000      8428554   4660337.78
   50847.000     1.000000      8428554   5242880.00
   50847.000     1.000000      8428554   5991862.86
   50847.000     1.000000      8428554   6990506.67
   50847.000     1.000000      8428554   8388608.00
   51871.000     1.000000      8428555   9320675.55
   51871.000     1.000000      8428555          inf
#[Mean    =     4455.390, StdDeviation   =     3135.995]
#[Max     =    51871.000, Total count    =      8428555]
#[Buckets =            6, SubBuckets     =         2048]
