       Value   Percentile   TotalCount 1/(1-Percentile)

     108.000     0.000000            1         1.00
    1832.000     0.100000       142856         1.11
    7603.000     0.200000       285747         1.25
   14111.000     0.300000       428671         1.43
   21311.000     0.400000       571560         1.67
   31967.000     0.500000       714284         2.00
   39487.000     0.550000       785831         2.22
   50783.000     0.600000       857080         2.50
   62815.000     0.650000       928530         2.86
   73663.000     0.700000      1000251         3.33
   86015.000     0.750000      1071376         4.00
   93439.000     0.775000      1107119         4.44
  101503.000     0.800000      1142848         5.00
  109567.000     0.825000      1178506         5.71
  117567.000     0.850000      1214169         6.67
  125951.000     0.875000      1250046         8.00
  130175.000     0.887500      1267966         8.89
  134271.000     0.900000      1285610        10.00
  138367.000     0.912500      1303965        11.43
  142463.000     0.925000      1321617        13.33
  146815.000     0.937500      1339552        16.00
  148991.000     0.943750      1348196        17.78
  151423.000     0.950000      1357067        20.00
  154111.000     0.956250      1366228        22.86
  156927.000     0.962500      1374882        26.67
  160383.000     0.968750      1383924        32.00
  162431.000     0.971875      1388521        35.56
  164607.000     0.975000      1392907        40.00
  166911.000     0.978125      1397230        45.71
  169727.000     0.981250      1401833        53.33
  172799.000     0.984375      1406128        64.00
  174719.000     0.985938      1408401        71.11
  176767.000     0.987500      1410591        80.00
  179199.000     0.989062      1412908        91.43
  181631.000     0.990625      1415078       106.67
  184319.000     0.992188      1417267       128.00
  186111.000     0.992969      1418443       142.22
  188031.000     0.993750      1419576       160.00
  189823.000     0.994531      1420614       182.86
  192127.000     0.995313      1421760       213.33
  194559.000     0.996094      1422889       256.00
  195967.000     0.996484      1423448       284.44
  197375.000     0.996875      1423997       320.00
  199039.000     0.997266      1424549       365.71
  200959.000     0.997656      1425096       426.67
  203135.000     0.998047      1425651       512.00
  204287.000     0.998242      1425915       568.89
  205695.000     0.998437      1426209       640.00
  207103.000     0.998633      1426482       731.43
  208639.000     0.998828      1426764       853.33
  210175.000     0.999023      1427039      1024.00
  211199.000     0.999121      1427179      1137.78
  212351.000     0.999219      1427313      1280.00
  213375.000     0.999316      1427452      1462.86
  214783.000     0.999414      1427589      1706.67
  216319.000     0.999512      1427731      2048.00
  217343.000     0.999561      1427802      2275.56
  218111.000     0.999609      1427866      2560.00
  218879.000     0.999658      1427934      2925.71
  220287.000     0.999707      1428008      3413.33
  221439.000     0.999756      1428074      4096.00
  222335.000     0.999780      1428109      4551.11
  223359.000     0.999805      1428146      5120.00
  223999.000     0.999829      1428178      5851.43
  224895.000     0.999854      1428213      6826.67
  226175.000     0.999878      1428248      8192.00
  226815.000     0.999890      1428266      9102.22
  227711.000     0.999902      1428283     10240.00
  228351.000     0.999915      1428301     11702.86
  230271.000     0.999927      1428319     13653.33
  231423.000     0.999939      1428337     16384.00
  231935.000     0.999945      1428344     18204.44
  233087.000     0.999951      1428354     20480.00
  233599.000     0.999957      1428361     23405.71
  234623.000     0.999963      1428370     27306.67
  235263.000     0.999969      1428379     32768.00
  235391.000     0.999973      1428384     36408.89
  235647.000     0.999976      1428388     40960.00
  235903.000     0.999979      1428392     46811.43
  236287.000     0.999982      1428397     54613.33
  236543.000     0.999985      1428401     65536.00
  237567.000     0.999986      1428403     72817.78
  237823.000     0.999988      1428407     81920.00
  237823.000     0.999989      1428407     93622.86
  238207.000     0.999991      1428409    109226.67
  239743.000     0.999992      1428412    131072.00
  239871.000     0.999993      1428413    145635.56
  241791.000     0.999994      1428414    163840.00
  242559.000     0.999995      1428415    187245.71
  242687.000     0.999995      1428418    218453.33
  242687.000     0.999996      1428418    262144.00
  242687.000     0.999997      1428418    291271.11
  242687.000     0.999997      1428418    327680.00
  243327.000     0.999997      1428420    374491.43
  243327.000     0.999998      1428420    436906.67
  243327.000     0.999998      1428420    524288.00
  243327.000     0.999998      1428420    582542.22
  243327.000     0.999998      1428420    655360.00
  245247.000     0.999999      1428421    748982.86
  245247.000     0.999999      1428421    873813.33
  245247.000     0.999999      1428421   1048576.00
  245247.000     0.999999      1428421   1165084.44
  245247.000     0.999999      1428421   1310720.00
  245759.000     0.999999      1428422   1497965.71
  245759.000     1.000000      1428422          inf
#[Mean    =    52248.541, StdDeviation   =    50488.901]
#[Max     =   245759.000, Total count    =      1428422]
#[Buckets =            8, SubBuckets     =         2048]
