       Value   Percentile   TotalCount 1/(1-Percentile)

     115.000     0.000000            1         1.00
    2931.000     0.100000       336223         1.11
    6619.000     0.200000       672577         1.25
   10087.000     0.300000      1009008         1.43
   13519.000     0.400000      1345126         1.67
   16863.000     0.500000      1680930         2.00
   18559.000     0.550000      1849697         2.22
   20303.000     0.600000      2018150         2.50
   22223.000     0.650000      2185576         2.86
   24447.000     0.700000      2354169         3.33
   27231.000     0.750000      2521275         4.00
   28767.000     0.775000      2605493         4.44
   30479.000     0.800000      2689358         5.00
   32351.000     0.825000      2773657         5.71
   34431.000     0.850000      2858057         6.67
   37375.000     0.875000      2941496         8.00
   39487.000     0.887500      2983568         8.89
   42143.000     0.900000      3025733        10.00
   45503.000     0.912500      3067735        11.43
   49823.000     0.925000      3109733        13.33
   55487.000     0.937500      3151689        16.00
   59039.000     0.943750      3172583        17.78
   63263.000     0.950000      3193664        20.00
   68415.000     0.956250      3214598        22.86
   75199.000     0.962500      3235569        26.67
   83007.000     0.968750      3256636        32.00
   87295.000     0.971875      3267213        35.56
   91711.000     0.975000      3277679        40.00
   96831.000     0.978125      3288128        45.71
  102783.000     0.981250      3298647        53.33
  109439.000     0.984375      3309136        64.00
  113471.000     0.985938      3314356        71.11
  117887.000     0.987500      3319612        80.00
  122623.000     0.989062      3324877        91.43
  128831.000     0.990625      3330110       106.67
  137471.000     0.992188      3335373       128.00
  142207.000     0.992969      3337989       142.22
  147583.000     0.993750      3340648       160.00
  154239.000     0.994531      3343238       182.86
  161151.000     0.995313      3345874       213.33
  169983.000     0.996094      3348499       256.00
  174463.000     0.996484      3349814       284.44
  179711.000     0.996875      3351117       320.00
  184703.000     0.997266      3352421       365.71
  191359.000     0.997656      3353735       426.67
  199167.000     0.998047      3355046       512.00
  205439.000     0.998242      3355710       568.89
  213375.000     0.998437      3356362       640.00
  221823.000     0.998633      3357022       731.43
  233215.000     0.998828      3357668       853.33
  248831.000     0.999023      3358328      1024.00
  257023.000     0.999121      3358654      1137.78
  262399.000     0.999219      3358995      1280.00
  265983.000     0.999316      3359318      1462.86
  271103.000     0.999414      3359653      1706.67
  278271.000     0.999512      3359968      2048.00
  282879.000     0.999561      3360132      2275.56
  288511.000     0.999609      3360295      2560.00
  292607.000     0.999658      3360459      2925.71
  298751.000     0.999707      3360626      3413.33
  303103.000     0.999756      3360789      4096.00
  305919.000     0.999780      3360874      4551.11
  311295.000     0.999805      3360955      5120.00
  315135.000     0.999829      3361037      5851.43
  318975.000     0.999854      3361116      6826.67
  328703.000     0.999878      3361199      8192.00
  335103.000     0.999890      3361239      9102.22
  338943.000     0.999902      3361279     10240.00
  344831.000     0.999915      3361320     11702.86
  349439.000     0.999927      3361361     13653.33
  353535.000     0.999939      3361403     16384.00
  355071.000     0.999945      3361424     18204.44
  358143.000     0.999951      3361444     20480.00
  359935.000     0.999957      3361466     23405.71
  360959.000     0.999963      3361485     27306.67
  363007.000     0.999969      3361505     32768.00
  363775.000     0.999973      3361521     36408.89
  364031.000     0.999976      3361525     40960.00
  364799.000     0.999979      3361536     46811.43
  365823.000     0.999982      3361546     54613.33
  368127.000     0.999985      3361556     65536.00
  370175.000     0.999986      3361561     72817.78
  371199.000     0.999988      3361566     81920.00
  372479.000     0.999989      3361572     93622.86
  374271.000     0.999991      3361578    109226.67
  376063.000     0.999992      3361583    131072.00
  376831.000     0.999993      3361585    145635.56
  377599.000     0.999994      3361587    163840.00
  381695.000     0.999995      3361590    187245.71
  382463.000     0.999995      3361592    218453.33
  404479.000     0.999996      3361595    262144.00
  405503.000     0.999997      3361596    291271.11
  405759.000     0.999997      3361598    327680.00
  406015.000     0.999997      3361599    374491.43
  406271.000     0.999998      3361600    436906.67
  406783.000     0.999998      3361601    524288.00
  409855.000     0.999998      3361602    582542.22
  409855.000     0.999998      3361602    655360.00
  414463.000     0.999999      3361603    748982.86
  422655.000     0.999999      3361604    873813.33
  422655.000     0.999999      3361604   1048576.00
  425471.000     0.999999      3361605   1165084.44
  425471.000     0.999999      3361605   1310720.00
  425471.000     0.999999      3361605   1497965.71
  427519.000     0.999999      3361606   1747626.67
  427519.000     1.000000      3361606   2097152.00
  427519.000     1.000000      3361606   2330168.89
  427519.000     1.000000      3361606   2621440.00
  427519.000     1.000000      3361606   2995931.43
  428799.000     1.000000      3361607   3495253.33
  428799.000     1.000000      3361607          inf
#[Mean    =    22228.489, StdDeviation   =    24608.758]
#[Max     =   428799.000, Total count    =      3361607]
#[Buckets =            9, SubBuckets     =         2048]
