       Value   Percentile   TotalCount 1/(1-Percentile)

      55.000     0.000000            2         1.00
   34655.000     0.100000       164544         1.11
   40095.000     0.200000       328529         1.25
   42943.000     0.300000       492984         1.43
   43839.000     0.400000       660347         1.67
   44639.000     0.500000       824532         2.00
   45215.000     0.550000       904961         2.22
   46335.000     0.600000       988390         2.50
   47071.000     0.650000      1068819         2.86
   49183.000     0.700000      1149196         3.33
   51295.000     0.750000      1232039         4.00
   51999.000     0.775000      1272908         4.44
   52863.000     0.800000      1314663         5.00
   53727.000     0.825000      1354630         5.71
   54431.000     0.850000      1397627         6.67
   54815.000     0.875000      1437863         8.00
   55327.000     0.900000      1477828        10.00
   55871.000     0.912500      1498585        11.43
   56415.000     0.925000      1519286        13.33
   57439.000     0.937500      1539137        16.00
   57919.000     0.943750      1550161        17.78
   58207.000     0.950000      1559733        20.00
   58591.000     0.956250      1570186        22.86
   59327.000     0.962500      1580123        26.67
   61215.000     0.968750      1590460        32.00
   62431.000     0.971875      1595616        35.56
   63327.000     0.975000      1600679        40.00
   63871.000     0.978125      1605872        45.71
   64287.000     0.981250      1611128        53.33
   64927.000     0.984375      1616067        64.00
   65919.000     0.987500      1621303        80.00
   66751.000     0.989063      1623760        91.43
   67775.000     0.990625      1626300       106.67
   69375.000     0.992188      1628917       128.00
   70399.000     0.993750      1631425       160.00
   71103.000     0.994531      1632708       182.86
   72127.000     0.995313      1634018       213.33
   73407.000     0.996094      1635309       256.00
   73855.000     0.996484      1635932       284.44
   74495.000     0.996875      1636545       320.00
   75647.000     0.997266      1637199       365.71
   76351.000     0.997656      1637893       426.67
   76671.000     0.998047      1638458       512.00
   76927.000     0.998242      1638853       568.89
   77119.000     0.998437      1639096       640.00
   77567.000     0.998633      1639416       731.43
   78271.000     0.998828      1639757       853.33
   79103.000     0.999023      1640059      1024.00
   79871.000     0.999121      1640226      1137.78
   80703.000     0.999219      1640385      1280.00
   81151.000     0.999316      1640540      1462.86
   81663.000     0.999414      1640709      1706.67
   82111.000     0.999512      1640864      2048.00
   82559.000     0.999561      1640944      2275.56
   83199.000     0.999609      1641020      2560.00
   84287.000     0.999658      1641103      2925.71
   84799.000     0.999707      1641188      3413.33
   85695.000     0.999756      1641267      4096.00
   86335.000     0.999805      1641342      5120.00
   86719.000     0.999829      1641385      5851.43
   87359.000     0.999854      1641421      6826.67
   88639.000     0.999878      1641462      8192.00
   89343.000     0.999902      1641503     10240.00
   89471.000     0.999915      1641520     11702.86
   89663.000     0.999927      1641549     13653.33
   89855.000     0.999939      1641564     16384.00
   90047.000     0.999951      1641580     20480.00
   90175.000     0.999957      1641591     23405.71
   90687.000     0.999963      1641600     27306.67
   91903.000     0.999969      1641610     32768.00
   92031.000     0.999973      1641615     36408.89
   92287.000     0.999976      1641621     40960.00
   92415.000     0.999979      1641625     46811.43
   92607.000     0.999982      1641632     54613.33
   93439.000     0.999985      1641635     65536.00
   93759.000     0.999986      1641638     72817.78
   94015.000     0.999988      1641640     81920.00
   95359.000     0.999989      1641643     93622.86
   95487.000     0.999991      1641645    109226.67
   96959.000     0.999992      1641648    131072.00
   97087.000     0.999993      1641649    145635.56
   97215.000     0.999994      1641650    163840.00
   98047.000     0.999995      1641652    187245.71
   98239.000     0.999995      1641653    218453.33
  100031.000     0.999996      1641654    262144.00
  101375.000     0.999997      1641655    291271.11
  101375.000     0.999997      1641655    327680.00
  101695.000     0.999997      1641656    374491.43
  102207.000     0.999998      1641658    436906.67
  102207.000     0.999998      1641658    524288.00
  102207.000     0.999998      1641658    582542.22
  102207.000     0.999998      1641658    655360.00
  102207.000     0.999999      1641658    748982.86
  102655.000     0.999999      1641660    873813.33
  102655.000     1.000000      1641660          inf
#[Mean    =    45527.313, StdDeviation   =     8796.702]
#[Max     =   102655.000, Total count    =      1641660]
#[Buckets =            7, SubBuckets     =         2048]
