       Value   Percentile   TotalCount 1/(1-Percentile)

     136.000     0.000000            1         1.00
     843.000     0.100000       343604         1.11
    1363.000     0.200000       687074         1.25
    2301.000     0.300000      1030628         1.43
    3121.000     0.400000      1374271         1.67
    4923.000     0.500000      1717637         2.00
    6195.000     0.550000      1889325         2.22
    7871.000     0.600000      2060961         2.50
   10719.000     0.650000      2232873         2.86
   15567.000     0.700000      2404536         3.33
   22079.000     0.750000      2576258         4.00
   25903.000     0.775000      2662220         4.44
   30175.000     0.800000      2748015         5.00
   35359.000     0.825000      2833917         5.71
   43359.000     0.850000      2919914         6.67
   53055.000     0.875000      3005780         8.00
   57407.000     0.887500      3048649         8.89
   61599.000     0.900000      3091629        10.00
   66047.000     0.912500      3134776        11.43
   71167.000     0.925000      3177626        13.33
   77695.000     0.937500      3220418        16.00
   82239.000     0.943750      3241789        17.78
   87423.000     0.950000      3263195        20.00
   95359.000     0.956250      3284757        22.86
  110143.000     0.962500      3306145        26.67
  135039.000     0.968750      3327642        32.00
  148095.000     0.971875      3338308        35.56
  162175.000     0.975000      3349056        40.00
  173183.000     0.978125      3359806        45.71
  184319.000     0.981250      3370579        53.33
  196607.000     0.984375      3381266        64.00
  203135.000     0.985938      3386648        71.11
  209791.000     0.987500      3392055        80.00
  217983.000     0.989062      3397372        91.43
  227839.000     0.990625      3402765       106.67
  237823.000     0.992188      3408081       128.00
  242815.000     0.992969      3410864       142.22
  248447.000     0.993750      3413486       160.00
  254975.000     0.994531      3416168       182.86
  264447.000     0.995313      3418855       213.33
  272895.000     0.996094      3421500       256.00
  276991.000     0.996484      3422842       284.44
  283391.000     0.996875      3424174       320.00
  292607.000     0.997266      3425528       365.71
  301823.000     0.997656      3426894       426.67
  310271.000     0.998047      3428224       512.00
  316671.000     0.998242      3428876       568.89
  325119.000     0.998437      3429540       640.00
  335103.000     0.998633      3430222       731.43
  349439.000     0.998828      3430890       853.33
  369919.000     0.999023      3431559      1024.00
  378623.000     0.999121      3431890      1137.78
  388351.000     0.999219      3432228      1280.00
  398335.000     0.999316      3432560      1462.86
  410111.000     0.999414      3432897      1706.67
  422655.000     0.999512      3433234      2048.00
  433407.000     0.999561      3433399      2275.56
  446719.000     0.999609      3433566      2560.00
  457215.000     0.999658      3433734      2925.71
  470271.000     0.999707      3433901      3413.33
  509695.000     0.999756      3434069      4096.00
  519423.000     0.999780      3434153      4551.11
  536063.000     0.999805      3434239      5120.00
  549375.000     0.999829      3434319      5851.43
  566271.000     0.999854      3434404      6826.67
  579071.000     0.999878      3434487      8192.00
  587263.000     0.999890      3434531      9102.22
  593407.000     0.999902      3434571     10240.00
  605183.000     0.999915      3434613     11702.86
  638975.000     0.999927      3434656     13653.33
  651775.000     0.999939      3434697     16384.00
  655359.000     0.999945      3434718     18204.44
  670719.000     0.999951      3434740     20480.00
  680959.000     0.999957      3434760     23405.71
  796671.000     0.999963      3434782     27306.67
  802303.000     0.999969      3434803     32768.00
  804351.000     0.999973      3434814     36408.89
  805887.000     0.999976      3434825     40960.00
  806911.000     0.999979      3434833     46811.43
  807935.000     0.999982      3434845     54613.33
  809471.000     0.999985      3434855     65536.00
  809983.000     0.999986      3434859     72817.78
  812031.000     0.999988      3434866     81920.00
  818687.000     0.999989      3434870     93622.86
  848383.000     0.999991      3434875    109226.67
  852479.000     0.999992      3434881    131072.00
  854015.000     0.999993      3434883    145635.56
  856063.000     0.999994      3434886    163840.00
  857599.000     0.999995      3434890    187245.71
  858111.000     0.999995      3434891    218453.33
  860671.000     0.999996      3434893    262144.00
  861695.000     0.999997      3434897    291271.11
  861695.000     0.999997      3434897    327680.00
  861695.000     0.999997      3434897    374491.43
  862207.000     0.999998      3434900    436906.67
  862207.000     0.999998      3434900    524288.00
  862719.000     0.999998      3434901    582542.22
  862719.000     0.999998      3434901    655360.00
  909823.000     0.999999      3434902    748982.86
  910847.000     0.999999      3434903    873813.33
  910847.000     0.999999      3434903   1048576.00
  911871.000     0.999999      3434906   1165084.44
  911871.000     1.000000      3434906          inf
#[Mean    =    21599.774, StdDeviation   =    42763.882]
#[Max     =   911871.000, Total count    =      3434906]
#[Buckets =           10, SubBuckets     =         2048]
