       Value   Percentile   TotalCount 1/(1-Percentile)

     100.000     0.000000            1         1.00
     126.000     0.100000        17165         1.11
     142.000     0.200000        28881         1.25
     184.000     0.300000        43409         1.43
     193.000     0.400000        58364         1.67
     201.000     0.500000        72213         2.00
     206.000     0.550000        79456         2.22
     216.000     0.600000        86990         2.50
     226.000     0.650000        94065         2.86
     233.000     0.700000       101337         3.33
     237.000     0.750000       112372         4.00
     237.000     0.775000       112372         4.44
     238.000     0.800000       115891         5.00
     241.000     0.825000       119843         5.71
     243.000     0.850000       124852         6.67
     244.000     0.875000       129872         8.00
     244.000     0.887500       129872         8.89
     245.000     0.900000       133666        10.00
     245.000     0.912500       133666        11.43
     245.000     0.925000       133666        13.33
     246.000     0.937500       135665        16.00
     247.000     0.943750       136963        17.78
     248.000     0.950000       137892        20.00
     249.000     0.956250       138679        22.86
     250.000     0.962500       139385        26.67
     251.000     0.968750       140138        32.00
     252.000     0.971875       140819        35.56
     252.000     0.975000       140819        40.00
     253.000     0.978125       141416        45.71
     254.000     0.981250       141856        53.33
     255.000     0.984375       142199        64.00
     256.000     0.985938       142537        71.11
     256.000     0.987500       142537        80.00
     257.000     0.989062       142785        91.43
     258.000     0.990625       143026       106.67
     259.000     0.992188       143259       128.00
     260.000     0.992969       143467       142.22
     260.000     0.993750       143467       160.00
     261.000     0.994531       143588       182.86
     262.000     0.995313       143687       213.33
     264.000     0.996094       143833       256.00
     264.000     0.996484       143833       284.44
     265.000     0.996875       143900       320.00
     266.000     0.997266       143963       365.71
     267.000     0.997656       144007       426.67
     269.000     0.998047       144083       512.00
     269.000     0.998242       144083       568.89
     270.000     0.998437       144107       640.00
     271.000     0.998633       144137       731.43
     273.000     0.998828       144175       853.33
     274.000     0.999023       144188      1024.00
     277.000     0.999121       144208      1137.78
     279.000     0.999219       144215      1280.00
     282.000     0.999316       144233      1462.86
     285.000     0.999414       144243      1706.67
     290.000     0.999512       144257      2048.00
     294.000     0.999561       144263      2275.56
     308.000     0.999609       144270      2560.00
     338.000     0.999658       144277      2925.71
     357.000     0.999707       144284      3413.33
     380.000     0.999756       144291      4096.00
     393.000     0.999780       144295      4551.11
     437.000     0.999805       144299      5120.00
     454.000     0.999829       144302      5851.43
     537.000     0.999854       144305      6826.67
     590.000     0.999878       144309      8192.00
     689.000     0.999890       144311      9102.22
     715.000     0.999902       144312     10240.00
     752.000     0.999915       144314     11702.86
     804.000     0.999927       144316     13653.33
    2053.000     0.999939       144318     16384.00
    2157.000     0.999945       144319     18204.44
    2157.000     0.999951       144319     20480.00
    3411.000     0.999957       144320     23405.71
    5439.000     0.999963       144321     27306.67
   51071.000     0.999969       144322     32768.00
   52319.000     0.999973       144323     36408.89
   52319.000     0.999976       144323     40960.00
   52319.000     0.999979       144323     46811.43
   54719.000     0.999982       144324     54613.33
   54719.000     0.999985       144324     65536.00
   54847.000     0.999986       144325     72817.78
   54847.000     0.999988       144325     81920.00
   54847.000     0.999989       144325     93622.86
   54847.000     0.999991       144325    109226.67
   54847.000     0.999992       144325    131072.00
   55423.000     0.999993       144326    145635.56
   55423.000     1.000000       144326          inf
#[Mean    =      198.099, StdDeviation   =      318.478]
#[Max     =    55423.000, Total count    =       144326]
#[Buckets =            6, SubBuckets     =         2048]
