       Value   Percentile   TotalCount 1/(1-Percentile)

       0.000     0.000000            1         1.00
     671.000     0.100000       825341         1.11
     912.000     0.200000      1650343         1.25
    1160.000     0.300000      2473784         1.43
    1447.000     0.400000      3298120         1.67
    1808.000     0.500000      4123389         2.00
    2029.000     0.550000      4534393         2.22
    2291.000     0.600000      4947664         2.50
    2603.000     0.650000      5360202         2.86
    2981.000     0.700000      5771778         3.33
    3457.000     0.750000      6183733         4.00
    3747.000     0.775000      6390058         4.44
    4085.000     0.800000      6595705         5.00
    4491.000     0.825000      6802071         5.71
    4995.000     0.850000      7008237         6.67
    5655.000     0.875000      7213738         8.00
    6083.000     0.887500      7316965         8.89
    6607.000     0.900000      7419918        10.00
    7267.000     0.912500      7522884        11.43
    8143.000     0.925000      7625490        13.33
    9463.000     0.937500      7728904        16.00
   10407.000     0.943750      7780253        17.78
   11639.000     0.950000      7831615        20.00
   13327.000     0.956250      7883056        22.86
   15799.000     0.962500      7934687        26.67
   19343.000     0.968750      7986091        32.00
   21871.000     0.971875      8011938        35.56
   25023.000     0.975000      8037658        40.00
   29039.000     0.978125      8063401        45.71
   34399.000     0.981250      8089239        53.33
   41375.000     0.984375      8114923        64.00
   45887.000     0.985938      8127827        71.11
   50847.000     0.987500      8140700        80.00
   56735.000     0.989062      8153547        91.43
   65215.000     0.990625      8166405       106.67
   74623.000     0.992188      8179287       128.00
   80319.000     0.992969      8185756       142.22
   87551.000     0.993750      8192172       160.00
   96703.000     0.994531      8198642       182.86
  107007.000     0.995313      8205057       213.33
  121855.000     0.996094      8211486       256.00
  129855.000     0.996484      8214709       284.44
  137855.000     0.996875      8217966       320.00
  148351.000     0.997266      8221154       365.71
  161279.000     0.997656      8224363       426.67
  172287.000     0.998047      8227601       512.00
  178687.000     0.998242      8229195       568.89
  186239.000     0.998437      8230822       640.00
  194175.000     0.998633      8232412       731.43
  205823.000     0.998828      8234025       853.33
  217599.000     0.999023      8235636      1024.00
  224255.000     0.999121      8236441      1137.78
  232447.000     0.999219      8237244      1280.00
  239999.000     0.999316      8238052      1462.86
  248319.000     0.999414      8238851      1706.67
  262399.000     0.999512      8239671      2048.00
  267519.000     0.999561      8240079      2275.56
  277759.000     0.999609      8240463      2560.00
  291071.000     0.999658      8240864      2925.71
  311551.000     0.999707      8241267      3413.33
  330239.000     0.999756      8241670      4096.00
  362495.000     0.999780      8241870      4551.11
  371199.000     0.999805      8242071      5120.00
  406783.000     0.999829      8242273      5851.43
  441599.000     0.999854      8242475      6826.67
  605695.000     0.999878      8242676      8192.00
  625151.000     0.999890      8242790      9102.22
  628735.000     0.999902      8242876     10240.00
  675327.000     0.999915      8242979     11702.86
  813567.000     0.999927      8243078     13653.33
  869375.000     0.999939      8243178     16384.00
  878079.000     0.999945      8243241     18204.44
  881151.000     0.999951      8243282     20480.00
  925183.000     0.999957      8243329     23405.71
  952319.000     0.999963      8243380     27306.67
  990719.000     0.999969      8243469     32768.00
  990719.000     0.999973      8243469     36408.89
  991231.000     0.999976      8243520     40960.00
  991231.000     0.999979      8243520     46811.43
  991743.000     0.999982      8243541     54613.33
 1005055.000     0.999985      8243556     65536.00
 1028607.000     0.999986      8243568     72817.78
 1039871.000     0.999988      8243582     81920.00
 1059839.000     0.999989      8243593     93622.86
 1068031.000     0.999991      8243607    109226.67
 1076223.000     0.999992      8243619    131072.00
 1077247.000     0.999993      8243627    145635.56
 1078271.000     0.999994      8243636    163840.00
 1079295.000     0.999995      8243640    187245.71
 1081343.000     0.999995      8243649    218453.33
 1082367.000     0.999996      8243661    262144.00
 1082367.000     0.999997      8243661    291271.11
 1082367.000     0.999997      8243661    327680.00
 1082367.000     0.999997      8243661    374491.43
 1095679.000     0.999998      8243663    436906.67
 1122303.000     0.999998      8243666    524288.00
 1145855.000     0.999998      8243667    582542.22
 1162239.000     0.999998      8243669    655360.00
 1169407.000     0.999999      8243670    748982.86
 1175551.000     0.999999      8243674    873813.33
 1175551.000     0.999999      8243674   1048576.00
 1175551.000     0.999999      8243674   1165084.44
 1176575.000     0.999999      8243678   1310720.00
 1176575.000     0.999999      8243678   1497965.71
 1176575.000     0.999999      8243678   1747626.67
 1176575.000     1.000000      8243678   2097152.00
 1176575.000     1.000000      8243678   2330168.89
 1176575.000     1.000000      8243678   2621440.00
 1192959.000     1.000000      8243679   2995931.43
 1192959.000     1.000000      8243679   3495253.33
 1307647.000     1.000000      8243680   4194304.00
 1307647.000     1.000000      8243680   4660337.78
 1307647.000     1.000000      8243680   5242880.00
 1307647.000     1.000000      8243680   5991862.86
 1307647.000     1.000000      8243680   6990506.67
 1334271.000     1.000000      8243681   8388608.00
 1334271.000     1.000000      8243681          inf
#[Mean    =     4593.139, StdDeviation   =    17331.497]
#[Max     =  1334271.000, Total count    =      8243681]
#[Buckets =           11, SubBuckets     =         2048]
