       Value   Percentile   TotalCount 1/(1-Percentile)

      64.000     0.000000            2         1.00
     504.000     0.100000       396450         1.11
    4387.000     0.200000       793050         1.25
    5495.000     0.300000      1192054         1.43
    5883.000     0.400000      1587945         1.67
    6327.000     0.500000      1982978         2.00
    6687.000     0.550000      2180615         2.22
    7127.000     0.600000      2379247         2.50
    7687.000     0.650000      2576567         2.86
    8439.000     0.700000      2776052         3.33
    9479.000     0.750000      2972788         4.00
   10615.000     0.775000      3071317         4.44
   11511.000     0.800000      3170860         5.00
   12095.000     0.825000      3270272         5.71
   12503.000     0.850000      3368978         6.67
   12895.000     0.875000      3468531         8.00
   13119.000     0.887500      3517627         8.89
   13375.000     0.900000      3566886        10.00
   13727.000     0.912500      3616319        11.43
   14255.000     0.925000      3665752        13.33
   15143.000     0.937500      3715110        16.00
   15823.000     0.943750      3740056        17.78
   16719.000     0.950000      3764904        20.00
   18191.000     0.956250      3789512        22.86
   19535.000     0.962500      3814377        26.67
   21279.000     0.968750      3839025        32.00
   21967.000     0.971875      3851337        35.56
   22671.000     0.975000      3863818        40.00
   23647.000     0.978125      3876169        45.71
   24559.000     0.981250      3888541        53.33
   25199.000     0.984375      3900860        64.00
   25535.000     0.985938      3907051        71.11
   25999.000     0.987500      3913266        80.00
   26703.000     0.989062      3919482        91.43
   27311.000     0.990625      3925729       106.67
   27775.000     0.992188      3931842       128.00
   27983.000     0.992969      3934961       142.22
   28207.000     0.993750      3938157       160.00
   28415.000     0.994531      3941104       182.86
   28687.000     0.995313      3944321       213.33
   29055.000     0.996094      3947304       256.00
   29343.000     0.996484      3948827       284.44
   29679.000     0.996875      3950396       320.00
   30015.000     0.997266      3951971       365.71
   30367.000     0.997656      3953488       426.67
   30751.000     0.998047      3955072       512.00
   30943.000     0.998242      3955822       568.89
   31151.000     0.998437      3956615       640.00
   31359.000     0.998633      3957349       731.43
   31631.000     0.998828      3958144       853.33
   32031.000     0.999023      3958886      1024.00
   32351.000     0.999121      3959282      1137.78
   32751.000     0.999219      3959665      1280.00
   33247.000     0.999316      3960058      1462.86
   33759.000     0.999414      3960457      1706.67
   34175.000     0.999512      3960817      2048.00
   34431.000     0.999561      3961019      2275.56
   34687.000     0.999609      3961222      2560.00
   34943.000     0.999658      3961412      2925.71
   35295.000     0.999707      3961592      3413.33
   35903.000     0.999756      3961791      4096.00
   36223.000     0.999780      3961894      4551.11
   36415.000     0.999805      3961979      5120.00
   36607.000     0.999829      3962081      5851.43
   36799.000     0.999854      3962188      6826.67
   36991.000     0.999878      3962293      8192.00
   37023.000     0.999890      3962315      9102.22
   37119.000     0.999902      3962366     10240.00
   37247.000     0.999915      3962417     11702.86
   37407.000     0.999927      3962469     13653.33
   37503.000     0.999939      3962519     16384.00
   37567.000     0.999945      3962543     18204.44
   37599.000     0.999951      3962561     20480.00
   37663.000     0.999957      3962588     23405.71
   37759.000     0.999963      3962607     27306.67
   37823.000     0.999969      3962632     32768.00
   37887.000     0.999973      3962652     36408.89
   37919.000     0.999976      3962659     40960.00
   38015.000     0.999979      3962668     46811.43
   38143.000     0.999982      3962679     54613.33
   38367.000     0.999985      3962690     65536.00
   38623.000     0.999986      3962701     72817.78
   38719.000     0.999988      3962703     81920.00
   38815.000     0.999989      3962708     93622.86
   38943.000     0.999991      3962715    109226.67
   39071.000     0.999992      3962721    131072.00
   39199.000     0.999993      3962723    145635.56
   39391.000     0.999994      3962726    163840.00
   39487.000     0.999995      3962732    187245.71
   39487.000     0.999995      3962732    218453.33
   39903.000     0.999996      3962735    262144.00
   40319.000     0.999997      3962737    291271.11
   40351.000     0.999997      3962738    327680.00
   40479.000     0.999997      3962741    374491.43
   40479.000     0.999998      3962741    436906.67
   40575.000     0.999998      3962743    524288.00
   40703.000     0.999998      3962744    582542.22
   40703.000     0.999998      3962744    655360.00
   40895.000     0.999999      3962745    748982.86
   40959.000     0.999999      3962746    873813.33
   40991.000     0.999999      3962747   1048576.00
   40991.000     0.999999      3962747   1165084.44
   40991.000     0.999999      3962747   1310720.00
   41311.000     0.999999      3962748   1497965.71
   41311.000     0.999999      3962748   1747626.67
   41343.000     1.000000      3962749   2097152.00
   41343.000     1.000000      3962749   2330168.89
   41343.000     1.000000      3962749   2621440.00
   41343.000     1.000000      3962749   2995931.43
   41343.000     1.000000      3962749   3495253.33
   41695.000     1.000000      3962750   4194304.00
   41695.000     1.000000      3962750          inf
#[Mean    =     7552.695, StdDeviation   =     5222.767]
#[Max     =    41695.000, Total count    =      3962750]
#[Buckets =            6, SubBuckets     =         2048]
