       Value   Percentile   TotalCount 1/(1-Percentile)

      44.000     0.000000            1         1.00
     930.000     0.100000      1318572         1.11
    1376.000     0.200000      2632177         1.25
    1841.000     0.300000      3950115         1.43
    2407.000     0.400000      5265549         1.67
    3223.000     0.500000      6582540         2.00
    3823.000     0.550000      7239213         2.22
    4599.000     0.600000      7896688         2.50
    5659.000     0.650000      8554729         2.86
    7611.000     0.700000      9212756         3.33
   11463.000     0.750000      9871179         4.00
   14295.000     0.775000     10199796         4.44
   17487.000     0.800000     10529888         5.00
   20975.000     0.825000     10858397         5.71
   25183.000     0.850000     11187501         6.67
   30399.000     0.875000     11516549         8.00
   33599.000     0.887500     11680753         8.89
   37375.000     0.900000     11845263        10.00
   41375.000     0.912500     12009643        11.43
   45375.000     0.925000     12174713        13.33
   49279.000     0.937500     12339150        16.00
   51231.000     0.943750     12421457        17.78
   53215.000     0.950000     12503437        20.00
   55391.000     0.956250     12585597        22.86
   57791.000     0.962500     12668194        26.67
   60479.000     0.968750     12749596        32.00
   62015.000     0.971875     12791325        35.56
   63711.000     0.975000     12832051        40.00
   65727.000     0.978125     12872962        45.71
   68287.000     0.981250     12914790        53.33
   71423.000     0.984375     12955528        64.00
   73343.000     0.985938     12976312        71.11
   75519.000     0.987500     12996636        80.00
   78335.000     0.989062     13017119        91.43
   82111.000     0.990625     13037523       106.67
   86975.000     0.992188     13058127       128.00
   89791.000     0.992969     13068451       142.22
   92735.000     0.993750     13078769       160.00
   95807.000     0.994531     13088872       182.86
   99135.000     0.995313     13099229       213.33
  102719.000     0.996094     13109458       256.00
  104703.000     0.996484     13114566       284.44
  107007.000     0.996875     13119738       320.00
  109631.000     0.997266     13124883       365.71
  112831.000     0.997656     13129962       426.67
  116543.000     0.998047     13135107       512.00
  118655.000     0.998242     13137725       568.89
  120703.000     0.998437     13140297       640.00
  122879.000     0.998633     13142827       731.43
  125247.000     0.998828     13145374       853.33
  127551.000     0.999023     13147953      1024.00
  128767.000     0.999121     13149252      1137.78
  129919.000     0.999219     13150539      1280.00
  131007.000     0.999316     13151818      1462.86
  132223.000     0.999414     13153161      1706.67
  133503.000     0.999512     13154401      2048.00
  134143.000     0.999561     13155070      2275.56
  134783.000     0.999609     13155751      2560.00
  135423.000     0.999658     13156402      2925.71
  136063.000     0.999707     13156995      3413.33
  136959.000     0.999756     13157642      4096.00
  137599.000     0.999780     13157951      4551.11
  138239.000     0.999805     13158223      5120.00
  139135.000     0.999829     13158549      5851.43
  140031.000     0.999854     13158869      6826.67
  141055.000     0.999878     13159195      8192.00
  141567.000     0.999890     13159342      9102.22
  142207.000     0.999902     13159529     10240.00
  142847.000     0.999915     13159674     11702.86
  143743.000     0.999927     13159844     13653.33
  144639.000     0.999939     13159991     16384.00
  145151.000     0.999945     13160070     18204.44
  145663.000     0.999951     13160151     20480.00
  146303.000     0.999957     13160234     23405.71
  146943.000     0.999963     13160311     27306.67
  147711.000     0.999969     13160384     32768.00
  148351.000     0.999973     13160430     36408.89
  148863.000     0.999976     13160465     40960.00
  149503.000     0.999979     13160509     46811.43
  150143.000     0.999982     13160552     54613.33
  150911.000     0.999985     13160585     65536.00
  151423.000     0.999986     13160611     72817.78
  151807.000     0.999988     13160625     81920.00
  152447.000     0.999989     13160648     93622.86
  153215.000     0.999991     13160668    109226.67
  153983.000     0.999992     13160686    131072.00
  154495.000     0.999993     13160695    145635.56
  155135.000     0.999994     13160705    163840.00
  155775.000     0.999995     13160715    187245.71
  156415.000     0.999995     13160726    218453.33
  157183.000     0.999996     13160736    262144.00
  157567.000     0.999997     13160740    291271.11
  158335.000     0.999997     13160747    327680.00
  158719.000     0.999997     13160751    374491.43
  159999.000     0.999998     13160756    436906.67
  160767.000     0.999998     13160760    524288.00
  161151.000     0.999998     13160763    582542.22
  161407.000     0.999998     13160765    655360.00
  161919.000     0.999999     13160769    748982.86
  162431.000     0.999999     13160770    873813.33
  163199.000     0.999999     13160774   1048576.00
  163199.000     0.999999     13160774   1165084.44
  163327.000     0.999999     13160775   1310720.00
  163839.000     0.999999     13160778   1497965.71
  163839.000     0.999999     13160778   1747626.67
  164095.000     1.000000     13160780   2097152.00
  164095.000     1.000000     13160780   2330168.89
  164095.000     1.000000     13160780   2621440.00
  164479.000     1.000000     13160781   2995931.43
  164607.000     1.000000     13160782   3495253.33
  164607.000     1.000000     13160782   4194304.00
  165247.000     1.000000     13160784   4660337.78
  165247.000     1.000000     13160784   5242880.00
  165247.000     1.000000     13160784   5991862.86
  165247.000     1.000000     13160784   6990506.67
  165247.000     1.000000     13160784   8388608.00
  165247.000     1.000000     13160784   9320675.55
  165247.000     1.000000     13160784  10485760.00
  165247.000     1.000000     13160784  11983725.71
  165375.000     1.000000     13160785  13981013.34
  165375.000     1.000000     13160785          inf
#[Mean    =    11346.635, StdDeviation   =    18181.364]
#[Max     =   165375.000, Total count    =     13160785]
#[Buckets =            8, SubBuckets     =         2048]
