       Value   Percentile   TotalCount 1/(1-Percentile)

      50.000     0.000000            1         1.00
     443.000     0.100000      1225489         1.11
     695.000     0.200000      2443993         1.25
    1289.000     0.300000      3661737         1.43
    2020.000     0.400000      4882480         1.67
    2527.000     0.500000      6105836         2.00
    2747.000     0.550000      6715991         2.22
    2963.000     0.600000      7324720         2.50
    3191.000     0.650000      7935106         2.86
    3447.000     0.700000      8543043         3.33
    3783.000     0.750000      9153902         4.00
    4015.000     0.775000      9459557         4.44
    4331.000     0.800000      9763670         5.00
    4787.000     0.825000     10068673         5.71
    5439.000     0.850000     10373998         6.67
    6371.000     0.875000     10679430         8.00
    7011.000     0.887500     10831670         8.89
    7843.000     0.900000     10984258        10.00
    8951.000     0.912500     11137322        11.43
   10335.000     0.925000     11289515        13.33
   12079.000     0.937500     11441643        16.00
   13151.000     0.943750     11518305        17.78
   14447.000     0.950000     11594256        20.00
   16031.000     0.956250     11670677        22.86
   18063.000     0.962500     11746988        26.67
   20799.000     0.968750     11823174        32.00
   22623.000     0.971875     11861155        35.56
   24991.000     0.975000     11899402        40.00
   28335.000     0.978125     11937506        45.71
   33311.000     0.981250     11975699        53.33
   40831.000     0.984375     12013657        64.00
   45919.000     0.985938     12032744        71.11
   52735.000     0.987500     12051812        80.00
   59359.000     0.989062     12070872        91.43
   68735.000     0.990625     12089925       106.67
   81279.000     0.992188     12109029       128.00
   89023.000     0.992969     12118551       142.22
   96575.000     0.993750     12128075       160.00
  107903.000     0.994531     12137617       182.86
  119999.000     0.995313     12147145       213.33
  134527.000     0.996094     12156726       256.00
  142335.000     0.996484     12161519       284.44
  150271.000     0.996875     12166186       320.00
  161279.000     0.997266     12170956       365.71
  168959.000     0.997656     12175732       426.67
  180351.000     0.998047     12180530       512.00
  183551.000     0.998242     12182909       568.89
  187007.000     0.998437     12185313       640.00
  189055.000     0.998633     12187737       731.43
  191359.000     0.998828     12190105       853.33
  193663.000     0.999023     12192450      1024.00
  196223.000     0.999121     12193602      1137.78
  199423.000     0.999219     12194816      1280.00
  202879.000     0.999316     12195991      1462.86
  207103.000     0.999414     12197179      1706.67
  213887.000     0.999512     12198363      2048.00
  216703.000     0.999561     12198961      2275.56
  227455.000     0.999609     12199560      2560.00
  240895.000     0.999658     12200149      2925.71
  266239.000     0.999707     12200749      3413.33
  282111.000     0.999756     12201341      4096.00
  299263.000     0.999780     12201644      4551.11
  310783.000     0.999805     12201940      5120.00
  320767.000     0.999829     12202242      5851.43
  346367.000     0.999854     12202535      6826.67
  377855.000     0.999878     12202835      8192.00
  380159.000     0.999890     12202989      9102.22
  382975.000     0.999902     12203129     10240.00
  385279.000     0.999915     12203290     11702.86
  386815.000     0.999927     12203434     13653.33
  389375.000     0.999939     12203581     16384.00
  391935.000     0.999945     12203653     18204.44
  395519.000     0.999951     12203727     20480.00
  398847.000     0.999957     12203802     23405.71
  401663.000     0.999963     12203876     27306.67
  405247.000     0.999969     12203951     32768.00
  408575.000     0.999973     12203985     36408.89
  411647.000     0.999976     12204023     40960.00
  447743.000     0.999979     12204075     46811.43
  448511.000     0.999982     12204098     54613.33
  450559.000     0.999985     12204136     65536.00
  462591.000     0.999986     12204153     72817.78
  466943.000     0.999988     12204172     81920.00
  503807.000     0.999989     12204194     93622.86
  523263.000     0.999991     12204209    109226.67
  553983.000     0.999992     12204239    131072.00
  553983.000     0.999993     12204239    145635.56
  555007.000     0.999994     12204257    163840.00
  555007.000     0.999995     12204257    187245.71
  556031.000     0.999995     12204266    218453.33
  558079.000     0.999996     12204276    262144.00
  558591.000     0.999997     12204281    291271.11
  559103.000     0.999997     12204286    327680.00
  559615.000     0.999997     12204292    374491.43
  560127.000     0.999998     12204299    436906.67
  560127.000     0.999998     12204299    524288.00
  560639.000     0.999998     12204310    582542.22
  560639.000     0.999998     12204310    655360.00
  560639.000     0.999999     12204310    748982.86
  560639.000     0.999999     12204310    873813.33
  560639.000     0.999999     12204310   1048576.00
  560639.000     0.999999     12204310   1165084.44
  561151.000     0.999999     12204316   1310720.00
  561151.000     0.999999     12204316   1497965.71
  561151.000     0.999999     12204316   1747626.67
  561151.000     1.000000     12204316   2097152.00
  561151.000     1.000000     12204316   2330168.89
  561151.000     1.000000     12204316   2621440.00
  561151.000     1.000000     12204316   2995931.43
  561663.000     1.000000     12204318   3495253.33
  561663.000     1.000000     12204318   4194304.00
  561663.000     1.000000     12204318   4660337.78
  561663.000     1.000000     12204318   5242880.00
  561663.000     1.000000     12204318   5991862.86
  562175.000     1.000000     12204319   6990506.67
  562175.000     1.000000     12204319   8388608.00
  562175.000     1.000000     12204319   9320675.55
  562175.000     1.000000     12204319  10485760.00
  562175.000     1.000000     12204319  11983725.71
  586239.000     1.000000     12204320  13981013.34
  586239.000     1.000000     12204320          inf
#[Mean    =     4995.480, StdDeviation   =    15044.894]
#[Max     =   586239.000, Total count    =     12204320]
#[Buckets =           10, SubBuckets     =         2048]
