       Value   Percentile   TotalCount 1/(1-Percentile)

     126.000     0.000000            1         1.00
    2045.000     0.100000       323876         1.11
    3683.000     0.200000       647737         1.25
    5463.000     0.300000       971656         1.43
    7431.000     0.400000      1295678         1.67
    9647.000     0.500000      1619410         2.00
   10863.000     0.550000      1780793         2.22
   12231.000     0.600000      1943506         2.50
   13775.000     0.650000      2104993         2.86
   15623.000     0.700000      2266987         3.33
   17919.000     0.750000      2428587         4.00
   19327.000     0.775000      2509837         4.44
   20959.000     0.800000      2590847         5.00
   22895.000     0.825000      2671755         5.71
   25263.000     0.850000      2752213         6.67
   28367.000     0.875000      2833330         8.00
   30239.000     0.887500      2873766         8.89
   32463.000     0.900000      2914124        10.00
   35231.000     0.912500      2954872        11.43
   38655.000     0.925000      2995152        13.33
   43135.000     0.937500      3035519        16.00
   46015.000     0.943750      3055880        17.78
   49439.000     0.950000      3075985        20.00
   53823.000     0.956250      3096250        22.86
   59103.000     0.962500      3116408        26.67
   65375.000     0.968750      3136658        32.00
   69375.000     0.971875      3146890        35.56
   73727.000     0.975000      3156881        40.00
   79167.000     0.978125      3167090        45.71
   84415.000     0.981250      3177190        53.33
   88831.000     0.984375      3187290        64.00
   90879.000     0.985938      3192394        71.11
   92927.000     0.987500      3197457        80.00
   95167.000     0.989062      3202453        91.43
   97855.000     0.990625      3207462       106.67
  102015.000     0.992188      3212514       128.00
  105151.000     0.992969      3215079       142.22
  110143.000     0.993750      3217571       160.00
  117823.000     0.994531      3220112       182.86
  133887.000     0.995313      3222631       213.33
  150527.000     0.996094      3225167       256.00
  163711.000     0.996484      3226422       284.44
  177919.000     0.996875      3227693       320.00
  194431.000     0.997266      3228953       365.71
  208767.000     0.997656      3230216       426.67
  226559.000     0.998047      3231487       512.00
  235775.000     0.998242      3232113       568.89
  242559.000     0.998437      3232748       640.00
  253183.000     0.998633      3233378       731.43
  265471.000     0.998828      3234023       853.33
  279551.000     0.999023      3234646      1024.00
  286463.000     0.999121      3234959      1137.78
  294655.000     0.999219      3235276      1280.00
  302847.000     0.999316      3235607      1462.86
  311039.000     0.999414      3235918      1706.67
  318463.000     0.999512      3236231      2048.00
  322303.000     0.999561      3236383      2275.56
  326399.000     0.999609      3236543      2560.00
  332799.000     0.999658      3236701      2925.71
  337151.000     0.999707      3236863      3413.33
  344575.000     0.999756      3237018      4096.00
  349439.000     0.999780      3237096      4551.11
  351743.000     0.999805      3237172      5120.00
  354559.000     0.999829      3237270      5851.43
  356607.000     0.999854      3237331      6826.67
  359679.000     0.999878      3237413      8192.00
  361727.000     0.999890      3237453      9102.22
  365823.000     0.999902      3237490     10240.00
  370687.000     0.999915      3237530     11702.86
  376063.000     0.999927      3237569     13653.33
  380415.000     0.999939      3237608     16384.00
  381695.000     0.999945      3237632     18204.44
  382207.000     0.999951      3237647     20480.00
  384511.000     0.999957      3237669     23405.71
  387583.000     0.999963      3237687     27306.67
  402431.000     0.999969      3237714     32768.00
  404223.000     0.999973      3237718     36408.89
  409087.000     0.999976      3237729     40960.00
  410111.000     0.999979      3237738     46811.43
  417023.000     0.999982      3237746     54613.33
  418303.000     0.999985      3237756     65536.00
  424191.000     0.999986      3237760     72817.78
  429567.000     0.999988      3237765     81920.00
  434943.000     0.999989      3237770     93622.86
  435199.000     0.999991      3237775    109226.67
  441855.000     0.999992      3237780    131072.00
  442623.000     0.999993      3237782    145635.56
  446975.000     0.999994      3237785    163840.00
  447231.000     0.999995      3237788    187245.71
  453119.000     0.999995      3237790    218453.33
  455935.000     0.999996      3237793    262144.00
  455935.000     0.999997      3237793    291271.11
  456447.000     0.999997      3237796    327680.00
  456447.000     0.999997      3237796    374491.43
  456703.000     0.999998      3237801    436906.67
  456703.000     0.999998      3237801    524288.00
  456703.000     0.999998      3237801    582542.22
  456703.000     0.999998      3237801    655360.00
  456703.000     0.999999      3237801    748982.86
  456703.000     0.999999      3237801    873813.33
  456703.000     0.999999      3237801   1048576.00
  463871.000     0.999999      3237802   1165084.44
  463871.000     0.999999      3237802   1310720.00
  463871.000     0.999999      3237802   1497965.71
  464127.000     0.999999      3237803   1747626.67
  464127.000     1.000000      3237803   2097152.00
  464127.000     1.000000      3237803   2330168.89
  464127.000     1.000000      3237803   2621440.00
  464127.000     1.000000      3237803   2995931.43
  466175.000     1.000000      3237804   3495253.33
  466175.000     1.000000      3237804          inf
#[Mean    =    15561.477, StdDeviation   =    22242.926]
#[Max     =   466175.000, Total count    =      3237804]
#[Buckets =            9, SubBuckets     =         2048]
