       Value   Percentile   TotalCount 1/(1-Percentile)

      54.000     0.000000            1         1.00
     321.000     0.100000       826687         1.11
     491.000     0.200000      1653000         1.25
     674.000     0.300000      2475643         1.43
     886.000     0.400000      3302430         1.67
    1160.000     0.500000      4127814         2.00
    1342.000     0.550000      4538871         2.22
    1579.000     0.600000      4952298         2.50
    1906.000     0.650000      5364374         2.86
    2385.000     0.700000      5776535         3.33
    3085.000     0.750000      6189704         4.00
    3531.000     0.775000      6395397         4.44
    4061.000     0.800000      6602317         5.00
    4671.000     0.825000      6808430         5.71
    5359.000     0.850000      7014234         6.67
    6139.000     0.875000      7220534         8.00
    6583.000     0.887500      7324193         8.89
    7079.000     0.900000      7427082        10.00
    7651.000     0.912500      7530360        11.43
    8335.000     0.925000      7633967        13.33
    9175.000     0.937500      7736526        16.00
    9695.000     0.943750      7788080        17.78
   10311.000     0.950000      7839656        20.00
   11047.000     0.956250      7891326        22.86
   11943.000     0.962500      7942732        26.67
   13079.000     0.968750      7994298        32.00
   13783.000     0.971875      8020142        35.56
   14599.000     0.975000      8045876        40.00
   15559.000     0.978125      8071642        45.71
   16735.000     0.981250      8097527        53.33
   18175.000     0.984375      8123264        64.00
   19023.000     0.985938      8136081        71.11
   19999.000     0.987500      8148906        80.00
   21103.000     0.989062      8161799        91.43
   22399.000     0.990625      8174667       106.67
   23919.000     0.992188      8187584       128.00
   24799.000     0.992969      8194021       142.22
   25727.000     0.993750      8200445       160.00
   26783.000     0.994531      8206856       182.86
   27983.000     0.995313      8213294       213.33
   29375.000     0.996094      8219783       256.00
   30159.000     0.996484      8222982       284.44
   31023.000     0.996875      8226226       320.00
   31999.000     0.997266      8229449       365.71
   33055.000     0.997656      8232702       426.67
   34271.000     0.998047      8235888       512.00
   34943.000     0.998242      8237470       568.89
   35711.000     0.998437      8239108       640.00
   36543.000     0.998633      8240728       731.43
   37439.000     0.998828      8242307       853.33
   38527.000     0.999023      8243958      1024.00
   39103.000     0.999121      8244723      1137.78
   39775.000     0.999219      8245540      1280.00
   40511.000     0.999316      8246357      1462.86
   41343.000     0.999414      8247146      1706.67
   42367.000     0.999512      8247964      2048.00
   42943.000     0.999561      8248364      2275.56
   43583.000     0.999609      8248770      2560.00
   44319.000     0.999658      8249164      2925.71
   45055.000     0.999707      8249557      3413.33
   45951.000     0.999756      8249961      4096.00
   46495.000     0.999780      8250167      4551.11
   47071.000     0.999805      8250375      5120.00
   47647.000     0.999829      8250567      5851.43
   48383.000     0.999854      8250771      6826.67
   49151.000     0.999878      8250968      8192.00
   49599.000     0.999890      8251073      9102.22
   50079.000     0.999902      8251168     10240.00
   50687.000     0.999915      8251269     11702.86
   51359.000     0.999927      8251373     13653.33
   52095.000     0.999939      8251471     16384.00
   52447.000     0.999945      8251524     18204.44
   52991.000     0.999951      8251573     20480.00
   53439.000     0.999957      8251624     23405.71
   53919.000     0.999963      8251671     27306.67
   54591.000     0.999969      8251723     32768.00
   55007.000     0.999973      8251747     36408.89
   55487.000     0.999976      8251775     40960.00
   55871.000     0.999979      8251797     46811.43
   56447.000     0.999982      8251823     54613.33
   56927.000     0.999985      8251848     65536.00
   57183.000     0.999986      8251860     72817.78
   57663.000     0.999988      8251873     81920.00
   58111.000     0.999989      8251885     93622.86
   58527.000     0.999991      8251899    109226.67
   58847.000     0.999992      8251911    131072.00
   59167.000     0.999993      8251918    145635.56
   59487.000     0.999994      8251923    163840.00
   59807.000     0.999995      8251929    187245.71
   60191.000     0.999995      8251936    218453.33
   60735.000     0.999996      8251942    262144.00
   60863.000     0.999997      8251945    291271.11
   60991.000     0.999997      8251948    327680.00
   61343.000     0.999997      8251951    374491.43
   61663.000     0.999998      8251955    436906.67
   61791.000     0.999998      8251958    524288.00
   61887.000     0.999998      8251959    582542.22
   62207.000     0.999998      8251961    655360.00
   62271.000     0.999999      8251962    748982.86
   62975.000     0.999999      8251965    873813.33
   63071.000     0.999999      8251966   1048576.00
   63071.000     0.999999      8251966   1165084.44
   63103.000     0.999999      8251968   1310720.00
   63103.000     0.999999      8251968   1497965.71
   63231.000     0.999999      8251969   1747626.67
   63583.000     1.000000      8251970   2097152.00
   63583.000     1.000000      8251970   2330168.89
   63583.000     1.000000      8251970   2621440.00
   63679.000     1.000000      8251971   2995931.43
   63679.000     1.000000      8251971   3495253.33
   64383.000     1.000000      8251972   4194304.00
   64383.000     1.000000      8251972   4660337.78
   64383.000     1.000000      8251972   5242880.00
   64383.000     1.000000      8251972   5991862.86
   64383.000     1.000000      8251972   6990506.67
   64991.000     1.000000      8251973   8388608.00
   64991.000     1.000000      8251973          inf
#[Mean    =     2765.919, StdDeviation   =     4258.444]
#[Max     =    64991.000, Total count    =      8251973]
#[Buckets =            6, SubBuckets     =         2048]
