       Value   Percentile   TotalCount 1/(1-Percentile)

      55.000     0.000000            1         1.00
     319.000     0.100000       775392         1.11
     488.000     0.200000      1553855         1.25
     680.000     0.300000      2326655         1.43
     914.000     0.400000      3103278         1.67
    1220.000     0.500000      3877002         2.00
    1420.000     0.550000      4265405         2.22
    1672.000     0.600000      4652507         2.50
    2013.000     0.650000      5040588         2.86
    2503.000     0.700000      5428403         3.33
    3205.000     0.750000      5815909         4.00
    3649.000     0.775000      6009240         4.44
    4159.000     0.800000      6203924         5.00
    4735.000     0.825000      6397727         5.71
    5383.000     0.850000      6591641         6.67
    6115.000     0.875000      6784885         8.00
    6527.000     0.887500      6882118         8.89
    6975.000     0.900000      6978538        10.00
    7483.000     0.912500      7075793        11.43
    8063.000     0.925000      7172388        13.33
    8751.000     0.937500      7269342        16.00
    9151.000     0.943750      7318228        17.78
    9591.000     0.950000      7366380        20.00
   10095.000     0.956250      7414717        22.86
   10687.000     0.962500      7463048        26.67
   11431.000     0.968750      7511806        32.00
   11879.000     0.971875      7535822        35.56
   12415.000     0.975000      7560129        40.00
   13063.000     0.978125      7584171        45.71
   13879.000     0.981250      7608379        53.33
   14935.000     0.984375      7632600        64.00
   15583.000     0.985938      7644698        71.11
   16343.000     0.987500      7656782        80.00
   17247.000     0.989062      7668938        91.43
   18335.000     0.990625      7681063       106.67
   19711.000     0.992188      7693085       128.00
   20527.000     0.992969      7699148       142.22
   21471.000     0.993750      7705193       160.00
   22575.000     0.994531      7711274       182.86
   23839.000     0.995313      7717308       213.33
   25375.000     0.996094      7723390       256.00
   26239.000     0.996484      7726395       284.44
   27199.000     0.996875      7729461       320.00
   28255.000     0.997266      7732462       365.71
   29455.000     0.997656      7735488       426.67
   30783.000     0.998047      7738517       512.00
   31519.000     0.998242      7740029       568.89
   32287.000     0.998437      7741541       640.00
   33215.000     0.998633      7743092       731.43
   34207.000     0.998828      7744598       853.33
   35295.000     0.999023      7746103      1024.00
   35903.000     0.999121      7746840      1137.78
   36607.000     0.999219      7747625      1280.00
   37311.000     0.999316      7748354      1462.86
   38047.000     0.999414      7749113      1706.67
   38975.000     0.999512      7749883      2048.00
   39455.000     0.999561      7750256      2275.56
   39903.000     0.999609      7750625      2560.00
   40511.000     0.999658      7751004      2925.71
   41119.000     0.999707      7751394      3413.33
   41823.000     0.999756      7751767      4096.00
   42207.000     0.999780      7751954      4551.11
   42687.000     0.999805      7752153      5120.00
   43167.000     0.999829      7752338      5851.43
   43711.000     0.999854      7752531      6826.67
   44319.000     0.999878      7752714      8192.00
   44671.000     0.999890      7752806      9102.22
   45087.000     0.999902      7752900     10240.00
   45567.000     0.999915      7752993     11702.86
   46047.000     0.999927      7753091     13653.33
   46591.000     0.999939      7753184     16384.00
   46815.000     0.999945      7753228     18204.44
   47135.000     0.999951      7753278     20480.00
   47423.000     0.999957      7753323     23405.71
   47903.000     0.999963      7753372     27306.67
   48351.000     0.999969      7753417     32768.00
   48671.000     0.999973      7753442     36408.89
   48895.000     0.999976      7753464     40960.00
   49215.000     0.999979      7753488     46811.43
   49599.000     0.999982      7753513     54613.33
   49951.000     0.999985      7753535     65536.00
   50239.000     0.999986      7753549     72817.78
   50687.000     0.999988      7753561     81920.00
   50975.000     0.999989      7753571     93622.86
   51359.000     0.999991      7753583    109226.67
   51775.000     0.999992      7753595    131072.00
   52159.000     0.999993      7753600    145635.56
   52415.000     0.999994      7753606    163840.00
   52671.000     0.999995      7753612    187245.71
   52895.000     0.999995      7753618    218453.33
   53311.000     0.999996      7753625    262144.00
   53567.000     0.999997      7753627    291271.11
   53855.000     0.999997      7753630    327680.00
   53983.000     0.999997      7753633    374491.43
   54367.000     0.999998      7753636    436906.67
   54719.000     0.999998      7753639    524288.00
   55007.000     0.999998      7753640    582542.22
   55167.000     0.999998      7753642    655360.00
   55263.000     0.999999      7753643    748982.86
   55519.000     0.999999      7753645    873813.33
   55583.000     0.999999      7753646   1048576.00
   55775.000     0.999999      7753647   1165084.44
   56031.000     0.999999      7753648   1310720.00
   56031.000     0.999999      7753648   1497965.71
   56063.000     0.999999      7753649   1747626.67
   56191.000     1.000000      7753650   2097152.00
   56191.000     1.000000      7753650   2330168.89
   56447.000     1.000000      7753651   2621440.00
   56447.000     1.000000      7753651   2995931.43
   56447.000     1.000000      7753651   3495253.33
   56735.000     1.000000      7753652   4194304.00
   56735.000     1.000000      7753652   4660337.78
   56735.000     1.000000      7753652   5242880.00
   56735.000     1.000000      7753652   5991862.86
   56735.000     1.000000      7753652   6990506.67
   58527.000     1.000000      7753653   8388608.00
   58527.000     1.000000      7753653          inf
#[Mean    =     2669.645, StdDeviation   =     3759.661]
#[Max     =    58527.000, Total count    =      7753653]
#[Buckets =            6, SubBuckets     =         2048]
