       Value   Percentile   TotalCount 1/(1-Percentile)

      55.000     0.000000            2         1.00
     344.000     0.100000       858430         1.11
     522.000     0.200000      1719517         1.25
     715.000     0.300000      2576364         1.43
     946.000     0.400000      3434064         1.67
    1265.000     0.500000      4290680         2.00
    1492.000     0.550000      4718510         2.22
    1806.000     0.600000      5147199         2.50
    2279.000     0.650000      5576493         2.86
    3021.000     0.700000      6005591         3.33
    3903.000     0.750000      6434769         4.00
    4323.000     0.775000      6650060         4.44
    4731.000     0.800000      6863236         5.00
    5159.000     0.825000      7079321         5.71
    5623.000     0.850000      7293472         6.67
    6159.000     0.875000      7506466         8.00
    6479.000     0.887500      7613625         8.89
    6855.000     0.900000      7721175        10.00
    7315.000     0.912500      7828320        11.43
    7911.000     0.925000      7935619        13.33
    8711.000     0.937500      8042508        16.00
    9231.000     0.943750      8096550        17.78
    9847.000     0.950000      8150116        20.00
   10583.000     0.956250      8203566        22.86
   11487.000     0.962500      8257146        26.67
   12631.000     0.968750      8310618        32.00
   13335.000     0.971875      8337490        35.56
   14175.000     0.975000      8364297        40.00
   15207.000     0.978125      8391135        45.71
   16495.000     0.981250      8417883        53.33
   18095.000     0.984375      8444715        64.00
   19039.000     0.985938      8458101        71.11
   20095.000     0.987500      8471551        80.00
   21263.000     0.989062      8484958        91.43
   22559.000     0.990625      8498223       106.67
   24047.000     0.992188      8511716       128.00
   24847.000     0.992969      8518413       142.22
   25711.000     0.993750      8525033       160.00
   26687.000     0.994531      8531810       182.86
   27775.000     0.995313      8538475       213.33
   29023.000     0.996094      8545191       256.00
   29727.000     0.996484      8548510       284.44
   30463.000     0.996875      8551842       320.00
   31295.000     0.997266      8555189       365.71
   32255.000     0.997656      8558526       426.67
   33375.000     0.998047      8561915       512.00
   34015.000     0.998242      8563607       568.89
   34687.000     0.998437      8565232       640.00
   35455.000     0.998633      8566928       731.43
   36351.000     0.998828      8568610       853.33
   37375.000     0.999023      8570282      1024.00
   37951.000     0.999121      8571096      1137.78
   38591.000     0.999219      8571936      1280.00
   39295.000     0.999316      8572755      1462.86
   40127.000     0.999414      8573615      1706.67
   41023.000     0.999512      8574432      2048.00
   41535.000     0.999561      8574848      2275.56
   42111.000     0.999609      8575274      2560.00
   42751.000     0.999658      8575692      2925.71
   43487.000     0.999707      8576108      3413.33
   44351.000     0.999756      8576529      4096.00
   44831.000     0.999780      8576735      4551.11
   45375.000     0.999805      8576943      5120.00
   45983.000     0.999829      8577155      5851.43
   46623.000     0.999854      8577361      6826.67
   47391.000     0.999878      8577574      8192.00
   47807.000     0.999890      8577675      9102.22
   48319.000     0.999902      8577785     10240.00
   48799.000     0.999915      8577887     11702.86
   49343.000     0.999927      8577991     13653.33
   50079.000     0.999939      8578098     16384.00
   50463.000     0.999945      8578147     18204.44
   50943.000     0.999951      8578200     20480.00
   51295.000     0.999957      8578251     23405.71
   51839.000     0.999963      8578307     27306.67
   52415.000     0.999969      8578359     32768.00
   52735.000     0.999973      8578382     36408.89
   53151.000     0.999976      8578412     40960.00
   53567.000     0.999979      8578434     46811.43
   54175.000     0.999982      8578460     54613.33
   55199.000     0.999985      8578487     65536.00
   55679.000     0.999986      8578501     72817.78
   56223.000     0.999988      8578513     81920.00
   56863.000     0.999989      8578527     93622.86
   57599.000     0.999991      8578539    109226.67
   58815.000     0.999992      8578552    131072.00
   59007.000     0.999993      8578559    145635.56
   59775.000     0.999994      8578565    163840.00
   60511.000     0.999995      8578572    187245.71
   61183.000     0.999995      8578579    218453.33
   61887.000     0.999996      8578585    262144.00
   62271.000     0.999997      8578588    291271.11
   63007.000     0.999997      8578591    327680.00
   63711.000     0.999997      8578595    374491.43
   63935.000     0.999998      8578598    436906.67
   64223.000     0.999998      8578601    524288.00
   64255.000     0.999998      8578603    582542.22
   64415.000     0.999998      8578604    655360.00
   65311.000     0.999999      8578606    748982.86
   65535.000     0.999999      8578608    873813.33
   65919.000     0.999999      8578609   1048576.00
   66431.000     0.999999      8578610   1165084.44
   66559.000     0.999999      8578611   1310720.00
   66751.000     0.999999      8578612   1497965.71
   67135.000     0.999999      8578613   1747626.67
   67135.000     1.000000      8578613   2097152.00
   67519.000     1.000000      8578614   2330168.89
   67519.000     1.000000      8578614   2621440.00
   67903.000     1.000000      8578615   2995931.43
   67903.000     1.000000      8578615   3495253.33
   67903.000     1.000000      8578615   4194304.00
   68159.000     1.000000      8578616   4660337.78
   68159.000     1.000000      8578616   5242880.00
   68159.000     1.000000      8578616   5991862.86
   68159.000     1.000000      8578616   6990506.67
   68159.000     1.000000      8578616   8388608.00
   68543.000     1.000000      8578617   9320675.55
   68543.000     1.000000      8578617          inf
#[Mean    =     2905.792, StdDeviation   =     4175.100]
#[Max     =    68543.000, Total count    =      8578617]
#[Buckets =            7, SubBuckets     =         2048]
