       Value   Percentile   TotalCount 1/(1-Percentile)

     205.000     0.000000            1         1.00
     673.000     0.100000       348840         1.11
    1010.000     0.200000       696670         1.25
    3471.000     0.300000      1044453         1.43
   11983.000     0.400000      1392599         1.67
   20207.000     0.500000      1740999         2.00
   22655.000     0.550000      1915440         2.22
   24943.000     0.600000      2089509         2.50
   27487.000     0.650000      2262954         2.86
   30479.000     0.700000      2437276         3.33
   34047.000     0.750000      2611864         4.00
   35711.000     0.775000      2698821         4.44
   37215.000     0.800000      2785934         5.00
   38655.000     0.825000      2873133         5.71
   40255.000     0.850000      2959659         6.67
   41951.000     0.875000      3046872         8.00
   42911.000     0.887500      3090132         8.89
   43967.000     0.900000      3134292        10.00
   44959.000     0.912500      3177935        11.43
   45983.000     0.925000      3220468        13.33
   47103.000     0.937500      3263958        16.00
   47839.000     0.943750      3285705        17.78
   48671.000     0.950000      3307914        20.00
   49759.000     0.956250      3329230        22.86
   51615.000     0.962500      3350763        26.67
   55167.000     0.968750      3372502        32.00
   57823.000     0.971875      3383371        35.56
   61919.000     0.975000      3394231        40.00
   66687.000     0.978125      3405112        45.71
   72255.000     0.981250      3415960        53.33
   78975.000     0.984375      3426921        64.00
   82495.000     0.985938      3432320        71.11
   86783.000     0.987500      3437764        80.00
   92415.000     0.989062      3443189        91.43
   98879.000     0.990625      3448648       106.67
  107199.000     0.992188      3454052       128.00
  113023.000     0.992969      3456782       142.22
  119487.000     0.993750      3459487       160.00
  126015.000     0.994531      3462212       182.86
  132735.000     0.995313      3464919       213.33
  140671.000     0.996094      3467637       256.00
  145279.000     0.996484      3468994       284.44
  150527.000     0.996875      3470367       320.00
  156671.000     0.997266      3471751       365.71
  164991.000     0.997656      3473086       426.67
  175103.000     0.998047      3474437       512.00
  182911.000     0.998242      3475125       568.89
  190719.000     0.998437      3475793       640.00
  197759.000     0.998633      3476476       731.43
  205055.000     0.998828      3477158       853.33
  216703.000     0.999023      3477836      1024.00
  222975.000     0.999121      3478187      1137.78
  228863.000     0.999219      3478517      1280.00
  235135.000     0.999316      3478860      1462.86
  241919.000     0.999414      3479194      1706.67
  253567.000     0.999512      3479536      2048.00
  259455.000     0.999561      3479703      2275.56
  267775.000     0.999609      3479875      2560.00
  281343.000     0.999658      3480046      2925.71
  292863.000     0.999707      3480217      3413.33
  299775.000     0.999756      3480386      4096.00
  303103.000     0.999780      3480469      4551.11
  307967.000     0.999805      3480553      5120.00
  314623.000     0.999829      3480638      5851.43
  332031.000     0.999854      3480723      6826.67
  380415.000     0.999878      3480808      8192.00
  387327.000     0.999890      3480851      9102.22
  392191.000     0.999902      3480894     10240.00
  402687.000     0.999915      3480935     11702.86
  430079.000     0.999927      3480978     13653.33
  470783.000     0.999939      3481020     16384.00
  479487.000     0.999945      3481042     18204.44
  527359.000     0.999951      3481063     20480.00
  560127.000     0.999957      3481085     23405.71
  566783.000     0.999963      3481106     27306.67
  586751.000     0.999969      3481128     32768.00
  600575.000     0.999973      3481137     36408.89
  607743.000     0.999976      3481148     40960.00
  617983.000     0.999979      3481159     46811.43
  631807.000     0.999982      3481169     54613.33
  645119.000     0.999985      3481179     65536.00
  650751.000     0.999986      3481185     72817.78
  655359.000     0.999988      3481191     81920.00
  662527.000     0.999989      3481195     93622.86
  667647.000     0.999991      3481202    109226.67
  671231.000     0.999992      3481206    131072.00
  672767.000     0.999993      3481209    145635.56
  964607.000     0.999994      3481211    163840.00
  972799.000     0.999995      3481214    187245.71
  987135.000     0.999995      3481217    218453.33
  991231.000     0.999996      3481219    262144.00
  994303.000     0.999997      3481221    291271.11
  994815.000     0.999997      3481222    327680.00
  995327.000     0.999997      3481223    374491.43
 1133567.000     0.999998      3481225    436906.67
 1134591.000     0.999998      3481228    524288.00
 1134591.000     0.999998      3481228    582542.22
 1134591.000     0.999998      3481228    655360.00
 1134591.000     0.999999      3481228    748982.86
 1135615.000     0.999999      3481229    873813.33
 1135615.000     0.999999      3481229   1048576.00
 1136639.000     0.999999      3481230   1165084.44
 1136639.000     0.999999      3481230   1310720.00
 1136639.000     0.999999      3481230   1497965.71
 1137663.000     0.999999      3481232   1747626.67
 1137663.000     1.000000      3481232          inf
#[Mean    =    21398.586, StdDeviation   =    22491.984]
#[Max     =  1137663.000, Total count    =      3481232]
#[Buckets =           11, SubBuckets     =         2048]
