       Value   Percentile   TotalCount 1/(1-Percentile)

     160.000     0.000000            1         1.00
     607.000     0.100000       452837         1.11
    1338.000     0.200000       904277         1.25
    3919.000     0.300000      1356260         1.43
    9495.000     0.400000      1808712         1.67
   14055.000     0.500000      2260800         2.00
   16191.000     0.550000      2486769         2.22
   18255.000     0.600000      2714209         2.50
   20031.000     0.650000      2939589         2.86
   22223.000     0.700000      3164928         3.33
   24783.000     0.750000      3391032         4.00
   26015.000     0.775000      3503736         4.44
   27135.000     0.800000      3616992         5.00
   28415.000     0.825000      3729557         5.71
   29727.000     0.850000      3842483         6.67
   31663.000     0.875000      3955458         8.00
   32991.000     0.887500      4012936         8.89
   34591.000     0.900000      4068982        10.00
   37503.000     0.912500      4125070        11.43
   40991.000     0.925000      4181576        13.33
   44639.000     0.937500      4238261        16.00
   45951.000     0.943750      4266263        17.78
   47135.000     0.950000      4294543        20.00
   48319.000     0.956250      4322925        22.86
   49503.000     0.962500      4350961        26.67
   50815.000     0.968750      4379312        32.00
   51519.000     0.971875      4393163        35.56
   52383.000     0.975000      4407621        40.00
   53279.000     0.978125      4421733        45.71
   54367.000     0.981250      4435828        53.33
   55583.000     0.984375      4449816        64.00
   56255.000     0.985938      4456700        71.11
   57471.000     0.987500      4463804        80.00
   59871.000     0.989062      4470927        91.43
   62655.000     0.990625      4477906       106.67
   72447.000     0.992188      4484964       128.00
   80831.000     0.992969      4488493       142.22
   89343.000     0.993750      4492013       160.00
   97151.000     0.994531      4495542       182.86
  104831.000     0.995313      4499097       213.33
  113471.000     0.996094      4502613       256.00
  118143.000     0.996484      4504370       284.44
  122751.000     0.996875      4506148       320.00
  127359.000     0.997266      4507921       365.71
  132223.000     0.997656      4509697       426.67
  137599.000     0.998047      4511452       512.00
  140287.000     0.998242      4512334       568.89
  143103.000     0.998437      4513238       640.00
  146175.000     0.998633      4514097       731.43
  149503.000     0.998828      4514975       853.33
  153215.000     0.999023      4515843      1024.00
  155903.000     0.999121      4516292      1137.78
  158975.000     0.999219      4516741      1280.00
  162943.000     0.999316      4517172      1462.86
  167935.000     0.999414      4517611      1706.67
  173951.000     0.999512      4518051      2048.00
  177279.000     0.999561      4518271      2275.56
  180991.000     0.999609      4518498      2560.00
  185343.000     0.999658      4518712      2925.71
  190847.000     0.999707      4518934      3413.33
  196735.000     0.999756      4519154      4096.00
  199423.000     0.999780      4519263      4551.11
  202751.000     0.999805      4519376      5120.00
  205823.000     0.999829      4519484      5851.43
  209535.000     0.999854      4519597      6826.67
  212863.000     0.999878      4519704      8192.00
  214783.000     0.999890      4519759      9102.22
  217087.000     0.999902      4519818     10240.00
  219135.000     0.999915      4519870     11702.86
  221439.000     0.999927      4519925     13653.33
  224255.000     0.999939      4519982     16384.00
  225535.000     0.999945      4520010     18204.44
  226559.000     0.999951      4520037     20480.00
  227327.000     0.999957      4520062     23405.71
  228863.000     0.999963      4520091     27306.67
  230783.000     0.999969      4520119     32768.00
  231679.000     0.999973      4520133     36408.89
  232447.000     0.999976      4520145     40960.00
  232959.000     0.999979      4520160     46811.43
  234111.000     0.999982      4520173     54613.33
  234879.000     0.999985      4520188     65536.00
  235135.000     0.999986      4520193     72817.78
  236287.000     0.999988      4520200     81920.00
  237183.000     0.999989      4520207     93622.86
  238463.000     0.999991      4520216    109226.67
  238847.000     0.999992      4520221    131072.00
  239487.000     0.999993      4520224    145635.56
  239871.000     0.999994      4520228    163840.00
  240127.000     0.999995      4520231    187245.71
  240639.000     0.999995      4520235    218453.33
  240895.000     0.999996      4520238    262144.00
  241407.000     0.999997      4520240    291271.11
  242303.000     0.999997      4520242    327680.00
  242559.000     0.999997      4520243    374491.43
  243327.000     0.999998      4520245    436906.67
  245375.000     0.999998      4520247    524288.00
  246143.000     0.999998      4520248    582542.22
  246783.000     0.999998      4520249    655360.00
  246783.000     0.999999      4520249    748982.86
  247679.000     0.999999      4520250    873813.33
  248447.000     0.999999      4520251   1048576.00
  249855.000     0.999999      4520252   1165084.44
  249855.000     0.999999      4520252   1310720.00
  249855.000     0.999999      4520252   1497965.71
  251007.000     0.999999      4520253   1747626.67
  251007.000     1.000000      4520253   2097152.00
  251903.000     1.000000      4520254   2330168.89
  251903.000     1.000000      4520254   2621440.00
  251903.000     1.000000      4520254   2995931.43
  251903.000     1.000000      4520254   3495253.33
  251903.000     1.000000      4520254   4194304.00
  252671.000     1.000000      4520255   4660337.78
  252671.000     1.000000      4520255          inf
#[Mean    =    16509.829, StdDeviation   =    16897.786]
#[Max     =   252671.000, Total count    =      4520255]
#[Buckets =            8, SubBuckets     =         2048]
