       Value   Percentile   TotalCount 1/(1-Percentile)

     110.000     0.000000            1         1.00
     153.000     0.100000       106741         1.11
     162.000     0.200000       197474         1.25
     171.000     0.300000       300211         1.43
     180.000     0.400000       405413         1.67
     188.000     0.500000       495607         2.00
     193.000     0.550000       549793         2.22
     198.000     0.600000       600873         2.50
     203.000     0.650000       648100         2.86
     208.000     0.700000       691295         3.33
     215.000     0.750000       745825         4.00
     218.000     0.775000       766904         4.44
     222.000     0.800000       792751         5.00
     226.000     0.825000       816511         5.71
     231.000     0.850000       843252         6.67
     236.000     0.875000       866710         8.00
     239.000     0.887500       879228         8.89
     242.000     0.900000       890813        10.00
     245.000     0.912500       901498        11.43
     249.000     0.925000       914256        13.33
     253.000     0.937500       925589        16.00
     256.000     0.943750       933189        17.78
     258.000     0.950000       937872        20.00
     261.000     0.956250       944372        22.86
     264.000     0.962500       950030        26.67
     268.000     0.968750       956739        32.00
     270.000     0.971875       959647        35.56
     272.000     0.975000       962207        40.00
     274.000     0.978125       964609        45.71
     277.000     0.981250       967865        53.33
     281.000     0.984375       971582        64.00
     282.000     0.985938       972392        71.11
     284.000     0.987500       973929        80.00
     287.000     0.989062       975880        91.43
     289.000     0.990625       977036       106.67
     292.000     0.992188       978625       128.00
     294.000     0.992969       979557       142.22
     296.000     0.993750       980300       160.00
     298.000     0.994531       980985       182.86
     300.000     0.995313       981594       213.33
     303.000     0.996094       982393       256.00
     305.000     0.996484       982867       284.44
     307.000     0.996875       983279       320.00
     309.000     0.997266       983636       365.71
     311.000     0.997656       983943       426.67
     314.000     0.998047       984352       512.00
     315.000     0.998242       984443       568.89
     317.000     0.998437       984648       640.00
     320.000     0.998633       984885       731.43
     322.000     0.998828       985024       853.33
     326.000     0.999023       985241      1024.00
     328.000     0.999121       985340      1137.78
     330.000     0.999219       985432      1280.00
     333.000     0.999316       985522      1462.86
     338.000     0.999414       985614      1706.67
     343.000     0.999512       985695      2048.00
     347.000     0.999561       985747      2275.56
     351.000     0.999609       985797      2560.00
     356.000     0.999658       985843      2925.71
     364.000     0.999707       985890      3413.33
     375.000     0.999756       985938      4096.00
     385.000     0.999780       985965      4551.11
     392.000     0.999805       985984      5120.00
     417.000     0.999829       986008      5851.43
     530.000     0.999854       986032      6826.67
     861.000     0.999878       986056      8192.00
    1356.000     0.999890       986068      9102.22
    1894.000     0.999902       986080     10240.00
    3107.000     0.999915       986092     11702.86
   10343.000     0.999927       986104     13653.33
   15487.000     0.999939       986116     16384.00
   19071.000     0.999945       986122     18204.44
   23263.000     0.999951       986128     20480.00
   26415.000     0.999957       986134     23405.71
   27391.000     0.999963       986140     27306.67
   30975.000     0.999969       986146     32768.00
   33791.000     0.999973       986149     36408.89
   34335.000     0.999976       986152     40960.00
   34591.000     0.999979       986155     46811.43
   35455.000     0.999982       986158     54613.33
   35871.000     0.999985       986161     65536.00
   36447.000     0.999986       986163     72817.78
   37247.000     0.999988       986164     81920.00
   38783.000     0.999989       986166     93622.86
   40319.000     0.999991       986167    109226.67
   43007.000     0.999992       986169    131072.00
   45471.000     0.999993       986170    145635.56
   45471.000     0.999994       986170    163840.00
   45727.000     0.999995       986171    187245.71
   46431.000     0.999995       986172    218453.33
   47391.000     0.999996       986173    262144.00
   47391.000     0.999997       986173    291271.11
   47391.000     0.999997       986173    327680.00
   48671.000     0.999997       986174    374491.43
   48671.000     0.999998       986174    436906.67
   49087.000     0.999998       986175    524288.00
   49087.000     0.999998       986175    582542.22
   49087.000     0.999998       986175    655360.00
   49087.000     0.999999       986175    748982.86
   49087.000     0.999999       986175    873813.33
   49471.000     0.999999       986176   1048576.00
   49471.000     1.000000       986176          inf
#[Mean    =      195.422, StdDeviation   =      260.064]
#[Max     =    49471.000, Total count    =       986176]
#[Buckets =            6, SubBuckets     =         2048]
