       Value   Percentile   TotalCount 1/(1-Percentile)

     110.000     0.000000            1         1.00
    4067.000     0.100000       134568         1.11
    9231.000     0.200000       269225         1.25
   14023.000     0.300000       403658         1.43
   19567.000     0.400000       538347         1.67
   27791.000     0.500000       672662         2.00
   34079.000     0.550000       739889         2.22
   42783.000     0.600000       807140         2.50
   57919.000     0.650000       874458         2.86
   74751.000     0.700000       941719         3.33
   93567.000     0.750000      1009026         4.00
  103551.000     0.775000      1042508         4.44
  113279.000     0.800000      1076120         5.00
  122495.000     0.825000      1109834         5.71
  131199.000     0.850000      1143829         6.67
  139391.000     0.875000      1177124         8.00
  143615.000     0.887500      1194258         8.89
  147839.000     0.900000      1210923        10.00
  152319.000     0.912500      1227855        11.43
  157055.000     0.925000      1244324        13.33
  162431.000     0.937500      1261157        16.00
  165631.000     0.943750      1269702        17.78
  169087.000     0.950000      1278122        20.00
  173055.000     0.956250      1286501        22.86
  177663.000     0.962500      1294783        26.67
  183423.000     0.968750      1303175        32.00
  187135.000     0.971875      1307430        35.56
  191103.000     0.975000      1311541        40.00
  195711.000     0.978125      1315820        45.71
  200703.000     0.981250      1319959        53.33
  206335.000     0.984375      1324185        64.00
  209151.000     0.985938      1326254        71.11
  212223.000     0.987500      1328369        80.00
  215295.000     0.989062      1330487        91.43
  218623.000     0.990625      1332557       106.67
  222207.000     0.992188      1334649       128.00
  224127.000     0.992969      1335710       142.22
  226047.000     0.993750      1336764       160.00
  228351.000     0.994531      1337814       182.86
  230911.000     0.995313      1338870       213.33
  234111.000     0.996094      1339901       256.00
  236031.000     0.996484      1340457       284.44
  237823.000     0.996875      1340957       320.00
  239999.000     0.997266      1341489       365.71
  242943.000     0.997656      1342017       426.67
  247039.000     0.998047      1342545       512.00
  249087.000     0.998242      1342785       568.89
  251775.000     0.998437      1343048       640.00
  255231.000     0.998633      1343322       731.43
  258687.000     0.998828      1343577       853.33
  262911.000     0.999023      1343843      1024.00
  265471.000     0.999121      1343968      1137.78
  268031.000     0.999219      1344108      1280.00
  270591.000     0.999316      1344229      1462.86
  274175.000     0.999414      1344361      1706.67
  278271.000     0.999512      1344496      2048.00
  280063.000     0.999561      1344557      2275.56
  281855.000     0.999609      1344625      2560.00
  284415.000     0.999658      1344696      2925.71
  286719.000     0.999707      1344760      3413.33
  290047.000     0.999756      1344832      4096.00
  291327.000     0.999780      1344855      4551.11
  292607.000     0.999805      1344886      5120.00
  295423.000     0.999829      1344926      5851.43
  296959.000     0.999854      1344954      6826.67
  298495.000     0.999878      1344987      8192.00
  299775.000     0.999890      1345002      9102.22
  300543.000     0.999902      1345017     10240.00
  301567.000     0.999915      1345035     11702.86
  302847.000     0.999927      1345054     13653.33
  305407.000     0.999939      1345066     16384.00
  307967.000     0.999945      1345076     18204.44
  310527.000     0.999951      1345085     20480.00
  313599.000     0.999957      1345094     23405.71
  315391.000     0.999963      1345103     27306.67
  316927.000     0.999969      1345107     32768.00
  318975.000     0.999973      1345112     36408.89
  319487.000     0.999976      1345116     40960.00
  321535.000     0.999979      1345120     46811.43
  322559.000     0.999982      1345124     54613.33
  324095.000     0.999985      1345128     65536.00
  325119.000     0.999986      1345131     72817.78
  327423.000     0.999988      1345132     81920.00
  331263.000     0.999989      1345136     93622.86
  331263.000     0.999991      1345136    109226.67
  332543.000     0.999992      1345138    131072.00
  333055.000     0.999993      1345139    145635.56
  333311.000     0.999994      1345141    163840.00
  333311.000     0.999995      1345141    187245.71
  333567.000     0.999995      1345142    218453.33
  333823.000     0.999996      1345144    262144.00
  333823.000     0.999997      1345144    291271.11
  333823.000     0.999997      1345144    327680.00
  335871.000     0.999997      1345145    374491.43
  335871.000     0.999998      1345145    436906.67
  336639.000     0.999998      1345146    524288.00
  336639.000     0.999998      1345146    582542.22
  336639.000     0.999998      1345146    655360.00
  340479.000     0.999999      1345147    748982.86
  340479.000     0.999999      1345147    873813.33
  340479.000     0.999999      1345147   1048576.00
  340479.000     0.999999      1345147   1165084.44
  340479.000     0.999999      1345147   1310720.00
  340991.000     0.999999      1345148   1497965.71
  340991.000     1.000000      1345148          inf
#[Mean    =    55463.648, StdDeviation   =    57646.271]
#[Max     =   340991.000, Total count    =      1345148]
#[Buckets =            9, SubBuckets     =         2048]
