       Value   Percentile   TotalCount 1/(1-Percentile)

      84.000     0.000000            2         1.00
     106.000     0.100000         7043         1.11
     113.000     0.200000        14322         1.25
     118.000     0.300000        21539         1.43
     126.000     0.400000        28523         1.67
     133.000     0.500000        35903         2.00
     135.000     0.550000        39092         2.22
     142.000     0.600000        41787         2.50
     146.000     0.650000        45578         2.86
     149.000     0.700000        48715         3.33
     152.000     0.750000        52843         4.00
     153.000     0.775000        55407         4.44
     153.000     0.800000        55407         5.00
     154.000     0.825000        57313         5.71
     156.000     0.850000        59302         6.67
     158.000     0.875000        60494         8.00
     161.000     0.887500        61580         8.89
     163.000     0.900000        62458        10.00
     165.000     0.912500        63165        11.43
     167.000     0.925000        64161        13.33
     168.000     0.937500        65037        16.00
     169.000     0.943750        66012        17.78
     169.000     0.950000        66012        20.00
     170.000     0.956250        66652        22.86
     170.000     0.962500        66652        26.67
     171.000     0.968750        66992        32.00
     172.000     0.971875        67162        35.56
     174.000     0.975000        67366        40.00
     177.000     0.978125        67662        45.71
     179.000     0.981250        67842        53.33
     183.000     0.984375        68012        64.00
     188.000     0.985938        68121        71.11
     191.000     0.987500        68256        80.00
     193.000     0.989062        68351        91.43
     195.000     0.990625        68532       106.67
     196.000     0.992188        68664       128.00
     196.000     0.992969        68664       142.22
     196.000     0.993750        68664       160.00
     197.000     0.994531        68766       182.86
     197.000     0.995313        68766       213.33
     198.000     0.996094        68843       256.00
     198.000     0.996484        68843       284.44
     199.000     0.996875        68887       320.00
     200.000     0.997266        68910       365.71
     201.000     0.997656        68928       426.67
     202.000     0.998047        68947       512.00
     203.000     0.998242        68958       568.89
     204.000     0.998437        68971       640.00
     205.000     0.998633        68988       731.43
     206.000     0.998828        68998       853.33
     207.000     0.999023        69011      1024.00
     209.000     0.999121        69018      1137.78
     210.000     0.999219        69025      1280.00
     213.000     0.999316        69037      1462.86
     215.000     0.999414        69042      1706.67
     216.000     0.999512        69046      2048.00
     217.000     0.999561        69050      2275.56
     218.000     0.999609        69052      2560.00
     222.000     0.999658        69055      2925.71
     226.000     0.999707        69058      3413.33
     234.000     0.999756        69063      4096.00
     234.000     0.999780        69063      4551.11
     235.000     0.999805        69065      5120.00
     238.000     0.999829        69067      5851.43
     241.000     0.999854        69068      6826.67
     259.000     0.999878        69070      8192.00
     277.000     0.999890        69071      9102.22
     317.000     0.999902        69072     10240.00
     352.000     0.999915        69073     11702.86
     352.000     0.999927        69073     13653.33
     371.000     0.999939        69074     16384.00
     421.000     0.999945        69075     18204.44
     421.000     0.999951        69075     20480.00
     632.000     0.999957        69076     23405.71
     632.000     0.999963        69076     27306.67
     632.000     0.999969        69076     32768.00
    1353.000     0.999973        69077     36408.89
    1353.000     0.999976        69077     40960.00
    1353.000     0.999979        69077     46811.43
    1353.000     0.999982        69077     54613.33
    1353.000     0.999985        69077     65536.00
    1419.000     0.999986        69078     72817.78
    1419.000     1.000000        69078          inf
#[Mean    =      133.912, StdDeviation   =       23.351]
#[Max     =     1419.000, Total count    =        69078]
#[Buckets =            1, SubBuckets     =         2048]
