       Value   Percentile   TotalCount 1/(1-Percentile)

     201.000     0.000000            1         1.00
    1434.000     0.100000       218598         1.11
    3079.000     0.200000       437130         1.25
    6183.000     0.300000       655478         1.43
   13103.000     0.400000       874023         1.67
   23855.000     0.500000      1092527         2.00
   29631.000     0.550000      1201851         2.22
   35391.000     0.600000      1311015         2.50
   41183.000     0.650000      1420568         2.86
   47455.000     0.700000      1529665         3.33
   56031.000     0.750000      1638995         4.00
   60127.000     0.775000      1693301         4.44
   64703.000     0.800000      1748109         5.00
   69247.000     0.825000      1802816         5.71
   73023.000     0.850000      1857436         6.67
   76543.000     0.875000      1912258         8.00
   78527.000     0.887500      1939685         8.89
   81023.000     0.900000      1966851        10.00
   84479.000     0.912500      1993861        11.43
   88703.000     0.925000      2020967        13.33
   93375.000     0.937500      2048451        16.00
   96127.000     0.943750      2061978        17.78
   99391.000     0.950000      2075639        20.00
  106687.000     0.956250      2089249        22.86
  113791.000     0.962500      2102958        26.67
  117695.000     0.968750      2116714        32.00
  119551.000     0.971875      2123462        35.56
  121471.000     0.975000      2130257        40.00
  124607.000     0.978125      2137027        45.71
  130943.000     0.981250      2143876        53.33
  133503.000     0.984375      2150836        64.00
  134655.000     0.985938      2154459        71.11
  135679.000     0.987500      2157919        80.00
  136575.000     0.989062      2161317        91.43
  137343.000     0.990625      2164402       106.67
  138111.000     0.992188      2167921       128.00
  138495.000     0.992969      2169713       142.22
  138879.000     0.993750      2171542       160.00
  139263.000     0.994531      2173269       182.86
  139647.000     0.995313      2174816       213.33
  140159.000     0.996094      2176548       256.00
  140415.000     0.996484      2177350       284.44
  140671.000     0.996875      2178031       320.00
  141183.000     0.997266      2179061       365.71
  141567.000     0.997656      2179739       426.67
  142335.000     0.998047      2180642       512.00
  142847.000     0.998242      2181057       568.89
  143615.000     0.998437      2181419       640.00
  145919.000     0.998633      2181820       731.43
  150783.000     0.998828      2182251       853.33
  155647.000     0.999023      2182674      1024.00
  158335.000     0.999121      2182896      1137.78
  162559.000     0.999219      2183100      1280.00
  169471.000     0.999316      2183310      1462.86
  179455.000     0.999414      2183523      1706.67
  190463.000     0.999512      2183738      2048.00
  194431.000     0.999561      2183849      2275.56
  198655.000     0.999609      2183953      2560.00
  201727.000     0.999658      2184057      2925.71
  205823.000     0.999707      2184164      3413.33
  211455.000     0.999756      2184271      4096.00
  214143.000     0.999780      2184324      4551.11
  217087.000     0.999805      2184377      5120.00
  219903.000     0.999829      2184430      5851.43
  221951.000     0.999854      2184484      6826.67
  224639.000     0.999878      2184538      8192.00
  227199.000     0.999890      2184564      9102.22
  229887.000     0.999902      2184591     10240.00
  232831.000     0.999915      2184617     11702.86
  235775.000     0.999927      2184645     13653.33
  240383.000     0.999939      2184671     16384.00
  244735.000     0.999945      2184683     18204.44
  248703.000     0.999951      2184697     20480.00
  253439.000     0.999957      2184710     23405.71
  255871.000     0.999963      2184723     27306.67
  260479.000     0.999969      2184738     32768.00
  262015.000     0.999973      2184743     36408.89
  266239.000     0.999976      2184750     40960.00
  269055.000     0.999979      2184757     46811.43
  271359.000     0.999982      2184763     54613.33
  273407.000     0.999985      2184771     65536.00
  275199.000     0.999986      2184773     72817.78
  276991.000     0.999988      2184778     81920.00
  278271.000     0.999989      2184780     93622.86
  279039.000     0.999991      2184783    109226.67
  280063.000     0.999992      2184788    131072.00
  280063.000     0.999993      2184788    145635.56
  281599.000     0.999994      2184790    163840.00
  283391.000     0.999995      2184792    187245.71
  284159.000     0.999995      2184793    218453.33
  287743.000     0.999996      2184796    262144.00
  287743.000     0.999997      2184796    291271.11
  289279.000     0.999997      2184797    327680.00
  290815.000     0.999997      2184799    374491.43
  290815.000     0.999998      2184799    436906.67
  290815.000     0.999998      2184799    524288.00
  294655.000     0.999998      2184800    582542.22
  294655.000     0.999998      2184800    655360.00
  295167.000     0.999999      2184801    748982.86
  295167.000     0.999999      2184801    873813.33
  295167.000     0.999999      2184801   1048576.00
  295935.000     0.999999      2184802   1165084.44
  295935.000     0.999999      2184802   1310720.00
  295935.000     0.999999      2184802   1497965.71
  295935.000     0.999999      2184802   1747626.67
  295935.000     1.000000      2184802   2097152.00
  296191.000     1.000000      2184803   2330168.89
  296191.000     1.000000      2184803          inf
#[Mean    =    34128.044, StdDeviation   =    34253.312]
#[Max     =   296191.000, Total count    =      2184803]
#[Buckets =            9, SubBuckets     =         2048]
