       Value   Percentile   TotalCount 1/(1-Percentile)

      51.000     0.000000            4         1.00
      60.000     0.100000       233915         1.11
      63.000     0.200000       425189         1.25
      65.000     0.300000       558458         1.43
      68.000     0.400000       755209         1.67
      72.000     0.500000       968632         2.00
      73.000     0.550000      1019648         2.22
      75.000     0.600000      1124725         2.50
      77.000     0.650000      1223849         2.86
      79.000     0.700000      1308852         3.33
      81.000     0.750000      1386588         4.00
      83.000     0.775000      1460674         4.44
      84.000     0.800000      1495800         5.00
      85.000     0.825000      1528760         5.71
      87.000     0.850000      1585975         6.67
      89.000     0.875000      1631914         8.00
      90.000     0.887500      1652180         8.89
      91.000     0.900000      1671124        10.00
      92.000     0.912500      1688790        11.43
      94.000     0.925000      1718961        13.33
      96.000     0.937500      1742259        16.00
      97.000     0.943750      1751708        17.78
      98.000     0.950000      1760164        20.00
      99.000     0.956250      1767657        22.86
     101.000     0.962500      1780550        26.67
     103.000     0.968750      1790789        32.00
     105.000     0.971875      1799391        35.56
     106.000     0.975000      1803074        40.00
     108.000     0.978125      1809493        45.71
     110.000     0.981250      1814574        53.33
     113.000     0.984375      1820279        64.00
     115.000     0.985938      1823179        71.11
     117.000     0.987500      1825518        80.00
     121.000     0.989062      1828889        91.43
     126.000     0.990625      1831571       106.67
     134.000     0.992188      1834104       128.00
     139.000     0.992969      1835780       142.22
     143.000     0.993750      1837068       160.00
     160.000     0.994531      1838493       182.86
     165.000     0.995313      1840488       213.33
     166.000     0.996094      1841660       256.00
     167.000     0.996484      1842479       284.44
     168.000     0.996875      1842903       320.00
     174.000     0.997266      1843505       365.71
     183.000     0.997656      1844233       426.67
     192.000     0.998047      1844971       512.00
     196.000     0.998242      1845268       568.89
     204.000     0.998437      1845653       640.00
     213.000     0.998633      1845980       731.43
     227.000     0.998828      1846343       853.33
    1102.000     0.999023      1846734      1024.00
    1105.000     0.999121      1846890      1137.78
    1109.000     0.999219      1847095      1280.00
    1114.000     0.999316      1847251      1462.86
    1140.000     0.999414      1847424      1706.67
   25023.000     0.999512      1847652      2048.00
   25039.000     0.999561      1847959      2275.56
   25039.000     0.999609      1847959      2560.00
   25039.000     0.999658      1847959      2925.71
   25055.000     0.999707      1848228      3413.33
   25055.000     0.999756      1848228      4096.00
   25055.000     0.999780      1848228      4551.11
   25055.000     0.999805      1848228      5120.00
   25055.000     0.999829      1848228      5851.43
   25071.000     0.999854      1848348      6826.67
   25071.000     0.999878      1848348      8192.00
   25071.000     0.999890      1848348      9102.22
   25071.000     0.999902      1848348     10240.00
   25087.000     0.999915      1848377     11702.86
   25087.000     0.999927      1848377     13653.33
  251135.000     0.999939      1848491     16384.00
  251135.000     0.999945      1848491     18204.44
  251135.000     0.999951      1848491     20480.00
  251135.000     0.999957      1848491     23405.71
  251135.000     0.999963      1848491     27306.67
  251135.000     0.999969      1848491     32768.00
  251135.000     0.999973      1848491     36408.89
  251135.000     0.999976      1848491     40960.00
  251135.000     0.999979      1848491     46811.43
  251135.000     0.999982      1848491     54613.33
  251135.000     0.999985      1848491     65536.00
  251135.000     0.999986      1848491     72817.78
  251135.000     0.999988      1848491     81920.00
  251135.000     0.999989      1848491     93622.86
  251135.000     0.999991      1848491    109226.67
  251263.000     0.999992      1848507    131072.00
  251263.000     1.000000      1848507          inf
#[Mean    =      105.073, StdDeviation   =     2163.677]
#[Max     =   251263.000, Total count    =      1848507]
#[Buckets =            8, SubBuckets     =         2048]
