       Value   Percentile   TotalCount 1/(1-Percentile)

     117.000     0.000000            1         1.00
    1234.000     0.100000       333721         1.11
    2437.000     0.200000       666953         1.25
    4819.000     0.300000      1000278         1.43
    8199.000     0.400000      1334199         1.67
   11991.000     0.500000      1667637         2.00
   13807.000     0.550000      1833937         2.22
   15671.000     0.600000      2000712         2.50
   17903.000     0.650000      2167864         2.86
   20527.000     0.700000      2333772         3.33
   23567.000     0.750000      2501347         4.00
   25215.000     0.775000      2584308         4.44
   27215.000     0.800000      2667243         5.00
   29599.000     0.825000      2750773         5.71
   32799.000     0.850000      2834426         6.67
   37695.000     0.875000      2917253         8.00
   40831.000     0.887500      2958884         8.89
   44863.000     0.900000      3000585        10.00
   49727.000     0.912500      3042345        11.43
   56095.000     0.925000      3084061        13.33
   62815.000     0.937500      3125727        16.00
   68735.000     0.943750      3146463        17.78
   77247.000     0.950000      3167342        20.00
   89791.000     0.956250      3188162        22.86
  105791.000     0.962500      3209012        26.67
  124415.000     0.968750      3229833        32.00
  134527.000     0.971875      3240288        35.56
  145279.000     0.975000      3250687        40.00
  157311.000     0.978125      3261076        45.71
  171903.000     0.981250      3271448        53.33
  187263.000     0.984375      3281892        64.00
  195839.000     0.985938      3287103        71.11
  205695.000     0.987500      3292294        80.00
  216575.000     0.989062      3297545        91.43
  228095.000     0.990625      3302737       106.67
  241407.000     0.992188      3307907       128.00
  249983.000     0.992969      3310517       142.22
  261247.000     0.993750      3313123       160.00
  274175.000     0.994531      3315721       182.86
  288255.000     0.995313      3318359       213.33
  303103.000     0.996094      3320959       256.00
  309759.000     0.996484      3322228       284.44
  316927.000     0.996875      3323569       320.00
  323583.000     0.997266      3324829       365.71
  331519.000     0.997656      3326146       426.67
  343295.000     0.998047      3327439       512.00
  351487.000     0.998242      3328085       568.89
  361215.000     0.998437      3328734       640.00
  371455.000     0.998633      3329390       731.43
  380671.000     0.998828      3330047       853.33
  392191.000     0.999023      3330689      1024.00
  398591.000     0.999121      3331014      1137.78
  407551.000     0.999219      3331342      1280.00
  413183.000     0.999316      3331667      1462.86
  422911.000     0.999414      3331994      1706.67
  431615.000     0.999512      3332320      2048.00
  442367.000     0.999561      3332478      2275.56
  449791.000     0.999609      3332642      2560.00
  458751.000     0.999658      3332807      2925.71
  468479.000     0.999707      3332969      3413.33
  478975.000     0.999756      3333133      4096.00
  485375.000     0.999780      3333211      4551.11
  489983.000     0.999805      3333293      5120.00
  496127.000     0.999829      3333374      5851.43
  499455.000     0.999854      3333455      6826.67
  504831.000     0.999878      3333537      8192.00
  509951.000     0.999890      3333578      9102.22
  514815.000     0.999902      3333619     10240.00
  520703.000     0.999915      3333659     11702.86
  524799.000     0.999927      3333700     13653.33
  539135.000     0.999939      3333741     16384.00
  543231.000     0.999945      3333762     18204.44
  554495.000     0.999951      3333783     20480.00
  566783.000     0.999957      3333801     23405.71
  589311.000     0.999963      3333823     27306.67
  595967.000     0.999969      3333842     32768.00
  605183.000     0.999973      3333852     36408.89
  629247.000     0.999976      3333862     40960.00
  667135.000     0.999979      3333872     46811.43
  684543.000     0.999982      3333883     54613.33
  707071.000     0.999985      3333893     65536.00
  711167.000     0.999986      3333899     72817.78
  715775.000     0.999988      3333903     81920.00
  719871.000     0.999989      3333908     93622.86
  720895.000     0.999991      3333913    109226.67
  760831.000     0.999992      3333919    131072.00
  761855.000     0.999993      3333921    145635.56
  763391.000     0.999994      3333923    163840.00
  766463.000     0.999995      3333926    187245.71
  767999.000     0.999995      3333928    218453.33
  771071.000     0.999996      3333931    262144.00
  772095.000     0.999997      3333932    291271.11
  772607.000     0.999997      3333933    327680.00
  774143.000     0.999997      3333935    374491.43
  774655.000     0.999998      3333936    436906.67
  775167.000     0.999998      3333937    524288.00
  775679.000     0.999998      3333938    582542.22
  775679.000     0.999998      3333938    655360.00
  776191.000     0.999999      3333939    748982.86
  776703.000     0.999999      3333940    873813.33
  776703.000     0.999999      3333940   1048576.00
  778751.000     0.999999      3333941   1165084.44
  778751.000     0.999999      3333941   1310720.00
  778751.000     0.999999      3333941   1497965.71
  779263.000     0.999999      3333942   1747626.67
  779263.000     1.000000      3333942   2097152.00
  779263.000     1.000000      3333942   2330168.89
  779263.000     1.000000      3333942   2621440.00
  779263.000     1.000000      3333942   2995931.43
  780799.000     1.000000      3333943   3495253.33
  780799.000     1.000000      3333943          inf
#[Mean    =    22411.853, StdDeviation   =    40420.431]
#[Max     =   780799.000, Total count    =      3333943]
#[Buckets =           10, SubBuckets     =         2048]
