       Value   Percentile   TotalCount 1/(1-Percentile)

    1717.000     0.000000            1         1.00
    8559.000     0.100000       114727         1.11
    8735.000     0.200000       226335         1.25
    8807.000     0.300000       352355         1.43
    8847.000     0.400000       475371         1.67
    8879.000     0.500000       591636         2.00
    8887.000     0.550000       620192         2.22
    8903.000     0.600000       676866         2.50
    8919.000     0.650000       733385         2.86
    8943.000     0.700000       808480         3.33
    8959.000     0.750000       851774         4.00
    8967.000     0.775000       872155         4.44
    8983.000     0.800000       908912         5.00
    8999.000     0.825000       941716         5.71
    9015.000     0.850000       968497         6.67
    9031.000     0.875000       990206         8.00
    9039.000     0.887500       999672         8.89
    9055.000     0.900000      1015147        10.00
    9071.000     0.912500      1026532        11.43
    9103.000     0.925000      1041296        13.33
    9151.000     0.937500      1055415        16.00
    9191.000     0.943750      1061907        17.78
    9255.000     0.950000      1068649        20.00
    9335.000     0.956250      1075811        22.86
    9471.000     0.962500      1082475        26.67
   10031.000     0.968750      1089446        32.00
   10575.000     0.971875      1092997        35.56
   10927.000     0.975000      1096492        40.00
   11223.000     0.978125      1100001        45.71
   11455.000     0.981250      1103511        53.33
   11647.000     0.984375      1107188        64.00
   11727.000     0.985938      1108934        71.11
   11799.000     0.987500      1110607        80.00
   11863.000     0.989062      1112617        91.43
   11903.000     0.990625      1114322       106.67
   11935.000     0.992188      1115820       128.00
   11959.000     0.992969      1116890       142.22
   11975.000     0.993750      1117745       160.00
   11999.000     0.994531      1118739       182.86
   12015.000     0.995313      1119469       213.33
   12039.000     0.996094      1120394       256.00
   12047.000     0.996484      1120801       284.44
   12063.000     0.996875      1121277       320.00
   12071.000     0.997266      1121522       365.71
   12087.000     0.997656      1122040       426.67
   12103.000     0.998047      1122533       512.00
   12111.000     0.998242      1122732       568.89
   12119.000     0.998437      1122988       640.00
   12127.000     0.998633      1123110       731.43
   12143.000     0.998828      1123303       853.33
   12159.000     0.999023      1123600      1024.00
   12159.000     0.999121      1123600      1137.78
   12175.000     0.999219      1123740      1280.00
   12183.000     0.999316      1123834      1462.86
   12199.000     0.999414      1123961      1706.67
   12223.000     0.999512      1124080      2048.00
   12231.000     0.999561      1124113      2275.56
   12239.000     0.999609      1124165      2560.00
   12255.000     0.999658      1124203      2925.71
   12271.000     0.999707      1124259      3413.33
   12295.000     0.999756      1124320      4096.00
   12303.000     0.999780      1124342      4551.11
   12335.000     0.999805      1124369      5120.00
   12351.000     0.999829      1124398      5851.43
   12391.000     0.999854      1124430      6826.67
   12399.000     0.999878      1124448      8192.00
   12407.000     0.999890      1124467      9102.22
   12415.000     0.999902      1124480     10240.00
   12455.000     0.999915      1124509     11702.86
   12455.000     0.999927      1124509     13653.33
   12463.000     0.999939      1124529     16384.00
   12463.000     0.999945      1124529     18204.44
   12471.000     0.999951      1124531     20480.00
   12487.000     0.999957      1124548     23405.71
   12487.000     0.999963      1124548     27306.67
   12535.000     0.999969      1124563     32768.00
   12535.000     0.999973      1124563     36408.89
   12535.000     0.999976      1124563     40960.00
   12535.000     0.999979      1124563     46811.43
   12543.000     0.999982      1124565     54613.33
   12591.000     0.999985      1124576     65536.00
   12591.000     0.999986      1124576     72817.78
   12591.000     0.999988      1124576     81920.00
   12591.000     0.999989      1124576     93622.86
   12591.000     0.999991      1124576    109226.67
   12735.000     0.999992      1124584    131072.00
   12735.000     0.999993      1124584    145635.56
   12735.000     0.999994      1124584    163840.00
   12735.000     0.999995      1124584    187245.71
   12735.000     0.999995      1124584    218453.33
   12735.000     0.999996      1124584    262144.00
   12735.000     0.999997      1124584    291271.11
   12735.000     0.999997      1124584    327680.00
   12735.000     0.999997      1124584    374491.43
   12735.000     0.999998      1124584    436906.67
   12735.000     0.999998      1124584    524288.00
   12735.000     0.999998      1124584    582542.22
   12735.000     0.999998      1124584    655360.00
   12735.000     0.999999      1124584    748982.86
   12735.000     0.999999      1124584    873813.33
   12735.000     0.999999      1124584   1048576.00
   12815.000     0.999999      1124585   1165084.44
   12815.000     1.000000      1124585          inf
#[Mean    =     8887.032, StdDeviation   =      590.442]
#[Max     =    12815.000, Total count    =      1124585]
#[Buckets =            4, SubBuckets     =         2048]
