       Value   Percentile   TotalCount 1/(1-Percentile)

      90.000     0.000000            1         1.00
     453.000     0.100000       884243         1.11
     615.000     0.200000      1768091         1.25
     786.000     0.300000      2650326         1.43
     996.000     0.400000      3533580         1.67
    1280.000     0.500000      4417714         2.00
    1463.000     0.550000      4858694         2.22
    1679.000     0.600000      5300095         2.50
    1932.000     0.650000      5741990         2.86
    2237.000     0.700000      6184595         3.33
    2615.000     0.750000      6625684         4.00
    2851.000     0.775000      6846623         4.44
    3133.000     0.800000      7067198         5.00
    3473.000     0.825000      7287450         5.71
    3893.000     0.850000      7508910         6.67
    4423.000     0.875000      7729874         8.00
    4747.000     0.887500      7839831         8.89
    5127.000     0.900000      7950079        10.00
    5591.000     0.912500      8060676        11.43
    6171.000     0.925000      8170751        13.33
    6939.000     0.937500      8281523        16.00
    7423.000     0.943750      8336500        17.78
    8003.000     0.950000      8391719        20.00
    8743.000     0.956250      8447027        22.86
    9719.000     0.962500      8502009        26.67
   11191.000     0.968750      8557154        32.00
   12255.000     0.971875      8584918        35.56
   13687.000     0.975000      8612371        40.00
   15879.000     0.978125      8639980        45.71
   19471.000     0.981250      8667574        53.33
   26623.000     0.984375      8695144        64.00
   32335.000     0.985938      8708940        71.11
   38783.000     0.987500      8722773        80.00
   47007.000     0.989062      8736563        91.43
   59711.000     0.990625      8750358       106.67
   73855.000     0.992188      8764179       128.00
   80831.000     0.992969      8771062       142.22
   88703.000     0.993750      8777997       160.00
   99583.000     0.994531      8784877       182.86
  115583.000     0.995313      8791775       213.33
  132991.000     0.996094      8798686       256.00
  140287.000     0.996484      8802148       284.44
  149375.000     0.996875      8805575       320.00
  162047.000     0.997266      8809005       365.71
  175615.000     0.997656      8812466       426.67
  191999.000     0.998047      8815903       512.00
  200703.000     0.998242      8817641       568.89
  207871.000     0.998437      8819378       640.00
  219519.000     0.998633      8821084       731.43
  232191.000     0.998828      8822813       853.33
  251903.000     0.999023      8824543      1024.00
  261247.000     0.999121      8825395      1137.78
  275967.000     0.999219      8826267      1280.00
  294655.000     0.999316      8827131      1462.86
  304895.000     0.999414      8828030      1706.67
  323839.000     0.999512      8828844      2048.00
  328447.000     0.999561      8829277      2275.56
  338687.000     0.999609      8829726      2560.00
  348671.000     0.999658      8830139      2925.71
  362495.000     0.999707      8830572      3413.33
  389119.000     0.999756      8831002      4096.00
  416767.000     0.999780      8831216      4551.11
  426239.000     0.999805      8831440      5120.00
  477951.000     0.999829      8831647      5851.43
  511743.000     0.999854      8831865      6826.67
  535039.000     0.999878      8832080      8192.00
  539135.000     0.999890      8832194      9102.22
  576511.000     0.999902      8832297     10240.00
  584191.000     0.999915      8832401     11702.86
  612351.000     0.999927      8832511     13653.33
  652287.000     0.999939      8832618     16384.00
  653823.000     0.999945      8832699     18204.44
  686079.000     0.999951      8832724     20480.00
  693759.000     0.999957      8832779     23405.71
  701439.000     0.999963      8832834     27306.67
  869887.000     0.999969      8832887     32768.00
  872447.000     0.999973      8832915     36408.89
  875519.000     0.999976      8832943     40960.00
 1009151.000     0.999979      8832967     46811.43
 1029631.000     0.999982      8832995     54613.33
 1030655.000     0.999985      8833028     65536.00
 1031679.000     0.999986      8833039     72817.78
 1178623.000     0.999988      8833051     81920.00
 1179647.000     0.999989      8833066     93622.86
 1180671.000     0.999991      8833087    109226.67
 1181695.000     0.999992      8833088    131072.00
 1550335.000     0.999993      8833102    145635.56
 1550335.000     0.999994      8833102    163840.00
 1551359.000     0.999995      8833126    187245.71
 1551359.000     0.999995      8833126    218453.33
 1551359.000     0.999996      8833126    262144.00
 1551359.000     0.999997      8833126    291271.11
 1552383.000     0.999997      8833138    327680.00
 1552383.000     0.999997      8833138    374491.43
 1552383.000     0.999998      8833138    436906.67
 1569791.000     0.999998      8833139    524288.00
 1570815.000     0.999998      8833142    582542.22
 1570815.000     0.999998      8833142    655360.00
 1676287.000     0.999999      8833148    748982.86
 1676287.000     0.999999      8833148    873813.33
 1676287.000     0.999999      8833148   1048576.00
 1676287.000     0.999999      8833148   1165084.44
 1678335.000     0.999999      8833149   1310720.00
 1688575.000     0.999999      8833150   1497965.71
 1688575.000     0.999999      8833150   1747626.67
 1721343.000     1.000000      8833151   2097152.00
 1722367.000     1.000000      8833154   2330168.89
 1722367.000     1.000000      8833154   2621440.00
 1722367.000     1.000000      8833154   2995931.43
 1722367.000     1.000000      8833154   3495253.33
 1722367.000     1.000000      8833154   4194304.00
 1722367.000     1.000000      8833154   4660337.78
 1722367.000     1.000000      8833154   5242880.00
 1722367.000     1.000000      8833154   5991862.86
 1722367.000     1.000000      8833154   6990506.67
 1722367.000     1.000000      8833154   8388608.00
 1723391.000     1.000000      8833155   9320675.55
 1723391.000     1.000000      8833155          inf
#[Mean    =     3725.567, StdDeviation   =    17939.167]
#[Max     =  1723391.000, Total count    =      8833155]
#[Buckets =           11, SubBuckets     =         2048]
