       Value   Percentile   TotalCount 1/(1-Percentile)

      79.000     0.000000            1         1.00
    1538.000     0.100000      1409350         1.11
    2171.000     0.200000      2819939         1.25
    2507.000     0.300000      4234977         1.43
    2795.000     0.400000      5639071         1.67
    3109.000     0.500000      7047785         2.00
    3313.000     0.550000      7752069         2.22
    3571.000     0.600000      8452409         2.50
    3913.000     0.650000      9157950         2.86
    4439.000     0.700000      9863406         3.33
    5227.000     0.750000     10567513         4.00
    5747.000     0.775000     10919478         4.44
    6459.000     0.800000     11270285         5.00
    7535.000     0.825000     11622377         5.71
    8839.000     0.850000     11974546         6.67
    9991.000     0.875000     12327311         8.00
   10647.000     0.887500     12503399         8.89
   11591.000     0.900000     12678262        10.00
   13143.000     0.912500     12854919        11.43
   14791.000     0.925000     13030959        13.33
   16479.000     0.937500     13206368        16.00
   17343.000     0.943750     13294981        17.78
   18351.000     0.950000     13382793        20.00
   19551.000     0.956250     13471234        22.86
   20927.000     0.962500     13558608        26.67
   22655.000     0.968750     13646919        32.00
   23791.000     0.971875     13690866        35.56
   25023.000     0.975000     13734607        40.00
   26351.000     0.978125     13778875        45.71
   27791.000     0.981250     13822984        53.33
   29439.000     0.984375     13866852        64.00
   30303.000     0.985938     13888602        71.11
   31215.000     0.987500     13910745        80.00
   32111.000     0.989062     13932995        91.43
   33055.000     0.990625     13954781       106.67
   34079.000     0.992188     13976782       128.00
   34655.000     0.992969     13988271       142.22
   35263.000     0.993750     13999047       160.00
   35967.000     0.994531     14009916       182.86
   36863.000     0.995313     14020828       213.33
   38079.000     0.996094     14031674       256.00
   38815.000     0.996484     14037344       284.44
   39679.000     0.996875     14042854       320.00
   40767.000     0.997266     14048206       365.71
   42303.000     0.997656     14053696       426.67
   44511.000     0.998047     14059246       512.00
   45567.000     0.998242     14061994       568.89
   46495.000     0.998437     14064730       640.00
   47359.000     0.998633     14067444       731.43
   48223.000     0.998828     14070191       853.33
   49151.000     0.999023     14073022      1024.00
   49599.000     0.999121     14074341      1137.78
   50047.000     0.999219     14075744      1280.00
   50463.000     0.999316     14077136      1462.86
   50847.000     0.999414     14078486      1706.67
   51231.000     0.999512     14079835      2048.00
   51455.000     0.999561     14080546      2275.56
   51679.000     0.999609     14081219      2560.00
   51935.000     0.999658     14081935      2925.71
   52223.000     0.999707     14082637      3413.33
   52511.000     0.999756     14083256      4096.00
   52735.000     0.999780     14083644      4551.11
   52927.000     0.999805     14083948      5120.00
   53215.000     0.999829     14084313      5851.43
   53535.000     0.999854     14084660      6826.67
   53919.000     0.999878     14084984      8192.00
   54239.000     0.999890     14085164      9102.22
   54591.000     0.999902     14085324     10240.00
   55103.000     0.999915     14085491     11702.86
   55871.000     0.999927     14085662     13653.33
   58207.000     0.999939     14085832     16384.00
   59487.000     0.999945     14085919     18204.44
   60927.000     0.999951     14086004     20480.00
   61983.000     0.999957     14086094     23405.71
   63071.000     0.999963     14086176     27306.67
   64191.000     0.999969     14086262     32768.00
   64863.000     0.999973     14086308     36408.89
   66559.000     0.999976     14086348     40960.00
   70207.000     0.999979     14086391     46811.43
   73343.000     0.999982     14086434     54613.33
   78911.000     0.999985     14086477     65536.00
   81343.000     0.999986     14086498     72817.78
   84223.000     0.999988     14086520     81920.00
   85503.000     0.999989     14086541     93622.86
   87359.000     0.999991     14086563    109226.67
   90047.000     0.999992     14086584    131072.00
   90687.000     0.999993     14086596    145635.56
   91327.000     0.999994     14086606    163840.00
   91839.000     0.999995     14086616    187245.71
   92735.000     0.999995     14086627    218453.33
   93247.000     0.999996     14086638    262144.00
   93503.000     0.999997     14086643    291271.11
   94143.000     0.999997     14086650    327680.00
   94591.000     0.999997     14086655    374491.43
   94783.000     0.999998     14086659    436906.67
   95103.000     0.999998     14086665    524288.00
   95167.000     0.999998     14086667    582542.22
   95679.000     0.999998     14086670    655360.00
   95871.000     0.999999     14086673    748982.86
   95935.000     0.999999     14086675    873813.33
   96511.000     0.999999     14086679   1048576.00
   96511.000     0.999999     14086679   1165084.44
   96895.000     0.999999     14086681   1310720.00
   96959.000     0.999999     14086682   1497965.71
   97087.000     0.999999     14086683   1747626.67
   97343.000     1.000000     14086685   2097152.00
   97343.000     1.000000     14086685   2330168.89
   97855.000     1.000000     14086686   2621440.00
   98047.000     1.000000     14086687   2995931.43
   98047.000     1.000000     14086687   3495253.33
   98815.000     1.000000     14086688   4194304.00
   98815.000     1.000000     14086688   4660337.78
   99007.000     1.000000     14086689   5242880.00
   99007.000     1.000000     14086689   5991862.86
   99007.000     1.000000     14086689   6990506.67
  100031.000     1.000000     14086690   8388608.00
  100031.000     1.000000     14086690   9320675.55
  100031.000     1.000000     14086690  10485760.00
  100031.000     1.000000     14086690  11983725.71
  100031.000     1.000000     14086690  13981013.34
  100415.000     1.000000     14086691  16777216.00
  100415.000     1.000000     14086691          inf
#[Mean    =     5305.106, StdDeviation   =     6183.199]
#[Max     =   100415.000, Total count    =     14086691]
#[Buckets =            7, SubBuckets     =         2048]
