       Value   Percentile   TotalCount 1/(1-Percentile)

      83.000     0.000000            3         1.00
     110.000     0.100000        17808         1.11
     123.000     0.200000        33226         1.25
     150.000     0.300000        50158         1.43
     173.000     0.400000        66463         1.67
     187.000     0.500000        84745         2.00
     190.000     0.550000        91631         2.22
     197.000     0.600000        99192         2.50
     201.000     0.650000       108653         2.86
     202.000     0.700000       115296         3.33
     203.000     0.750000       123343         4.00
     204.000     0.775000       129422         4.44
     205.000     0.800000       134226         5.00
     206.000     0.825000       138936         5.71
     207.000     0.850000       142589         6.67
     208.000     0.875000       145099         8.00
     209.000     0.887500       147116         8.89
     210.000     0.900000       149022        10.00
     211.000     0.912500       150798        11.43
     212.000     0.925000       152568        13.33
     213.000     0.937500       154199        16.00
     214.000     0.943750       155714        17.78
     215.000     0.950000       157014        20.00
     215.000     0.956250       157014        22.86
     216.000     0.962500       158101        26.67
     217.000     0.968750       158963        32.00
     218.000     0.971875       159651        35.56
     219.000     0.975000       160207        40.00
     220.000     0.978125       160706        45.71
     221.000     0.981250       161116        53.33
     223.000     0.984375       161867        64.00
     223.000     0.985938       161867        71.11
     224.000     0.987500       162203        80.00
     225.000     0.989062       162473        91.43
     226.000     0.990625       162707       106.67
     227.000     0.992188       162883       128.00
     228.000     0.992969       163046       142.22
     229.000     0.993750       163178       160.00
     229.000     0.994531       163178       182.86
     231.000     0.995313       163363       213.33
     232.000     0.996094       163442       256.00
     233.000     0.996484       163501       284.44
     235.000     0.996875       163612       320.00
     236.000     0.997266       163656       365.71
     237.000     0.997656       163692       426.67
     240.000     0.998047       163782       512.00
     241.000     0.998242       163809       568.89
     242.000     0.998437       163827       640.00
     244.000     0.998633       163860       731.43
     246.000     0.998828       163887       853.33
     249.000     0.999023       163921      1024.00
     250.000     0.999121       163931      1137.78
     253.000     0.999219       163945      1280.00
     256.000     0.999316       163963      1462.86
     260.000     0.999414       163977      1706.67
     266.000     0.999512       163995      2048.00
     270.000     0.999561       164000      2275.56
     276.000     0.999609       164009      2560.00
     281.000     0.999658       164016      2925.71
     306.000     0.999707       164024      3413.33
     372.000     0.999756       164032      4096.00
     427.000     0.999780       164036      4551.11
     464.000     0.999805       164040      5120.00
     742.000     0.999829       164044      5851.43
     937.000     0.999854       164048      6826.67
    5051.000     0.999878       164052      8192.00
    5439.000     0.999890       164054      9102.22
    5547.000     0.999902       164056     10240.00
    5787.000     0.999915       164058     11702.86
    5823.000     0.999927       164060     13653.33
    6031.000     0.999939       164062     16384.00
    6371.000     0.999945       164063     18204.44
    6419.000     0.999951       164064     20480.00
    6619.000     0.999957       164065     23405.71
    6699.000     0.999963       164066     27306.67
    9031.000     0.999969       164067     32768.00
   17519.000     0.999973       164068     36408.89
   17519.000     0.999976       164068     40960.00
   17599.000     0.999979       164069     46811.43
   17599.000     0.999982       164069     54613.33
   21343.000     0.999985       164070     65536.00
   21343.000     0.999986       164070     72817.78
   21343.000     0.999988       164070     81920.00
   21759.000     0.999989       164071     93622.86
   21759.000     0.999991       164071    109226.67
   21759.000     0.999992       164071    131072.00
   21759.000     0.999993       164071    145635.56
   21759.000     0.999994       164071    163840.00
   22655.000     0.999995       164072    187245.71
   22655.000     1.000000       164072          inf
#[Mean    =      172.307, StdDeviation   =      132.069]
#[Max     =    22655.000, Total count    =       164072]
#[Buckets =            5, SubBuckets     =         2048]
