       Value   Percentile   TotalCount 1/(1-Percentile)

      73.000     0.000000            1         1.00
     438.000     0.100000       527086         1.11
     761.000     0.200000      1052323         1.25
    1198.000     0.300000      1578322         1.43
    1821.000     0.400000      2104080         1.67
    2761.000     0.500000      2629668         2.00
    3415.000     0.550000      2892372         2.22
    4251.000     0.600000      3155240         2.50
    5339.000     0.650000      3418676         2.86
    6811.000     0.700000      3681542         3.33
    8903.000     0.750000      3944668         4.00
   10287.000     0.775000      4075406         4.44
   11975.000     0.800000      4206927         5.00
   13911.000     0.825000      4338303         5.71
   16151.000     0.850000      4469971         6.67
   18767.000     0.875000      4601769         8.00
   20255.000     0.887500      4667287         8.89
   21903.000     0.900000      4732873        10.00
   23839.000     0.912500      4798508        11.43
   26159.000     0.925000      4864532        13.33
   29231.000     0.937500      4930099        16.00
   31327.000     0.943750      4962914        17.78
   34175.000     0.950000      4995878        20.00
   38399.000     0.956250      5028600        22.86
   45599.000     0.962500      5061357        26.67
   55647.000     0.968750      5094214        32.00
   63839.000     0.971875      5110660        35.56
   91455.000     0.975000      5127083        40.00
  143487.000     0.978125      5143495        45.71
  191487.000     0.981250      5159935        53.33
  216831.000     0.984375      5176410        64.00
  225791.000     0.985938      5184625        71.11
  234623.000     0.987500      5192840        80.00
  242687.000     0.989062      5201013        91.43
  251775.000     0.990625      5209288       106.67
  262399.000     0.992188      5217562       128.00
  268031.000     0.992969      5221631       142.22
  274943.000     0.993750      5225701       160.00
  282111.000     0.994531      5229816       182.86
  289535.000     0.995313      5233995       213.33
  298495.000     0.996094      5238003       256.00
  303615.000     0.996484      5240061       284.44
  308991.000     0.996875      5242172       320.00
  314367.000     0.997266      5244157       365.71
  321535.000     0.997656      5246248       426.67
  329215.000     0.998047      5248256       512.00
  332799.000     0.998242      5249292       568.89
  337151.000     0.998437      5250329       640.00
  342015.000     0.998633      5251376       731.43
  347391.000     0.998828      5252390       853.33
  353279.000     0.999023      5253411      1024.00
  356863.000     0.999121      5253912      1137.78
  361215.000     0.999219      5254430      1280.00
  365823.000     0.999316      5254953      1462.86
  370431.000     0.999414      5255468      1706.67
  377343.000     0.999512      5255960      2048.00
  381439.000     0.999561      5256215      2275.56
  386047.000     0.999609      5256474      2560.00
  389631.000     0.999658      5256731      2925.71
  394495.000     0.999707      5256994      3413.33
  399359.000     0.999756      5257244      4096.00
  402687.000     0.999780      5257375      4551.11
  405503.000     0.999805      5257502      5120.00
  409343.000     0.999829      5257640      5851.43
  412671.000     0.999854      5257762      6826.67
  414975.000     0.999878      5257883      8192.00
  416767.000     0.999890      5257947      9102.22
  419071.000     0.999902      5258011     10240.00
  422143.000     0.999915      5258077     11702.86
  427263.000     0.999927      5258140     13653.33
  431359.000     0.999939      5258208     16384.00
  433151.000     0.999945      5258236     18204.44
  434943.000     0.999951      5258274     20480.00
  436479.000     0.999957      5258303     23405.71
  439551.000     0.999963      5258332     27306.67
  443647.000     0.999969      5258365     32768.00
  444927.000     0.999973      5258380     36408.89
  448767.000     0.999976      5258398     40960.00
  450047.000     0.999979      5258412     46811.43
  451327.000     0.999982      5258429     54613.33
  453119.000     0.999985      5258445     65536.00
  457215.000     0.999986      5258452     72817.78
  459007.000     0.999988      5258460     81920.00
  462335.000     0.999989      5258468     93622.86
  466175.000     0.999991      5258476    109226.67
  473855.000     0.999992      5258484    131072.00
  483327.000     0.999993      5258488    145635.56
  484863.000     0.999994      5258492    163840.00
  492031.000     0.999995      5258497    187245.71
  498943.000     0.999995      5258500    218453.33
  500479.000     0.999996      5258504    262144.00
  501759.000     0.999997      5258506    291271.11
  504319.000     0.999997      5258508    327680.00
  505599.000     0.999997      5258510    374491.43
  506367.000     0.999998      5258512    436906.67
  506879.000     0.999998      5258514    524288.00
  507135.000     0.999998      5258515    582542.22
  514047.000     0.999998      5258516    655360.00
  514815.000     0.999999      5258517    748982.86
  516607.000     0.999999      5258518    873813.33
  517631.000     0.999999      5258519   1048576.00
  529919.000     0.999999      5258520   1165084.44
  529919.000     0.999999      5258520   1310720.00
  531967.000     0.999999      5258522   1497965.71
  531967.000     0.999999      5258522   1747626.67
  531967.000     1.000000      5258522   2097152.00
  531967.000     1.000000      5258522   2330168.89
  531967.000     1.000000      5258522   2621440.00
  533503.000     1.000000      5258524   2995931.43
  533503.000     1.000000      5258524          inf
#[Mean    =    12353.334, StdDeviation   =    38118.827]
#[Max     =   533503.000, Total count    =      5258524]
#[Buckets =           10, SubBuckets     =         2048]
