       Value   Percentile   TotalCount 1/(1-Percentile)

     104.000     0.000000            1         1.00
     625.000     0.100000       903408         1.11
     906.000     0.200000      1807402         1.25
    1239.000     0.300000      2710103         1.43
    1639.000     0.400000      3612541         1.67
    2055.000     0.500000      4517946         2.00
    2265.000     0.550000      4969196         2.22
    2495.000     0.600000      5420686         2.50
    2755.000     0.650000      5871380         2.86
    3051.000     0.700000      6321785         3.33
    3415.000     0.750000      6773868         4.00
    3639.000     0.775000      6998922         4.44
    3903.000     0.800000      7225068         5.00
    4215.000     0.825000      7451820         5.71
    4595.000     0.850000      7676596         6.67
    5079.000     0.875000      7901351         8.00
    5387.000     0.887500      8015287         8.89
    5747.000     0.900000      8127724        10.00
    6183.000     0.912500      8240453        11.43
    6723.000     0.925000      8353245        13.33
    7407.000     0.937500      8465570        16.00
    7831.000     0.943750      8522109        17.78
    8335.000     0.950000      8578783        20.00
    8951.000     0.956250      8635093        22.86
    9759.000     0.962500      8691733        26.67
   10871.000     0.968750      8747819        32.00
   11631.000     0.971875      8775954        35.56
   12647.000     0.975000      8804333        40.00
   14063.000     0.978125      8832420        45.71
   16351.000     0.981250      8860583        53.33
   20575.000     0.984375      8888855        64.00
   23823.000     0.985938      8902915        71.11
   28351.000     0.987500      8917056        80.00
   34943.000     0.989062      8931164        91.43
   42239.000     0.990625      8945267       106.67
   52447.000     0.992188      8959393       128.00
   58559.000     0.992969      8966398       142.22
   67007.000     0.993750      8973486       160.00
   75967.000     0.994531      8980503       182.86
   87359.000     0.995313      8987573       213.33
  100671.000     0.996094      8994628       256.00
  108671.000     0.996484      8998164       284.44
  116351.000     0.996875      9001668       320.00
  129791.000     0.997266      9005194       365.71
  142847.000     0.997656      9008734       426.67
  162943.000     0.998047      9012261       512.00
  174463.000     0.998242      9014015       568.89
  186367.000     0.998437      9015784       640.00
  199167.000     0.998633      9017540       731.43
  212479.000     0.998828      9019310       853.33
  229375.000     0.999023      9021067      1024.00
  240127.000     0.999121      9021949      1137.78
  258303.000     0.999219      9022830      1280.00
  267519.000     0.999316      9023717      1462.86
  283903.000     0.999414      9024621      1706.67
  306687.000     0.999512      9025481      2048.00
  315903.000     0.999561      9025926      2275.56
  328959.000     0.999609      9026371      2560.00
  340223.000     0.999658      9026798      2925.71
  373503.000     0.999707      9027247      3413.33
  390655.000     0.999756      9027681      4096.00
  411903.000     0.999780      9027904      4551.11
  430847.000     0.999805      9028122      5120.00
  451071.000     0.999829      9028348      5851.43
  455423.000     0.999854      9028568      6826.67
  469759.000     0.999878      9028789      8192.00
  478207.000     0.999890      9028895      9102.22
  489215.000     0.999902      9029009     10240.00
  519167.000     0.999915      9029114     11702.86
  553983.000     0.999927      9029226     13653.33
  608767.000     0.999939      9029333     16384.00
  613375.000     0.999945      9029390     18204.44
  671743.000     0.999951      9029447     20480.00
  947711.000     0.999957      9029499     23405.71
  986111.000     0.999963      9029572     27306.67
  988159.000     0.999969      9029614     32768.00
 1045503.000     0.999973      9029637     36408.89
 1094655.000     0.999976      9029676     40960.00
 1096703.000     0.999979      9029704     46811.43
 1309695.000     0.999982      9029724     54613.33
 1345535.000     0.999985      9029759     65536.00
 1346559.000     0.999986      9029776     72817.78
 1346559.000     0.999988      9029776     81920.00
 1352703.000     0.999989      9029790     93622.86
 1418239.000     0.999991      9029805    109226.67
 1423359.000     0.999992      9029824    131072.00
 1423359.000     0.999993      9029824    145635.56
 1426431.000     0.999994      9029834    163840.00
 1427455.000     0.999995      9029839    187245.71
 1497087.000     0.999995      9029845    218453.33
 1498111.000     0.999996      9029850    262144.00
 1499135.000     0.999997      9029855    291271.11
 1500159.000     0.999997      9029861    327680.00
 1500159.000     0.999997      9029861    374491.43
 1503231.000     0.999998      9029864    436906.67
 1509375.000     0.999998      9029867    524288.00
 1513471.000     0.999998      9029872    582542.22
 1513471.000     0.999998      9029872    655360.00
 1513471.000     0.999999      9029872    748982.86
 1518591.000     0.999999      9029875    873813.33
 1830911.000     0.999999      9029877   1048576.00
 1830911.000     0.999999      9029877   1165084.44
 1833983.000     0.999999      9029878   1310720.00
 1833983.000     0.999999      9029878   1497965.71
 1836031.000     0.999999      9029879   1747626.67
 1841151.000     1.000000      9029881   2097152.00
 1841151.000     1.000000      9029881   2330168.89
 1841151.000     1.000000      9029881   2621440.00
 1841151.000     1.000000      9029881   2995931.43
 1845247.000     1.000000      9029884   3495253.33
 1845247.000     1.000000      9029884          inf
#[Mean    =     3944.692, StdDeviation   =    16448.186]
#[Max     =  1845247.000, Total count    =      9029884]
#[Buckets =           11, SubBuckets     =         2048]
