       Value   Percentile   TotalCount 1/(1-Percentile)

      86.000     0.000000            3         1.00
     114.000     0.100000       142603         1.11
     119.000     0.200000       303956         1.25
     122.000     0.300000       423686         1.43
     126.000     0.400000       587499         1.67
     129.000     0.500000       704406         2.00
     131.000     0.550000       776363         2.22
     133.000     0.600000       842451         2.50
     136.000     0.650000       931350         2.86
     138.000     0.700000       982859         3.33
     141.000     0.750000      1050455         4.00
     143.000     0.775000      1088912         4.44
     145.000     0.800000      1123205         5.00
     148.000     0.825000      1167443         5.71
     150.000     0.850000      1192592         6.67
     153.000     0.875000      1225047         8.00
     155.000     0.887500      1244059         8.89
     157.000     0.900000      1261102        10.00
     160.000     0.912500      1283222        11.43
     162.000     0.925000      1295950        13.33
     165.000     0.937500      1312344        16.00
     167.000     0.943750      1321601        17.78
     169.000     0.950000      1329750        20.00
     172.000     0.956250      1340029        22.86
     175.000     0.962500      1348572        26.67
     178.000     0.968750      1355750        32.00
     180.000     0.971875      1359816        35.56
     183.000     0.975000      1365300        40.00
     185.000     0.978125      1368685        45.71
     188.000     0.981250      1373306        53.33
     191.000     0.984375      1377318        64.00
     193.000     0.985938      1379733        71.11
     195.000     0.987500      1381934        80.00
     197.000     0.989062      1383994        91.43
     199.000     0.990625      1385815       106.67
     202.000     0.992188      1388227       128.00
     204.000     0.992969      1389706       142.22
     205.000     0.993750      1390363       160.00
     207.000     0.994531      1391626       182.86
     209.000     0.995313      1392678       213.33
     211.000     0.996094      1393689       256.00
     212.000     0.996484      1394053       284.44
     214.000     0.996875      1394763       320.00
     215.000     0.997266      1395146       365.71
     217.000     0.997656      1395772       426.67
     219.000     0.998047      1396284       512.00
     220.000     0.998242      1396517       568.89
     221.000     0.998437      1396731       640.00
     223.000     0.998633      1397098       731.43
     224.000     0.998828      1397271       853.33
     226.000     0.999023      1397538      1024.00
     228.000     0.999121      1397773      1137.78
     229.000     0.999219      1397847      1280.00
     231.000     0.999316      1397990      1462.86
     233.000     0.999414      1398098      1706.67
     237.000     0.999512      1398254      2048.00
     238.000     0.999561      1398289      2275.56
     241.000     0.999609      1398372      2560.00
     245.000     0.999658      1398432      2925.71
     252.000     0.999707      1398500      3413.33
     264.000     0.999756      1398562      4096.00
     274.000     0.999780      1398598      4551.11
     286.000     0.999805      1398633      5120.00
     304.000     0.999829      1398664      5851.43
     360.000     0.999854      1398699      6826.67
     524.000     0.999878      1398733      8192.00
     796.000     0.999890      1398750      9102.22
    1048.000     0.999902      1398767     10240.00
    1545.000     0.999915      1398784     11702.86
    3019.000     0.999927      1398801     13653.33
    9903.000     0.999939      1398818     16384.00
   15079.000     0.999945      1398827     18204.44
   24575.000     0.999951      1398835     20480.00
   28495.000     0.999957      1398844     23405.71
   31695.000     0.999963      1398852     27306.67
   38847.000     0.999969      1398861     32768.00
   40319.000     0.999973      1398865     36408.89
   40671.000     0.999976      1398869     40960.00
   41631.000     0.999979      1398874     46811.43
   43103.000     0.999982      1398878     54613.33
   44447.000     0.999985      1398882     65536.00
   51711.000     0.999986      1398884     72817.78
   52447.000     0.999988      1398886     81920.00
   54207.000     0.999989      1398889     93622.86
   54943.000     0.999991      1398891    109226.67
   55423.000     0.999992      1398893    131072.00
   55487.000     0.999993      1398894    145635.56
   55615.000     0.999994      1398895    163840.00
   55967.000     0.999995      1398896    187245.71
   55999.000     0.999995      1398897    218453.33
   57887.000     0.999996      1398899    262144.00
   57887.000     0.999997      1398899    291271.11
   57887.000     0.999997      1398899    327680.00
   57951.000     0.999997      1398900    374491.43
   57951.000     0.999998      1398900    436906.67
   58719.000     0.999998      1398901    524288.00
   58719.000     0.999998      1398901    582542.22
   58719.000     0.999998      1398901    655360.00
   59135.000     0.999999      1398902    748982.86
   59135.000     0.999999      1398902    873813.33
   59135.000     0.999999      1398902   1048576.00
   59135.000     0.999999      1398902   1165084.44
   59135.000     0.999999      1398902   1310720.00
   60191.000     0.999999      1398903   1497965.71
   60191.000     1.000000      1398903          inf
#[Mean    =      135.647, StdDeviation   =      307.783]
#[Max     =    60191.000, Total count    =      1398903]
#[Buckets =            6, SubBuckets     =         2048]
