       Value   Percentile   TotalCount 1/(1-Percentile)

      79.000     0.000000            1         1.00
      86.000     0.100000        22396         1.11
     122.000     0.200000        34422         1.25
     156.000     0.300000        51708         1.43
     168.000     0.400000        70105         1.67
     171.000     0.500000        86350         2.00
     175.000     0.550000        94426         2.22
     190.000     0.600000       102715         2.50
     200.000     0.650000       112375         2.86
     202.000     0.700000       122902         3.33
     203.000     0.750000       129703         4.00
     204.000     0.775000       135255         4.44
     205.000     0.800000       141425         5.00
     205.000     0.825000       141425         5.71
     206.000     0.850000       148084         6.67
     207.000     0.875000       153158         8.00
     207.000     0.887500       153158         8.89
     208.000     0.900000       156312        10.00
     208.000     0.912500       156312        11.43
     210.000     0.925000       159504        13.33
     211.000     0.937500       160646        16.00
     212.000     0.943750       161575        17.78
     213.000     0.950000       162443        20.00
     215.000     0.956250       164061        22.86
     216.000     0.962500       164755        26.67
     218.000     0.968750       166339        32.00
     218.000     0.971875       166339        35.56
     219.000     0.975000       166982        40.00
     220.000     0.978125       167478        45.71
     221.000     0.981250       167974        53.33
     222.000     0.984375       168438        64.00
     223.000     0.985938       168840        71.11
     223.000     0.987500       168840        80.00
     224.000     0.989062       169151        91.43
     225.000     0.990625       169416       106.67
     226.000     0.992188       169664       128.00
     227.000     0.992969       169843       142.22
     228.000     0.993750       169983       160.00
     229.000     0.994531       170120       182.86
     230.000     0.995313       170222       213.33
     231.000     0.996094       170321       256.00
     232.000     0.996484       170410       284.44
     233.000     0.996875       170490       320.00
     234.000     0.997266       170563       365.71
     234.000     0.997656       170563       426.67
     235.000     0.998047       170625       512.00
     236.000     0.998242       170661       568.89
     237.000     0.998437       170697       640.00
     238.000     0.998633       170732       731.43
     239.000     0.998828       170765       853.33
     241.000     0.999023       170802      1024.00
     242.000     0.999121       170818      1137.78
     243.000     0.999219       170836      1280.00
     244.000     0.999316       170844      1462.86
     248.000     0.999414       170861      1706.67
     251.000     0.999512       170875      2048.00
     254.000     0.999561       170885      2275.56
     258.000     0.999609       170895      2560.00
     265.000     0.999658       170902      2925.71
     282.000     0.999707       170909      3413.33
     359.000     0.999756       170917      4096.00
     438.000     0.999780       170921      4551.11
     474.000     0.999805       170925      5120.00
     617.000     0.999829       170930      5851.43
     632.000     0.999854       170933      6826.67
     730.000     0.999878       170938      8192.00
     753.000     0.999890       170940      9102.22
     814.000     0.999902       170942     10240.00
     913.000     0.999915       170944     11702.86
     952.000     0.999927       170946     13653.33
     986.000     0.999939       170948     16384.00
    1010.000     0.999945       170949     18204.44
    1121.000     0.999951       170951     20480.00
    1121.000     0.999957       170951     23405.71
    1587.000     0.999963       170952     27306.67
   17391.000     0.999969       170953     32768.00
   17727.000     0.999973       170954     36408.89
   17727.000     0.999976       170954     40960.00
   19023.000     0.999979       170955     46811.43
   19023.000     0.999982       170955     54613.33
   19055.000     0.999985       170956     65536.00
   19055.000     0.999986       170956     72817.78
   19055.000     0.999988       170956     81920.00
   19231.000     0.999989       170957     93622.86
   19231.000     0.999991       170957    109226.67
   19231.000     0.999992       170957    131072.00
   19231.000     0.999993       170957    145635.56
   19231.000     0.999994       170957    163840.00
   20239.000     0.999995       170958    187245.71
   20239.000     1.000000       170958          inf
#[Mean    =      165.965, StdDeviation   =      119.157]
#[Max     =    20239.000, Total count    =       170958]
#[Buckets =            5, SubBuckets     =         2048]
