       Value   Percentile   TotalCount 1/(1-Percentile)

      84.000     0.000000            2         1.00
     112.000     0.100000       156040         1.11
     117.000     0.200000       298253         1.25
     121.000     0.300000       430390         1.43
     125.000     0.400000       567765         1.67
     129.000     0.500000       704079         2.00
     131.000     0.550000       769574         2.22
     133.000     0.600000       832397         2.50
     136.000     0.650000       917575         2.86
     138.000     0.700000       967858         3.33
     142.000     0.750000      1051371         4.00
     144.000     0.775000      1085424         4.44
     146.000     0.800000      1114749         5.00
     148.000     0.825000      1140440         5.71
     152.000     0.850000      1182344         6.67
     156.000     0.875000      1214576         8.00
     158.000     0.887500      1228017         8.89
     161.000     0.900000      1245552        10.00
     164.000     0.912500      1260668        11.43
     168.000     0.925000      1277712        13.33
     173.000     0.937500      1295183        16.00
     176.000     0.943750      1304058        17.78
     179.000     0.950000      1311924        20.00
     183.000     0.956250      1320966        22.86
     188.000     0.962500      1330221        26.67
     194.000     0.968750      1338875        32.00
     197.000     0.971875      1342425        35.56
     201.000     0.975000      1346688        40.00
     206.000     0.978125      1351252        45.71
     211.000     0.981250      1355369        53.33
     217.000     0.984375      1359785        64.00
     220.000     0.985938      1361947        71.11
     223.000     0.987500      1364012        80.00
     226.000     0.989062      1365953        91.43
     230.000     0.990625      1368386       106.67
     234.000     0.992188      1370534       128.00
     236.000     0.992969      1371560       142.22
     238.000     0.993750      1372439       160.00
     241.000     0.994531      1373659       182.86
     244.000     0.995313      1374671       213.33
     247.000     0.996094      1375566       256.00
     249.000     0.996484      1376115       284.44
     252.000     0.996875      1376851       320.00
     254.000     0.997266      1377253       365.71
     257.000     0.997656      1377807       426.67
     260.000     0.998047      1378324       512.00
     262.000     0.998242      1378633       568.89
     264.000     0.998437      1378880       640.00
     266.000     0.998633      1379104       731.43
     269.000     0.998828      1379403       853.33
     272.000     0.999023      1379674      1024.00
     273.000     0.999121      1379756      1137.78
     275.000     0.999219      1379879      1280.00
     278.000     0.999316      1380044      1462.86
     280.000     0.999414      1380135      1706.67
     284.000     0.999512      1380282      2048.00
     286.000     0.999561      1380340      2275.56
     290.000     0.999609      1380427      2560.00
     293.000     0.999658      1380472      2925.71
     297.000     0.999707      1380549      3413.33
     304.000     0.999756      1380608      4096.00
     313.000     0.999780      1380644      4551.11
     336.000     0.999805      1380678      5120.00
     362.000     0.999829      1380708      5851.43
    1112.000     0.999854      1380742      6826.67
    1816.000     0.999878      1380776      8192.00
    2841.000     0.999890      1380793      9102.22
    3891.000     0.999902      1380810     10240.00
    7163.000     0.999915      1380826     11702.86
   19487.000     0.999927      1380843     13653.33
   20367.000     0.999939      1380860     16384.00
   24591.000     0.999945      1380869     18204.44
   26415.000     0.999951      1380877     20480.00
   29199.000     0.999957      1380885     23405.71
   33567.000     0.999963      1380894     27306.67
   39295.000     0.999969      1380902     32768.00
   40031.000     0.999973      1380907     36408.89
   41375.000     0.999976      1380911     40960.00
   41503.000     0.999979      1380915     46811.43
   43487.000     0.999982      1380919     54613.33
   44351.000     0.999985      1380923     65536.00
   46399.000     0.999986      1380926     72817.78
   46495.000     0.999988      1380928     81920.00
   48735.000     0.999989      1380931     93622.86
   48767.000     0.999991      1380932    109226.67
   49759.000     0.999992      1380935    131072.00
   49759.000     0.999993      1380935    145635.56
   49855.000     0.999994      1380936    163840.00
   50335.000     0.999995      1380937    187245.71
   50687.000     0.999995      1380938    218453.33
   50751.000     0.999996      1380939    262144.00
   51583.000     0.999997      1380941    291271.11
   51583.000     0.999997      1380941    327680.00
   51583.000     0.999997      1380941    374491.43
   51583.000     0.999998      1380941    436906.67
   51839.000     0.999998      1380942    524288.00
   51839.000     0.999998      1380942    582542.22
   51839.000     0.999998      1380942    655360.00
   52575.000     0.999999      1380943    748982.86
   52575.000     0.999999      1380943    873813.33
   52575.000     0.999999      1380943   1048576.00
   52575.000     0.999999      1380943   1165084.44
   52575.000     0.999999      1380943   1310720.00
   53887.000     0.999999      1380944   1497965.71
   53887.000     1.000000      1380944          inf
#[Mean    =      136.846, StdDeviation   =      312.730]
#[Max     =    53887.000, Total count    =      1380944]
#[Buckets =            6, SubBuckets     =         2048]
