       Value   Percentile   TotalCount 1/(1-Percentile)

      87.000     0.000000            1         1.00
     108.000     0.100000        16300         1.11
     115.000     0.200000        35600         1.25
     145.000     0.300000        49563         1.43
     162.000     0.400000        65389         1.67
     192.000     0.500000        82171         2.00
     200.000     0.550000        89923         2.22
     208.000     0.600000        98886         2.50
     210.000     0.650000       105763         2.86
     211.000     0.700000       114967         3.33
     212.000     0.750000       124855         4.00
     213.000     0.775000       131309         4.44
     213.000     0.800000       131309         5.00
     214.000     0.825000       134987         5.71
     215.000     0.850000       137974         6.67
     217.000     0.875000       142732         8.00
     218.000     0.887500       144668         8.89
     219.000     0.900000       146464        10.00
     221.000     0.912500       149556        11.43
     222.000     0.925000       150884        13.33
     224.000     0.937500       153363        16.00
     224.000     0.943750       153363        17.78
     225.000     0.950000       154433        20.00
     226.000     0.956250       155343        22.86
     228.000     0.962500       156771        26.67
     229.000     0.968750       157354        32.00
     230.000     0.971875       157875        35.56
     231.000     0.975000       158334        40.00
     233.000     0.978125       159079        45.71
     234.000     0.981250       159376        53.33
     236.000     0.984375       159968        64.00
     237.000     0.985938       160218        71.11
     238.000     0.987500       160496        80.00
     239.000     0.989062       160750        91.43
     240.000     0.990625       160952       106.67
     241.000     0.992188       161146       128.00
     242.000     0.992969       161278       142.22
     243.000     0.993750       161409       160.00
     244.000     0.994531       161515       182.86
     245.000     0.995313       161601       213.33
     247.000     0.996094       161767       256.00
     247.000     0.996484       161767       284.44
     248.000     0.996875       161833       320.00
     249.000     0.997266       161883       365.71
     251.000     0.997656       161963       426.67
     252.000     0.998047       162006       512.00
     254.000     0.998242       162056       568.89
     255.000     0.998437       162086       640.00
     257.000     0.998633       162113       731.43
     259.000     0.998828       162136       853.33
     262.000     0.999023       162166      1024.00
     263.000     0.999121       162179      1137.78
     266.000     0.999219       162202      1280.00
     268.000     0.999316       162217      1462.86
     270.000     0.999414       162226      1706.67
     274.000     0.999512       162245      2048.00
     275.000     0.999561       162251      2275.56
     278.000     0.999609       162258      2560.00
     284.000     0.999658       162266      2925.71
     289.000     0.999707       162274      3413.33
     300.000     0.999756       162282      4096.00
     307.000     0.999780       162286      4551.11
     327.000     0.999805       162290      5120.00
     348.000     0.999829       162294      5851.43
     425.000     0.999854       162298      6826.67
     535.000     0.999878       162302      8192.00
     588.000     0.999890       162305      9102.22
     616.000     0.999902       162306     10240.00
     959.000     0.999915       162308     11702.86
    3431.000     0.999927       162310     13653.33
    3511.000     0.999939       162312     16384.00
    3623.000     0.999945       162313     18204.44
    3635.000     0.999951       162314     20480.00
    3703.000     0.999957       162315     23405.71
    3719.000     0.999963       162316     27306.67
    3905.000     0.999969       162317     32768.00
    3905.000     0.999973       162317     36408.89
   17839.000     0.999976       162318     40960.00
   17839.000     0.999979       162318     46811.43
   19135.000     0.999982       162319     54613.33
   19135.000     0.999985       162319     65536.00
   19135.000     0.999986       162319     72817.78
   21487.000     0.999988       162320     81920.00
   21487.000     0.999989       162320     93622.86
   21487.000     0.999991       162320    109226.67
   21487.000     0.999992       162320    131072.00
   21487.000     0.999993       162320    145635.56
   23807.000     0.999994       162321    163840.00
   23807.000     1.000000       162321          inf
#[Mean    =      174.644, StdDeviation   =      114.438]
#[Max     =    23807.000, Total count    =       162321]
#[Buckets =            5, SubBuckets     =         2048]
