       Value   Percentile   TotalCount 1/(1-Percentile)

      97.000     0.000000            2         1.00
     425.000     0.100000       803343         1.11
     563.000     0.200000      1608294         1.25
     702.000     0.300000      2408532         1.43
     868.000     0.400000      3208172         1.67
    1095.000     0.500000      4008552         2.00
    1252.000     0.550000      4408688         2.22
    1454.000     0.600000      4808906         2.50
    1711.000     0.650000      5210153         2.86
    2033.000     0.700000      5610581         3.33
    2443.000     0.750000      6011294         4.00
    2695.000     0.775000      6211695         4.44
    2993.000     0.800000      6410884         5.00
    3361.000     0.825000      6612054         5.71
    3813.000     0.850000      6812039         6.67
    4391.000     0.875000      7012135         8.00
    4747.000     0.887500      7112733         8.89
    5155.000     0.900000      7212966        10.00
    5631.000     0.912500      7312441        11.43
    6223.000     0.925000      7412747        13.33
    6991.000     0.937500      7512797        16.00
    7483.000     0.943750      7562915        17.78
    8087.000     0.950000      7613015        20.00
    8855.000     0.956250      7663089        22.86
    9863.000     0.962500      7713065        26.67
   11319.000     0.968750      7763146        32.00
   12391.000     0.971875      7788227        35.56
   13895.000     0.975000      7813211        40.00
   16287.000     0.978125      7838290        45.71
   20271.000     0.981250      7863292        53.33
   28495.000     0.984375      7888335        64.00
   35199.000     0.985938      7900866        71.11
   41791.000     0.987500      7913373        80.00
   48575.000     0.989062      7925909        91.43
   61279.000     0.990625      7938402       106.67
   78463.000     0.992188      7950935       128.00
   89087.000     0.992969      7957182       142.22
   99647.000     0.993750      7963450       160.00
  110911.000     0.994531      7969706       182.86
  127167.000     0.995313      7975969       213.33
  144511.000     0.996094      7982248       256.00
  155007.000     0.996484      7985390       284.44
  166911.000     0.996875      7988506       320.00
  181631.000     0.997266      7991629       365.71
  200319.000     0.997656      7994748       426.67
  216703.000     0.998047      7997877       512.00
  226431.000     0.998242      7999443       568.89
  236799.000     0.998437      8000999       640.00
  251007.000     0.998633      8002584       731.43
  262399.000     0.998828      8004146       853.33
  284927.000     0.999023      8005726      1024.00
  291839.000     0.999121      8006479      1137.78
  308223.000     0.999219      8007277      1280.00
  316927.000     0.999316      8008046      1462.86
  335871.000     0.999414      8008838      1706.67
  347903.000     0.999512      8009611      2048.00
  358399.000     0.999561      8010004      2275.56
  380159.000     0.999609      8010393      2560.00
  426239.000     0.999658      8010782      2925.71
  462847.000     0.999707      8011175      3413.33
  492287.000     0.999756      8011567      4096.00
  511999.000     0.999780      8011760      4551.11
  531455.000     0.999805      8011962      5120.00
  572415.000     0.999829      8012152      5851.43
  619519.000     0.999854      8012347      6826.67
  678911.000     0.999878      8012545      8192.00
  687103.000     0.999890      8012643      9102.22
  729087.000     0.999902      8012744     10240.00
  767487.000     0.999915      8012836     11702.86
  809471.000     0.999927      8012936     13653.33
  823295.000     0.999939      8013040     16384.00
  827391.000     0.999945      8013081     18204.44
  880127.000     0.999951      8013133     20480.00
  928255.000     0.999957      8013180     23405.71
  938495.000     0.999963      8013238     27306.67
  939519.000     0.999969      8013277     32768.00
  940543.000     0.999973      8013306     36408.89
  956927.000     0.999976      8013325     40960.00
 1008127.000     0.999979      8013350     46811.43
 1072127.000     0.999982      8013379     54613.33
 1096703.000     0.999985      8013398     65536.00
 1101823.000     0.999986      8013410     72817.78
 1253375.000     0.999988      8013425     81920.00
 1355775.000     0.999989      8013436     93622.86
 1546239.000     0.999991      8013451    109226.67
 1549311.000     0.999992      8013462    131072.00
 1551359.000     0.999993      8013467    145635.56
 1552383.000     0.999994      8013473    163840.00
 1555455.000     0.999995      8013478    187245.71
 1557503.000     0.999995      8013486    218453.33
 1558527.000     0.999996      8013494    262144.00
 1558527.000     0.999997      8013494    291271.11
 1569791.000     0.999997      8013501    327680.00
 1569791.000     0.999997      8013501    374491.43
 1570815.000     0.999998      8013508    436906.67
 1570815.000     0.999998      8013508    524288.00
 1570815.000     0.999998      8013508    582542.22
 1570815.000     0.999998      8013508    655360.00
 1778687.000     0.999999      8013512    748982.86
 1778687.000     0.999999      8013512    873813.33
 1779711.000     0.999999      8013515   1048576.00
 1779711.000     0.999999      8013515   1165084.44
 1779711.000     0.999999      8013515   1310720.00
 1779711.000     0.999999      8013515   1497965.71
 1780735.000     0.999999      8013516   1747626.67
 2057215.000     1.000000      8013517   2097152.00
 2057215.000     1.000000      8013517   2330168.89
 2057215.000     1.000000      8013517   2621440.00
 2058239.000     1.000000      8013518   2995931.43
 2058239.000     1.000000      8013518   3495253.33
 2077695.000     1.000000      8013519   4194304.00
 2077695.000     1.000000      8013519   4660337.78
 2077695.000     1.000000      8013519   5242880.00
 2077695.000     1.000000      8013519   5991862.86
 2077695.000     1.000000      8013519   6990506.67
 2079743.000     1.000000      8013520   8388608.00
 2079743.000     1.000000      8013520          inf
#[Mean    =     3815.140, StdDeviation   =    20480.512]
#[Max     =  2079743.000, Total count    =      8013520]
#[Buckets =           11, SubBuckets     =         2048]
