       Value   Percentile   TotalCount 1/(1-Percentile)

      56.000     0.000000            1         1.00
     786.000     0.100000       775119         1.11
    1473.000     0.200000      1548171         1.25
    2275.000     0.300000      2321904         1.43
    3159.000     0.400000      3096656         1.67
    4107.000     0.500000      3871475         2.00
    4607.000     0.550000      4259652         2.22
    5127.000     0.600000      4646095         2.50
    5675.000     0.650000      5031869         2.86
    6267.000     0.700000      5419927         3.33
    6915.000     0.750000      5806307         4.00
    7271.000     0.775000      5999277         4.44
    7655.000     0.800000      6192640         5.00
    8079.000     0.825000      6386314         5.71
    8551.000     0.850000      6580180         6.67
    9095.000     0.875000      6773762         8.00
    9399.000     0.887500      6869341         8.89
    9735.000     0.900000      6965801        10.00
   10119.000     0.912500      7063815        11.43
   10543.000     0.925000      7159409        13.33
   11047.000     0.937500      7256450        16.00
   11335.000     0.943750      7304918        17.78
   11647.000     0.950000      7352823        20.00
   11999.000     0.956250      7400710        22.86
   12415.000     0.962500      7449783        26.67
   12887.000     0.968750      7497748        32.00
   13159.000     0.971875      7521927        35.56
   13463.000     0.975000      7546275        40.00
   13799.000     0.978125      7570207        45.71
   14183.000     0.981250      7594333        53.33
   14623.000     0.984375      7618392        64.00
   14887.000     0.985938      7630686        71.11
   15167.000     0.987500      7642634        80.00
   15495.000     0.989062      7654918        91.43
   15871.000     0.990625      7666949       106.67
   16303.000     0.992188      7678884       128.00
   16559.000     0.992969      7685107       142.22
   16831.000     0.993750      7691014       160.00
   17135.000     0.994531      7696959       182.86
   17503.000     0.995313      7703248       213.33
   17903.000     0.996094      7709265       256.00
   18127.000     0.996484      7712206       284.44
   18383.000     0.996875      7715227       320.00
   18671.000     0.997266      7718179       365.71
   18991.000     0.997656      7721216       426.67
   19375.000     0.998047      7724237       512.00
   19599.000     0.998242      7725744       568.89
   19839.000     0.998437      7727226       640.00
   20127.000     0.998633      7728763       731.43
   20447.000     0.998828      7730277       853.33
   20831.000     0.999023      7731778      1024.00
   21023.000     0.999121      7732489      1137.78
   21247.000     0.999219      7733239      1280.00
   21535.000     0.999316      7734017      1462.86
   21855.000     0.999414      7734755      1706.67
   22223.000     0.999512      7735527      2048.00
   22431.000     0.999561      7735909      2275.56
   22671.000     0.999609      7736280      2560.00
   22943.000     0.999658      7736650      2925.71
   23263.000     0.999707      7737021      3413.33
   23663.000     0.999756      7737397      4096.00
   23919.000     0.999780      7737592      4551.11
   24207.000     0.999805      7737776      5120.00
   24575.000     0.999829      7737966      5851.43
   24991.000     0.999854      7738159      6826.67
   25503.000     0.999878      7738344      8192.00
   25871.000     0.999890      7738434      9102.22
   26351.000     0.999902      7738529     10240.00
   26831.000     0.999915      7738626     11702.86
   27263.000     0.999927      7738718     13653.33
   27839.000     0.999939      7738811     16384.00
   28127.000     0.999945      7738858     18204.44
   28671.000     0.999951      7738906     20480.00
   29551.000     0.999957      7738953     23405.71
   31487.000     0.999963      7739001     27306.67
   32207.000     0.999969      7739048     32768.00
   32527.000     0.999973      7739071     36408.89
   32991.000     0.999976      7739096     40960.00
   33567.000     0.999979      7739118     46811.43
   34943.000     0.999982      7739142     54613.33
   36127.000     0.999985      7739165     65536.00
   37087.000     0.999986      7739177     72817.78
   38335.000     0.999988      7739189     81920.00
   39199.000     0.999989      7739201     93622.86
   39935.000     0.999991      7739213    109226.67
   40319.000     0.999992      7739226    131072.00
   40511.000     0.999993      7739230    145635.56
   40735.000     0.999994      7739237    163840.00
   40895.000     0.999995      7739242    187245.71
   41311.000     0.999995      7739248    218453.33
   41759.000     0.999996      7739254    262144.00
   42335.000     0.999997      7739257    291271.11
   42495.000     0.999997      7739261    327680.00
   42559.000     0.999997      7739263    374491.43
   43263.000     0.999998      7739266    436906.67
   43743.000     0.999998      7739269    524288.00
   43903.000     0.999998      7739270    582542.22
   44063.000     0.999998      7739272    655360.00
   44223.000     0.999999      7739273    748982.86
   44383.000     0.999999      7739275    873813.33
   44511.000     0.999999      7739276   1048576.00
   44671.000     0.999999      7739277   1165084.44
   44735.000     0.999999      7739278   1310720.00
   44735.000     0.999999      7739278   1497965.71
   44767.000     0.999999      7739279   1747626.67
   44799.000     1.000000      7739280   2097152.00
   44799.000     1.000000      7739280   2330168.89
   44927.000     1.000000      7739281   2621440.00
   44927.000     1.000000      7739281   2995931.43
   44927.000     1.000000      7739281   3495253.33
   45407.000     1.000000      7739282   4194304.00
   45407.000     1.000000      7739282   4660337.78
   45407.000     1.000000      7739282   5242880.00
   45407.000     1.000000      7739282   5991862.86
   45407.000     1.000000      7739282   6990506.67
   46207.000     1.000000      7739283   8388608.00
   46207.000     1.000000      7739283          inf
#[Mean    =     4798.490, StdDeviation   =     3617.260]
#[Max     =    46207.000, Total count    =      7739283]
#[Buckets =            6, SubBuckets     =         2048]
