       Value   Percentile   TotalCount 1/(1-Percentile)

      72.000     0.000000            1         1.00
     628.000     0.100000       651714         1.11
    1007.000     0.200000      1301314         1.25
    1427.000     0.300000      1951973         1.43
    1940.000     0.400000      2602147         1.67
    2627.000     0.500000      3251665         2.00
    3073.000     0.550000      3576668         2.22
    3607.000     0.600000      3902519         2.50
    4243.000     0.650000      4227948         2.86
    5015.000     0.700000      4553172         3.33
    5959.000     0.750000      4878037         4.00
    6523.000     0.775000      5039827         4.44
    7167.000     0.800000      5202656         5.00
    7895.000     0.825000      5365040         5.71
    8727.000     0.850000      5527738         6.67
    9663.000     0.875000      5690076         8.00
   10183.000     0.887500      5771686         8.89
   10735.000     0.900000      5853411        10.00
   11327.000     0.912500      5934561        11.43
   11975.000     0.925000      6015107        13.33
   12719.000     0.937500      6096539        16.00
   13135.000     0.943750      6137359        17.78
   13583.000     0.950000      6177784        20.00
   14079.000     0.956250      6218462        22.86
   14647.000     0.962500      6259222        26.67
   15311.000     0.968750      6299876        32.00
   15695.000     0.971875      6320104        35.56
   16111.000     0.975000      6340241        40.00
   16607.000     0.978125      6361152        45.71
   17167.000     0.981250      6380969        53.33
   17871.000     0.984375      6401287        64.00
   18287.000     0.985938      6411687        71.11
   18751.000     0.987500      6421721        80.00
   19311.000     0.989062      6431713        91.43
   19999.000     0.990625      6441915       106.67
   20911.000     0.992188      6452031       128.00
   21535.000     0.992969      6457156       142.22
   22319.000     0.993750      6462164       160.00
   23455.000     0.994531      6467281       182.86
   25567.000     0.995313      6472330       213.33
   30655.000     0.996094      6477388       256.00
   34815.000     0.996484      6479934       284.44
   40959.000     0.996875      6482467       320.00
   49631.000     0.997266      6485007       365.71
   56479.000     0.997656      6487559       426.67
   65503.000     0.998047      6490091       512.00
   71167.000     0.998242      6491363       568.89
   76863.000     0.998437      6492634       640.00
   81215.000     0.998633      6493908       731.43
   87103.000     0.998828      6495168       853.33
   97471.000     0.999023      6496436      1024.00
  105023.000     0.999121      6497074      1137.78
  112319.000     0.999219      6497706      1280.00
  119103.000     0.999316      6498341      1462.86
  126719.000     0.999414      6498982      1706.67
  135295.000     0.999512      6499616      2048.00
  140287.000     0.999561      6499935      2275.56
  145279.000     0.999609      6500252      2560.00
  149631.000     0.999658      6500571      2925.71
  153471.000     0.999707      6500886      3413.33
  157439.000     0.999756      6501200      4096.00
  160511.000     0.999780      6501364      4551.11
  162943.000     0.999805      6501517      5120.00
  166143.000     0.999829      6501676      5851.43
  169471.000     0.999854      6501837      6826.67
  172799.000     0.999878      6501993      8192.00
  174719.000     0.999890      6502073      9102.22
  176767.000     0.999902      6502151     10240.00
  180223.000     0.999915      6502231     11702.86
  183807.000     0.999927      6502310     13653.33
  187519.000     0.999939      6502392     16384.00
  189311.000     0.999945      6502429     18204.44
  191103.000     0.999951      6502469     20480.00
  195199.000     0.999957      6502509     23405.71
  199679.000     0.999963      6502548     27306.67
  202879.000     0.999969      6502589     32768.00
  204543.000     0.999973      6502609     36408.89
  205567.000     0.999976      6502628     40960.00
  207359.000     0.999979      6502648     46811.43
  208895.000     0.999982      6502670     54613.33
  209535.000     0.999985      6502688     65536.00
  210303.000     0.999986      6502697     72817.78
  211967.000     0.999988      6502708     81920.00
  213759.000     0.999989      6502717     93622.86
  214655.000     0.999991      6502727    109226.67
  217727.000     0.999992      6502737    131072.00
  219391.000     0.999993      6502742    145635.56
  221823.000     0.999994      6502747    163840.00
  225663.000     0.999995      6502753    187245.71
  226047.000     0.999995      6502758    218453.33
  227327.000     0.999996      6502762    262144.00
  228607.000     0.999997      6502764    291271.11
  228735.000     0.999997      6502767    327680.00
  231167.000     0.999997      6502770    374491.43
  232831.000     0.999998      6502772    436906.67
  232959.000     0.999998      6502774    524288.00
  233599.000     0.999998      6502775    582542.22
  237055.000     0.999998      6502777    655360.00
  239615.000     0.999999      6502781    748982.86
  239615.000     0.999999      6502781    873813.33
  239615.000     0.999999      6502781   1048576.00
  239615.000     0.999999      6502781   1165084.44
  240639.000     0.999999      6502782   1310720.00
  240639.000     0.999999      6502782   1497965.71
  247039.000     0.999999      6502783   1747626.67
  247039.000     1.000000      6502783   2097152.00
  249983.000     1.000000      6502784   2330168.89
  249983.000     1.000000      6502784   2621440.00
  249983.000     1.000000      6502784   2995931.43
  250111.000     1.000000      6502786   3495253.33
  250111.000     1.000000      6502786          inf
#[Mean    =     4526.440, StdDeviation   =     6747.131]
#[Max     =   250111.000, Total count    =      6502786]
#[Buckets =            8, SubBuckets     =         2048]
