       Value   Percentile   TotalCount 1/(1-Percentile)

      63.000     0.000000            1         1.00
      92.000     0.100000       159469         1.11
      97.000     0.200000       310201         1.25
     102.000     0.300000       488571         1.43
     106.000     0.400000       629688         1.67
     111.000     0.500000       790071         2.00
     114.000     0.550000       869109         2.22
     117.000     0.600000       934872         2.50
     121.000     0.650000      1009797         2.86
     126.000     0.700000      1094257         3.33
     131.000     0.750000      1169328         4.00
     133.000     0.775000      1201035         4.44
     136.000     0.800000      1245202         5.00
     139.000     0.825000      1281200         5.71
     143.000     0.850000      1322254         6.67
     147.000     0.875000      1355598         8.00
     150.000     0.887500      1378096         8.89
     153.000     0.900000      1399475        10.00
     155.000     0.912500      1412879        11.43
     159.000     0.925000      1435745        13.33
     163.000     0.937500      1452564        16.00
     166.000     0.943750      1462150        17.78
     169.000     0.950000      1470508        20.00
     173.000     0.956250      1480179        22.86
     178.000     0.962500      1489553        26.67
     185.000     0.968750      1499604        32.00
     189.000     0.971875      1504134        35.56
     194.000     0.975000      1508897        40.00
     200.000     0.978125      1513740        45.71
     207.000     0.981250      1518584        53.33
     213.000     0.984375      1522896        64.00
     217.000     0.985938      1525911        71.11
     220.000     0.987500      1528268        80.00
     223.000     0.989062      1530688        91.43
     226.000     0.990625      1532942       106.67
     229.000     0.992188      1535071       128.00
     231.000     0.992969      1536304       142.22
     233.000     0.993750      1537520       160.00
     236.000     0.994531      1539047       182.86
     238.000     0.995313      1539870       213.33
     242.000     0.996094      1541315       256.00
     244.000     0.996484      1541866       284.44
     246.000     0.996875      1542312       320.00
     249.000     0.997266      1542884       365.71
     253.000     0.997656      1543502       426.67
     258.000     0.998047      1544094       512.00
     261.000     0.998242      1544438       568.89
     264.000     0.998437      1544695       640.00
     267.000     0.998633      1544954       731.43
     271.000     0.998828      1545267       853.33
     277.000     0.999023      1545598      1024.00
     279.000     0.999121      1545706      1137.78
     282.000     0.999219      1545857      1280.00
     286.000     0.999316      1546038      1462.86
     289.000     0.999414      1546165      1706.67
     293.000     0.999512      1546338      2048.00
     295.000     0.999561      1546396      2275.56
     297.000     0.999609      1546466      2560.00
     300.000     0.999658      1546538      2925.71
     304.000     0.999707      1546613      3413.33
     309.000     0.999756      1546687      4096.00
     312.000     0.999780      1546727      4551.11
     317.000     0.999805      1546764      5120.00
     323.000     0.999829      1546800      5851.43
     329.000     0.999854      1546840      6826.67
     339.000     0.999878      1546877      8192.00
     343.000     0.999890      1546895      9102.22
     347.000     0.999902      1546911     10240.00
     350.000     0.999915      1546930     11702.86
     355.000     0.999927      1546948     13653.33
     371.000     0.999939      1546967     16384.00
     388.000     0.999945      1546979     18204.44
     396.000     0.999951      1546986     20480.00
     438.000     0.999957      1546996     23405.71
     484.000     0.999963      1547005     27306.67
     512.000     0.999969      1547014     32768.00
     564.000     0.999973      1547019     36408.89
     603.000     0.999976      1547024     40960.00
     659.000     0.999979      1547028     46811.43
     850.000     0.999982      1547033     54613.33
     945.000     0.999985      1547038     65536.00
     962.000     0.999986      1547040     72817.78
    1322.000     0.999988      1547043     81920.00
    1621.000     0.999989      1547045     93622.86
    1799.000     0.999991      1547047    109226.67
    1991.000     0.999992      1547050    131072.00
    2011.000     0.999993      1547051    145635.56
    2046.000     0.999994      1547052    163840.00
    2065.000     0.999995      1547053    187245.71
    2097.000     0.999995      1547054    218453.33
    2139.000     0.999996      1547056    262144.00
    2139.000     0.999997      1547056    291271.11
    2179.000     0.999997      1547057    327680.00
    2179.000     0.999997      1547057    374491.43
    2181.000     0.999998      1547058    436906.67
    2185.000     0.999998      1547059    524288.00
    2185.000     0.999998      1547059    582542.22
    2185.000     0.999998      1547059    655360.00
    2185.000     0.999999      1547059    748982.86
    2373.000     0.999999      1547060    873813.33
    2373.000     0.999999      1547060   1048576.00
    2373.000     0.999999      1547060   1165084.44
    2373.000     0.999999      1547060   1310720.00
    2373.000     0.999999      1547060   1497965.71
    2757.000     0.999999      1547061   1747626.67
    2757.000     1.000000      1547061          inf
#[Mean    =      118.434, StdDeviation   =       28.752]
#[Max     =     2757.000, Total count    =      1547061]
#[Buckets =            2, SubBuckets     =         2048]
