       Value   Percentile   TotalCount 1/(1-Percentile)

      73.000     0.000000            1         1.00
    2273.000     0.100000      1417246         1.11
    2517.000     0.200000      2818641         1.25
    2717.000     0.300000      4235985         1.43
    2917.000     0.400000      5645745         1.67
    3157.000     0.500000      7045439         2.00
    3307.000     0.550000      7754681         2.22
    3501.000     0.600000      8453037         2.50
    3799.000     0.650000      9156157         2.86
    4207.000     0.700000      9865010         3.33
    4747.000     0.750000     10565352         4.00
    5139.000     0.775000     10918441         4.44
    5763.000     0.800000     11268342         5.00
    7039.000     0.825000     11620262         5.71
    8615.000     0.850000     11972907         6.67
   10487.000     0.875000     12325248         8.00
   11495.000     0.887500     12500575         8.89
   12415.000     0.900000     12677868        10.00
   13263.000     0.912500     12853533        11.43
   14151.000     0.925000     13028980        13.33
   15167.000     0.937500     13205534        16.00
   15759.000     0.943750     13292833        17.78
   16495.000     0.950000     13382029        20.00
   17503.000     0.956250     13469430        22.86
   19023.000     0.962500     13557301        26.67
   20959.000     0.968750     13644932        32.00
   21871.000     0.971875     13689035        35.56
   22751.000     0.975000     13733121        40.00
   23711.000     0.978125     13777400        45.71
   24911.000     0.981250     13821347        53.33
   26863.000     0.984375     13865078        64.00
   28111.000     0.985938     13887105        71.11
   29247.000     0.987500     13908911        80.00
   30255.000     0.989062     13931218        91.43
   31215.000     0.990625     13953157       106.67
   32223.000     0.992188     13975177       128.00
   32735.000     0.992969     13986045       142.22
   33279.000     0.993750     13997315       160.00
   33823.000     0.994531     14007994       182.86
   34431.000     0.995313     14019003       213.33
   35167.000     0.996094     14030061       256.00
   35615.000     0.996484     14035802       284.44
   36095.000     0.996875     14041168       320.00
   36639.000     0.997266     14046665       365.71
   37279.000     0.997656     14052136       426.67
   38175.000     0.998047     14057507       512.00
   38815.000     0.998242     14060281       568.89
   39583.000     0.998437     14063040       640.00
   40543.000     0.998633     14065776       731.43
   42047.000     0.998828     14068469       853.33
   44607.000     0.999023     14071208      1024.00
   46431.000     0.999121     14072584      1137.78
   48703.000     0.999219     14073959      1280.00
   50591.000     0.999316     14075331      1462.86
   52639.000     0.999414     14076710      1706.67
   54847.000     0.999512     14078087      2048.00
   56095.000     0.999561     14078774      2275.56
   57407.000     0.999609     14079466      2560.00
   58655.000     0.999658     14080144      2925.71
   59935.000     0.999707     14080839      3413.33
   61055.000     0.999756     14081523      4096.00
   61503.000     0.999780     14081868      4551.11
   61919.000     0.999805     14082219      5120.00
   62335.000     0.999829     14082578      5851.43
   62751.000     0.999854     14082926      6826.67
   63167.000     0.999878     14083256      8192.00
   63391.000     0.999890     14083419      9102.22
   63679.000     0.999902     14083595     10240.00
   63967.000     0.999915     14083760     11702.86
   64287.000     0.999927     14083932     13653.33
   64703.000     0.999939     14084102     16384.00
   64959.000     0.999945     14084188     18204.44
   65215.000     0.999951     14084273     20480.00
   65535.000     0.999957     14084368     23405.71
   65919.000     0.999963     14084456     27306.67
   66303.000     0.999969     14084531     32768.00
   66687.000     0.999973     14084584     36408.89
   66943.000     0.999976     14084622     40960.00
   67327.000     0.999979     14084661     46811.43
   67711.000     0.999982     14084702     54613.33
   68095.000     0.999985     14084747     65536.00
   68351.000     0.999986     14084764     72817.78
   68799.000     0.999988     14084787     81920.00
   69567.000     0.999989     14084808     93622.86
   71807.000     0.999991     14084830    109226.67
   76351.000     0.999992     14084851    131072.00
   80703.000     0.999993     14084861    145635.56
   83583.000     0.999994     14084872    163840.00
   88063.000     0.999995     14084882    187245.71
   97855.000     0.999995     14084893    218453.33
  103231.000     0.999996     14084904    262144.00
  105407.000     0.999997     14084909    291271.11
  106303.000     0.999997     14084915    327680.00
  108799.000     0.999997     14084920    374491.43
  114111.000     0.999998     14084925    436906.67
  115775.000     0.999998     14084931    524288.00
  119103.000     0.999998     14084933    582542.22
  119359.000     0.999998     14084936    655360.00
  119679.000     0.999999     14084939    748982.86
  120063.000     0.999999     14084941    873813.33
  120767.000     0.999999     14084944   1048576.00
  121023.000     0.999999     14084945   1165084.44
  121663.000     0.999999     14084947   1310720.00
  122047.000     0.999999     14084948   1497965.71
  122111.000     0.999999     14084949   1747626.67
  122303.000     1.000000     14084951   2097152.00
  122303.000     1.000000     14084951   2330168.89
  122687.000     1.000000     14084952   2621440.00
  122751.000     1.000000     14084953   2995931.43
  122751.000     1.000000     14084953   3495253.33
  123199.000     1.000000     14084954   4194304.00
  123199.000     1.000000     14084954   4660337.78
  123647.000     1.000000     14084955   5242880.00
  123647.000     1.000000     14084955   5991862.86
  123647.000     1.000000     14084955   6990506.67
  125631.000     1.000000     14084956   8388608.00
  125631.000     1.000000     14084956   9320675.55
  125631.000     1.000000     14084956  10485760.00
  125631.000     1.000000     14084956  11983725.71
  125631.000     1.000000     14084956  13981013.34
  126783.000     1.000000     14084957  16777216.00
  126783.000     1.000000     14084957          inf
#[Mean    =     5311.937, StdDeviation   =     5647.475]
#[Max     =   126783.000, Total count    =     14084957]
#[Buckets =            7, SubBuckets     =         2048]
