       Value   Percentile   TotalCount 1/(1-Percentile)

    2523.000     0.000000            1         1.00
    8919.000     0.100000       108219         1.11
    9207.000     0.200000       216317         1.25
    9311.000     0.300000       334671         1.43
    9343.000     0.400000       431834         1.67
    9375.000     0.500000       566414         2.00
    9383.000     0.550000       603348         2.22
    9399.000     0.600000       671576         2.50
    9407.000     0.650000       702647         2.86
    9423.000     0.700000       761143         3.33
    9439.000     0.750000       811474         4.00
    9447.000     0.775000       833353         4.44
    9455.000     0.800000       853382         5.00
    9471.000     0.825000       887615         5.71
    9487.000     0.850000       913922         6.67
    9503.000     0.875000       935881         8.00
    9511.000     0.887500       945921         8.89
    9527.000     0.900000       963264        10.00
    9543.000     0.912500       976119        11.43
    9567.000     0.925000       987860        13.33
    9599.000     0.937500       998281        16.00
    9647.000     0.943750      1005659        17.78
    9703.000     0.950000      1011834        20.00
    9815.000     0.956250      1018168        22.86
   11479.000     0.962500      1024843        26.67
   11783.000     0.968750      1031415        32.00
   11919.000     0.971875      1034800        35.56
   12031.000     0.975000      1038188        40.00
   12135.000     0.978125      1041446        45.71
   12247.000     0.981250      1044821        53.33
   12367.000     0.984375      1048023        64.00
   12431.000     0.985938      1049707        71.11
   12495.000     0.987500      1051540        80.00
   12543.000     0.989062      1053093        91.43
   12591.000     0.990625      1054795       106.67
   12639.000     0.992188      1056540       128.00
   12655.000     0.992969      1057153       142.22
   12687.000     0.993750      1058183       160.00
   12703.000     0.994531      1058893       182.86
   12727.000     0.995313      1059672       213.33
   12759.000     0.996094      1060678       256.00
   12767.000     0.996484      1060884       284.44
   12783.000     0.996875      1061317       320.00
   12799.000     0.997266      1061740       365.71
   12815.000     0.997656      1062153       426.67
   12839.000     0.998047      1062653       512.00
   12847.000     0.998242      1062754       568.89
   12863.000     0.998437      1062988       640.00
   12879.000     0.998633      1063208       731.43
   12895.000     0.998828      1063410       853.33
   12911.000     0.999023      1063601      1024.00
   12927.000     0.999121      1063711      1137.78
   12943.000     0.999219      1063820      1280.00
   12967.000     0.999316      1063934      1462.86
   13007.000     0.999414      1064018      1706.67
   13583.000     0.999512      1064110      2048.00
   13655.000     0.999561      1064150      2275.56
   13679.000     0.999609      1064202      2560.00
   13719.000     0.999658      1064255      2925.71
   13743.000     0.999707      1064340      3413.33
   13767.000     0.999756      1064358      4096.00
   13807.000     0.999780      1064384      4551.11
   14263.000     0.999805      1064422      5120.00
   14311.000     0.999829      1064438      5851.43
   14415.000     0.999854      1064462      6826.67
   14895.000     0.999878      1064489      8192.00
   15623.000     0.999890      1064501      9102.22
   16127.000     0.999902      1064516     10240.00
   16159.000     0.999915      1064532     11702.86
   16207.000     0.999927      1064541     13653.33
   16231.000     0.999939      1064557     16384.00
   16263.000     0.999945      1064564     18204.44
   16271.000     0.999951      1064573     20480.00
   16271.000     0.999957      1064573     23405.71
   16327.000     0.999963      1064592     27306.67
   16327.000     0.999969      1064592     32768.00
   16327.000     0.999973      1064592     36408.89
   16327.000     0.999976      1064592     40960.00
   16367.000     0.999979      1064609     46811.43
   16367.000     0.999982      1064609     54613.33
   16367.000     0.999985      1064609     65536.00
   16367.000     0.999986      1064609     72817.78
   16367.000     0.999988      1064609     81920.00
   16367.000     0.999989      1064609     93622.86
   16367.000     0.999991      1064609    109226.67
   16367.000     0.999992      1064609    131072.00
   16375.000     0.999993      1064617    145635.56
   16375.000     1.000000      1064617          inf
#[Mean    =     9387.368, StdDeviation   =      682.832]
#[Max     =    16375.000, Total count    =      1064617]
#[Buckets =            4, SubBuckets     =         2048]
