       Value   Percentile   TotalCount 1/(1-Percentile)

      45.000     0.000000            1         1.00
      61.000     0.100000        39827         1.11
      72.000     0.200000        59282         1.25
      75.000     0.300000        90033         1.43
      95.000     0.400000       112313         1.67
     102.000     0.500000       141891         2.00
     103.000     0.550000       161748         2.22
     105.000     0.600000       169308         2.50
     114.000     0.650000       182010         2.86
     125.000     0.700000       199838         3.33
     126.000     0.750000       211606         4.00
     127.000     0.775000       219749         4.44
     128.000     0.800000       224687         5.00
     129.000     0.825000       237811         5.71
     129.000     0.850000       237811         6.67
     130.000     0.875000       250777         8.00
     130.000     0.887500       250777         8.89
     131.000     0.900000       256206        10.00
     131.000     0.912500       256206        11.43
     132.000     0.925000       260516        13.33
     133.000     0.937500       263427        16.00
     134.000     0.943750       265280        17.78
     135.000     0.950000       266886        20.00
     136.000     0.956250       268601        22.86
     137.000     0.962500       270288        26.67
     138.000     0.968750       271551        32.00
     139.000     0.971875       272674        35.56
     139.000     0.975000       272674        40.00
     140.000     0.978125       273753        45.71
     141.000     0.981250       274842        53.33
     142.000     0.984375       275578        64.00
     143.000     0.985938       276064        71.11
     144.000     0.987500       276425        80.00
     145.000     0.989062       276749        91.43
     146.000     0.990625       276981       106.67
     149.000     0.992188       277434       128.00
     151.000     0.992969       277680       142.22
     155.000     0.993750       277918       160.00
     160.000     0.994531       278084       182.86
     167.000     0.995313       278386       213.33
     169.000     0.996094       278579       256.00
     170.000     0.996484       278643       284.44
     171.000     0.996875       278727       320.00
     173.000     0.997266       278909       365.71
     174.000     0.997656       278984       426.67
     176.000     0.998047       279070       512.00
     178.000     0.998242       279114       568.89
     183.000     0.998437       279174       640.00
     190.000     0.998633       279220       731.43
     200.000     0.998828       279275       853.33
     207.000     0.999023       279337      1024.00
     208.000     0.999121       279356      1137.78
     211.000     0.999219       279384      1280.00
     217.000     0.999316       279410      1462.86
     226.000     0.999414       279441      1706.67
     230.000     0.999512       279477      2048.00
     231.000     0.999561       279490      2275.56
     232.000     0.999609       279497      2560.00
     236.000     0.999658       279505      2925.71
     241.000     0.999707       279521      3413.33
     245.000     0.999756       279532      4096.00
     249.000     0.999780       279539      4551.11
     251.000     0.999805       279547      5120.00
     254.000     0.999829       279553      5851.43
     263.000     0.999854       279561      6826.67
     268.000     0.999878       279567      8192.00
     272.000     0.999890       279570      9102.22
     280.000     0.999902       279574     10240.00
     284.000     0.999915       279578     11702.86
     287.000     0.999927       279580     13653.33
     298.000     0.999939       279583     16384.00
     305.000     0.999945       279585     18204.44
     324.000     0.999951       279587     20480.00
     335.000     0.999957       279589     23405.71
     342.000     0.999963       279590     27306.67
     350.000     0.999969       279592     32768.00
     369.000     0.999973       279593     36408.89
     381.000     0.999976       279594     40960.00
     391.000     0.999979       279595     46811.43
     391.000     0.999982       279595     54613.33
     501.000     0.999985       279596     65536.00
     618.000     0.999986       279597     72817.78
     618.000     0.999988       279597     81920.00
     658.000     0.999989       279598     93622.86
     658.000     0.999991       279598    109226.67
     658.000     0.999992       279598    131072.00
     672.000     0.999993       279599    145635.56
     672.000     0.999994       279599    163840.00
     672.000     0.999995       279599    187245.71
     672.000     0.999995       279599    218453.33
     672.000     0.999996       279599    262144.00
     695.000     0.999997       279600    291271.11
     695.000     1.000000       279600          inf
#[Mean    =       99.166, StdDeviation   =       27.643]
#[Max     =      695.000, Total count    =       279600]
#[Buckets =            1, SubBuckets     =         2048]
