       Value   Percentile   TotalCount 1/(1-Percentile)

      44.000     0.000000            3         1.00
     768.000     0.100000      1157003         1.11
    1131.000     0.200000      2314613         1.25
    1502.000     0.300000      3469681         1.43
    1974.000     0.400000      4624349         1.67
    2685.000     0.500000      5779787         2.00
    3301.000     0.550000      6357501         2.22
    4355.000     0.600000      6934867         2.50
    6007.000     0.650000      7513473         2.86
    8075.000     0.700000      8090467         3.33
   10271.000     0.750000      8668889         4.00
   11407.000     0.775000      8958967         4.44
   12567.000     0.800000      9247144         5.00
   13767.000     0.825000      9536230         5.71
   14999.000     0.850000      9825028         6.67
   16303.000     0.875000     10113935         8.00
   16991.000     0.887500     10259539         8.89
   17711.000     0.900000     10402330        10.00
   18495.000     0.912500     10547429        11.43
   19391.000     0.925000     10691372        13.33
   20463.000     0.937500     10836639        16.00
   21071.000     0.943750     10908020        17.78
   21743.000     0.950000     10980672        20.00
   22431.000     0.956250     11051951        22.86
   23199.000     0.962500     11125280        26.67
   24031.000     0.968750     11197146        32.00
   24479.000     0.971875     11232751        35.56
   24975.000     0.975000     11268644        40.00
   25535.000     0.978125     11305452        45.71
   26159.000     0.981250     11341435        53.33
   26879.000     0.984375     11376968        64.00
   27295.000     0.985938     11395495        71.11
   27743.000     0.987500     11413467        80.00
   28255.000     0.989062     11431438        91.43
   28831.000     0.990625     11449158       106.67
   29503.000     0.992188     11467213       128.00
   29887.000     0.992969     11476456       142.22
   30303.000     0.993750     11485247       160.00
   30767.000     0.994531     11494329       182.86
   31279.000     0.995313     11503251       213.33
   31871.000     0.996094     11512309       256.00
   32207.000     0.996484     11516944       284.44
   32559.000     0.996875     11521407       320.00
   32959.000     0.997266     11525922       365.71
   33375.000     0.997656     11530332       426.67
   33887.000     0.998047     11534869       512.00
   34175.000     0.998242     11537216       568.89
   34463.000     0.998437     11539440       640.00
   34815.000     0.998633     11541742       731.43
   35167.000     0.998828     11543942       853.33
   35583.000     0.999023     11546226      1024.00
   35775.000     0.999121     11547265      1137.78
   36031.000     0.999219     11548435      1280.00
   36287.000     0.999316     11549503      1462.86
   36607.000     0.999414     11550635      1706.67
   36991.000     0.999512     11551806      2048.00
   37183.000     0.999561     11552311      2275.56
   37407.000     0.999609     11552880      2560.00
   37663.000     0.999658     11553427      2925.71
   37951.000     0.999707     11553991      3413.33
   38303.000     0.999756     11554571      4096.00
   38495.000     0.999780     11554844      4551.11
   38751.000     0.999805     11555144      5120.00
   39007.000     0.999829     11555401      5851.43
   39295.000     0.999854     11555702      6826.67
   39679.000     0.999878     11555977      8192.00
   39903.000     0.999890     11556131      9102.22
   40095.000     0.999902     11556249     10240.00
   40351.000     0.999915     11556396     11702.86
   40671.000     0.999927     11556532     13653.33
   41055.000     0.999939     11556672     16384.00
   41343.000     0.999945     11556742     18204.44
   41599.000     0.999951     11556815     20480.00
   41951.000     0.999957     11556883     23405.71
   42271.000     0.999963     11556955     27306.67
   42623.000     0.999969     11557024     32768.00
   42815.000     0.999973     11557059     36408.89
   43135.000     0.999976     11557098     40960.00
   43455.000     0.999979     11557134     46811.43
   43775.000     0.999982     11557168     54613.33
   44255.000     0.999985     11557202     65536.00
   44511.000     0.999986     11557220     72817.78
   44799.000     0.999988     11557236     81920.00
   45119.000     0.999989     11557253     93622.86
   45311.000     0.999991     11557272    109226.67
   45631.000     0.999992     11557288    131072.00
   45887.000     0.999993     11557298    145635.56
   46111.000     0.999994     11557310    163840.00
   46239.000     0.999995     11557315    187245.71
   46399.000     0.999995     11557324    218453.33
   46655.000     0.999996     11557332    262144.00
   46815.000     0.999997     11557338    291271.11
   47007.000     0.999997     11557343    327680.00
   47071.000     0.999997     11557346    374491.43
   47167.000     0.999998     11557351    436906.67
   47423.000     0.999998     11557354    524288.00
   47551.000     0.999998     11557358    582542.22
   47583.000     0.999998     11557359    655360.00
   47647.000     0.999999     11557362    748982.86
   47679.000     0.999999     11557363    873813.33
   47775.000     0.999999     11557365   1048576.00
   47903.000     0.999999     11557368   1165084.44
   47903.000     0.999999     11557368   1310720.00
   47935.000     0.999999     11557369   1497965.71
   47999.000     0.999999     11557370   1747626.67
   48159.000     1.000000     11557371   2097152.00
   48223.000     1.000000     11557372   2330168.89
   48223.000     1.000000     11557372   2621440.00
   48415.000     1.000000     11557373   2995931.43
   48415.000     1.000000     11557373   3495253.33
   48671.000     1.000000     11557374   4194304.00
   48671.000     1.000000     11557374   4660337.78
   48671.000     1.000000     11557374   5242880.00
   48735.000     1.000000     11557376   5991862.86
   48735.000     1.000000     11557376          inf
#[Mean    =     6431.103, StdDeviation   =     7186.529]
#[Max     =    48735.000, Total count    =     11557376]
#[Buckets =            6, SubBuckets     =         2048]
