       Value   Percentile   TotalCount 1/(1-Percentile)

     212.000     0.000000            1         1.00
     842.000     0.100000       347487         1.11
    2349.000     0.200000       694453         1.25
    6175.000     0.300000      1041638         1.43
   11007.000     0.400000      1388673         1.67
   15895.000     0.500000      1735651         2.00
   18175.000     0.550000      1909218         2.22
   20719.000     0.600000      2083362         2.50
   23567.000     0.650000      2257063         2.86
   26399.000     0.700000      2430443         3.33
   29791.000     0.750000      2603706         4.00
   31631.000     0.775000      2690291         4.44
   33887.000     0.800000      2778002         5.00
   35967.000     0.825000      2864368         5.71
   38111.000     0.850000      2950496         6.67
   40543.000     0.875000      3037448         8.00
   42047.000     0.887500      3080910         8.89
   43743.000     0.900000      3124133        10.00
   45919.000     0.912500      3167446        11.43
   48735.000     0.925000      3211045        13.33
   52639.000     0.937500      3254266        16.00
   55487.000     0.943750      3275988        17.78
   58911.000     0.950000      3297664        20.00
   63071.000     0.956250      3319343        22.86
   68543.000     0.962500      3341109        26.67
   75839.000     0.968750      3362737        32.00
   80383.000     0.971875      3373692        35.56
   85439.000     0.975000      3384481        40.00
   91583.000     0.978125      3395290        45.71
   99455.000     0.981250      3406128        53.33
  108671.000     0.984375      3416970        64.00
  114303.000     0.985938      3422402        71.11
  120255.000     0.987500      3427828        80.00
  127935.000     0.989062      3433233        91.43
  135807.000     0.990625      3438652       106.67
  145535.000     0.992188      3444091       128.00
  151295.000     0.992969      3446811       142.22
  157183.000     0.993750      3449527       160.00
  163967.000     0.994531      3452194       182.86
  170751.000     0.995313      3454901       213.33
  179199.000     0.996094      3457637       256.00
  184063.000     0.996484      3459004       284.44
  189183.000     0.996875      3460329       320.00
  196223.000     0.997266      3461686       365.71
  204671.000     0.997656      3463035       426.67
  214271.000     0.998047      3464397       512.00
  220543.000     0.998242      3465071       568.89
  227455.000     0.998437      3465752       640.00
  235647.000     0.998633      3466425       731.43
  243967.000     0.998828      3467108       853.33
  257919.000     0.999023      3467783      1024.00
  265471.000     0.999121      3468129      1137.78
  273151.000     0.999219      3468459      1280.00
  287999.000     0.999316      3468804      1462.86
  301311.000     0.999414      3469144      1706.67
  320255.000     0.999512      3469477      2048.00
  330239.000     0.999561      3469646      2275.56
  344575.000     0.999609      3469816      2560.00
  359167.000     0.999658      3469984      2925.71
  378367.000     0.999707      3470154      3413.33
  404735.000     0.999756      3470324      4096.00
  419327.000     0.999780      3470408      4551.11
  430335.000     0.999805      3470494      5120.00
  442879.000     0.999829      3470578      5851.43
  463615.000     0.999854      3470663      6826.67
  485375.000     0.999878      3470747      8192.00
  498175.000     0.999890      3470790      9102.22
  505599.000     0.999902      3470833     10240.00
  511999.000     0.999915      3470874     11702.86
  534527.000     0.999927      3470916     13653.33
  556031.000     0.999939      3470959     16384.00
  589823.000     0.999945      3470982     18204.44
  622079.000     0.999951      3471001     20480.00
  656383.000     0.999957      3471022     23405.71
  673279.000     0.999963      3471043     27306.67
  696319.000     0.999969      3471065     32768.00
  714751.000     0.999973      3471075     36408.89
  769535.000     0.999976      3471086     40960.00
  792575.000     0.999979      3471096     46811.43
  812543.000     0.999982      3471107     54613.33
  841215.000     0.999985      3471118     65536.00
  862719.000     0.999986      3471123     72817.78
  876543.000     0.999988      3471128     81920.00
  887295.000     0.999989      3471134     93622.86
  908287.000     0.999991      3471139    109226.67
  915455.000     0.999992      3471144    131072.00
  936447.000     0.999993      3471147    145635.56
  958975.000     0.999994      3471149    163840.00
  964607.000     0.999995      3471152    187245.71
 1269759.000     0.999995      3471155    218453.33
 1287167.000     0.999996      3471157    262144.00
 1289215.000     0.999997      3471159    291271.11
 1290239.000     0.999997      3471160    327680.00
 1293311.000     0.999997      3471161    374491.43
 1294335.000     0.999998      3471164    436906.67
 1294335.000     0.999998      3471164    524288.00
 1295359.000     0.999998      3471165    582542.22
 1295359.000     0.999998      3471165    655360.00
 1296383.000     0.999999      3471166    748982.86
 1297407.000     0.999999      3471170    873813.33
 1297407.000     1.000000      3471170          inf
#[Mean    =    21496.752, StdDeviation   =    26921.190]
#[Max     =  1297407.000, Total count    =      3471170]
#[Buckets =           11, SubBuckets     =         2048]
