       Value   Percentile   TotalCount 1/(1-Percentile)

    1505.000     0.000000            1         1.00
    9071.000     0.100000       108354         1.11
    9183.000     0.200000       224473         1.25
    9239.000     0.300000       322844         1.43
    9295.000     0.400000       437287         1.67
    9343.000     0.500000       546672         2.00
    9367.000     0.550000       602400         2.22
    9391.000     0.600000       652149         2.50
    9415.000     0.650000       697742         2.86
    9447.000     0.700000       752636         3.33
    9479.000     0.750000       802762         4.00
    9503.000     0.775000       835484         4.44
    9527.000     0.800000       863405         5.00
    9551.000     0.825000       890909         5.71
    9575.000     0.850000       914001         6.67
    9607.000     0.875000       940902         8.00
    9623.000     0.887500       953264         8.89
    9639.000     0.900000       964132        10.00
    9663.000     0.912500       978864        11.43
    9687.000     0.925000       992087        13.33
    9711.000     0.937500      1003538        16.00
    9727.000     0.943750      1010744        17.78
    9751.000     0.950000      1019530        20.00
    9767.000     0.956250      1025483        22.86
    9783.000     0.962500      1031124        26.67
    9807.000     0.968750      1037310        32.00
    9823.000     0.971875      1040765        35.56
    9839.000     0.975000      1043759        40.00
    9863.000     0.978125      1047595        45.71
    9887.000     0.981250      1050733        53.33
    9927.000     0.984375      1053616        64.00
    9967.000     0.985938      1055476        71.11
   10031.000     0.987500      1056980        80.00
   10599.000     0.989062      1058550        91.43
   11807.000     0.990625      1060220       106.67
   12223.000     0.992188      1061937       128.00
   12303.000     0.992969      1062766       142.22
   12367.000     0.993750      1063692       160.00
   12439.000     0.994531      1064531       182.86
   12487.000     0.995313      1065242       213.33
   12543.000     0.996094      1066083       256.00
   12575.000     0.996484      1066504       284.44
   12615.000     0.996875      1066933       320.00
   12647.000     0.997266      1067422       365.71
   12671.000     0.997656      1067831       426.67
   12703.000     0.998047      1068202       512.00
   12719.000     0.998242      1068372       568.89
   12743.000     0.998437      1068662       640.00
   12751.000     0.998633      1068852       731.43
   12767.000     0.998828      1069018       853.33
   12791.000     0.999023      1069243      1024.00
   12807.000     0.999121      1069339      1137.78
   12815.000     0.999219      1069414      1280.00
   12839.000     0.999316      1069555      1462.86
   12855.000     0.999414      1069668      1706.67
   12887.000     0.999512      1069729      2048.00
   12903.000     0.999561      1069794      2275.56
   12911.000     0.999609      1069838      2560.00
   12927.000     0.999658      1069894      2925.71
   12943.000     0.999707      1069944      3413.33
   12975.000     0.999756      1069989      4096.00
   13007.000     0.999780      1070026      4551.11
   13023.000     0.999805      1070044      5120.00
   13039.000     0.999829      1070070      5851.43
   13111.000     0.999854      1070095      6826.67
   14063.000     0.999878      1070122      8192.00
   14119.000     0.999890      1070135      9102.22
   14127.000     0.999902      1070151     10240.00
   14135.000     0.999915      1070165     11702.86
   14143.000     0.999927      1070177     13653.33
   14151.000     0.999939      1070198     16384.00
   14151.000     0.999945      1070198     18204.44
   14151.000     0.999951      1070198     20480.00
   14199.000     0.999957      1070226     23405.71
   14199.000     0.999963      1070226     27306.67
   14199.000     0.999969      1070226     32768.00
   14199.000     0.999973      1070226     36408.89
   14199.000     0.999976      1070226     40960.00
   14207.000     0.999979      1070240     46811.43
   14207.000     0.999982      1070240     54613.33
   14207.000     0.999985      1070240     65536.00
   14207.000     0.999986      1070240     72817.78
   14207.000     0.999988      1070240     81920.00
   14207.000     0.999989      1070240     93622.86
   14207.000     0.999991      1070240    109226.67
   14215.000     0.999992      1070249    131072.00
   14215.000     1.000000      1070249          inf
#[Mean    =     9341.314, StdDeviation   =      489.478]
#[Max     =    14215.000, Total count    =      1070249]
#[Buckets =            4, SubBuckets     =         2048]
