       Value   Percentile   TotalCount 1/(1-Percentile)

     120.000     0.000000            2         1.00
    1227.000     0.100000       341173         1.11
    2173.000     0.200000       682138         1.25
    3819.000     0.300000      1023036         1.43
    6531.000     0.400000      1363952         1.67
   10087.000     0.500000      1705191         2.00
   12791.000     0.550000      1875129         2.22
   15887.000     0.600000      2045637         2.50
   18815.000     0.650000      2217024         2.86
   21903.000     0.700000      2386807         3.33
   25807.000     0.750000      2557515         4.00
   27999.000     0.775000      2642362         4.44
   30927.000     0.800000      2727655         5.00
   34111.000     0.825000      2812884         5.71
   38687.000     0.850000      2898131         6.67
   44543.000     0.875000      2983174         8.00
   47391.000     0.887500      3025813         8.89
   49791.000     0.900000      3068588        10.00
   52127.000     0.912500      3111142        11.43
   54463.000     0.925000      3153596        13.33
   57119.000     0.937500      3196621        16.00
   58495.000     0.943750      3217610        17.78
   59935.000     0.950000      3238978        20.00
   61375.000     0.956250      3260145        22.86
   63359.000     0.962500      3281601        26.67
   67199.000     0.968750      3302811        32.00
   71679.000     0.971875      3313414        35.56
   79615.000     0.975000      3324114        40.00
   96575.000     0.978125      3334729        45.71
  121983.000     0.981250      3345366        53.33
  156031.000     0.984375      3356025        64.00
  184063.000     0.985938      3361344        71.11
  212095.000     0.987500      3366667        80.00
  230783.000     0.989062      3372022        91.43
  251903.000     0.990625      3377334       106.67
  277503.000     0.992188      3382687       128.00
  286975.000     0.992969      3385358       142.22
  298495.000     0.993750      3388024       160.00
  311295.000     0.994531      3390702       182.86
  323839.000     0.995313      3393306       213.33
  340735.000     0.996094      3395972       256.00
  350975.000     0.996484      3397308       284.44
  360703.000     0.996875      3398654       320.00
  372223.000     0.997266      3399971       365.71
  382719.000     0.997656      3401295       426.67
  394751.000     0.998047      3402630       512.00
  402175.000     0.998242      3403306       568.89
  410367.000     0.998437      3403958       640.00
  422911.000     0.998633      3404636       731.43
  434175.000     0.998828      3405288       853.33
  445439.000     0.999023      3405956      1024.00
  450047.000     0.999121      3406292      1137.78
  454655.000     0.999219      3406638      1280.00
  460799.000     0.999316      3406959      1462.86
  467199.000     0.999414      3407293      1706.67
  473855.000     0.999512      3407623      2048.00
  478463.000     0.999561      3407785      2275.56
  486911.000     0.999609      3407953      2560.00
  497919.000     0.999658      3408119      2925.71
  505343.000     0.999707      3408288      3413.33
  515839.000     0.999756      3408457      4096.00
  523519.000     0.999780      3408534      4551.11
  539135.000     0.999805      3408623      5120.00
  549375.000     0.999829      3408712      5851.43
  552447.000     0.999854      3408798      6826.67
  554495.000     0.999878      3408868      8192.00
  556031.000     0.999890      3408923      9102.22
  557055.000     0.999902      3408989     10240.00
  557567.000     0.999915      3409013     11702.86
  558591.000     0.999927      3409036     13653.33
  560127.000     0.999939      3409077     16384.00
  561663.000     0.999945      3409098     18204.44
  572415.000     0.999951      3409120     20480.00
  577023.000     0.999957      3409143     23405.71
  580095.000     0.999963      3409162     27306.67
  584191.000     0.999969      3409185     32768.00
  586751.000     0.999973      3409191     36408.89
  590847.000     0.999976      3409201     40960.00
  593407.000     0.999979      3409211     46811.43
  596991.000     0.999982      3409222     54613.33
  605183.000     0.999985      3409233     65536.00
  605695.000     0.999986      3409237     72817.78
  606719.000     0.999988      3409243     81920.00
  608767.000     0.999989      3409248     93622.86
  610815.000     0.999991      3409252    109226.67
  613375.000     0.999992      3409258    131072.00
  613887.000     0.999993      3409260    145635.56
  615423.000     0.999994      3409263    163840.00
  615935.000     0.999995      3409265    187245.71
  617471.000     0.999995      3409270    218453.33
  617471.000     0.999996      3409270    262144.00
  618495.000     0.999997      3409273    291271.11
  618495.000     0.999997      3409273    327680.00
  619007.000     0.999997      3409276    374491.43
  619007.000     0.999998      3409276    436906.67
  620543.000     0.999998      3409277    524288.00
  623103.000     0.999998      3409279    582542.22
  623103.000     0.999998      3409279    655360.00
  623103.000     0.999999      3409279    748982.86
  626687.000     0.999999      3409280    873813.33
  626687.000     0.999999      3409280   1048576.00
  627711.000     0.999999      3409281   1165084.44
  627711.000     0.999999      3409281   1310720.00
  627711.000     0.999999      3409281   1497965.71
  628735.000     0.999999      3409282   1747626.67
  628735.000     1.000000      3409282   2097152.00
  628735.000     1.000000      3409282   2330168.89
  628735.000     1.000000      3409282   2621440.00
  628735.000     1.000000      3409282   2995931.43
  629247.000     1.000000      3409283   3495253.33
  629247.000     1.000000      3409283          inf
#[Mean    =    21490.671, StdDeviation   =    40331.639]
#[Max     =   629247.000, Total count    =      3409283]
#[Buckets =           10, SubBuckets     =         2048]
