       Value   Percentile   TotalCount 1/(1-Percentile)

      57.000     0.000000            2         1.00
     867.000     0.100000       597439         1.11
    1702.000     0.200000      1194606         1.25
    2721.000     0.300000      1792383         1.43
    3855.000     0.400000      2389036         1.67
    5079.000     0.500000      2986082         2.00
    5723.000     0.550000      3285999         2.22
    6383.000     0.600000      3583934         2.50
    7067.000     0.650000      3881701         2.86
    7783.000     0.700000      4180009         3.33
    8551.000     0.750000      4479240         4.00
    8959.000     0.775000      4628209         4.44
    9391.000     0.800000      4777414         5.00
    9855.000     0.825000      4926406         5.71
   10367.000     0.850000      5076676         6.67
   10935.000     0.875000      5225873         8.00
   11255.000     0.887500      5301312         8.89
   11599.000     0.900000      5375830        10.00
   11975.000     0.912500      5449662        11.43
   12399.000     0.925000      5523722        13.33
   12887.000     0.937500      5598182        16.00
   13167.000     0.943750      5636161        17.78
   13471.000     0.950000      5673711        20.00
   13807.000     0.956250      5710287        22.86
   14191.000     0.962500      5747608        26.67
   14639.000     0.968750      5785130        32.00
   14895.000     0.971875      5803920        35.56
   15175.000     0.975000      5822584        40.00
   15487.000     0.978125      5840722        45.71
   15847.000     0.981250      5859438        53.33
   16263.000     0.984375      5878061        64.00
   16495.000     0.985938      5887413        71.11
   16767.000     0.987500      5897023        80.00
   17055.000     0.989062      5906201        91.43
   17391.000     0.990625      5915618       106.67
   17775.000     0.992188      5924869       128.00
   17999.000     0.992969      5929618       142.22
   18239.000     0.993750      5934227       160.00
   18511.000     0.994531      5938763       182.86
   18831.000     0.995313      5943403       213.33
   19199.000     0.996094      5948047       256.00
   19423.000     0.996484      5950396       284.44
   19679.000     0.996875      5952824       320.00
   19951.000     0.997266      5955119       365.71
   20271.000     0.997656      5957366       426.67
   20671.000     0.998047      5959764       512.00
   20879.000     0.998242      5960852       568.89
   21151.000     0.998437      5962084       640.00
   21423.000     0.998633      5963198       731.43
   21759.000     0.998828      5964356       853.33
   22175.000     0.999023      5965553      1024.00
   22399.000     0.999121      5966138      1137.78
   22655.000     0.999219      5966689      1280.00
   22927.000     0.999316      5967280      1462.86
   23247.000     0.999414      5967850      1706.67
   23663.000     0.999512      5968442      2048.00
   23887.000     0.999561      5968729      2275.56
   24143.000     0.999609      5969018      2560.00
   24447.000     0.999658      5969318      2925.71
   24735.000     0.999707      5969598      3413.33
   25087.000     0.999756      5969894      4096.00
   25311.000     0.999780      5970035      4551.11
   25599.000     0.999805      5970191      5120.00
   25855.000     0.999829      5970325      5851.43
   26207.000     0.999854      5970472      6826.67
   26639.000     0.999878      5970619      8192.00
   26863.000     0.999890      5970692      9102.22
   27103.000     0.999902      5970762     10240.00
   27359.000     0.999915      5970835     11702.86
   27727.000     0.999927      5970908     13653.33
   28159.000     0.999939      5970981     16384.00
   28383.000     0.999945      5971021     18204.44
   28607.000     0.999951      5971055     20480.00
   28847.000     0.999957      5971093     23405.71
   29071.000     0.999963      5971128     27306.67
   29471.000     0.999969      5971163     32768.00
   29663.000     0.999973      5971182     36408.89
   29935.000     0.999976      5971200     40960.00
   30319.000     0.999979      5971218     46811.43
   30655.000     0.999982      5971236     54613.33
   31119.000     0.999985      5971258     65536.00
   31343.000     0.999986      5971263     72817.78
   31663.000     0.999988      5971274     81920.00
   31903.000     0.999989      5971282     93622.86
   32303.000     0.999991      5971291    109226.67
   32927.000     0.999992      5971300    131072.00
   33055.000     0.999993      5971304    145635.56
   33791.000     0.999994      5971309    163840.00
   34527.000     0.999995      5971314    187245.71
   35455.000     0.999995      5971318    218453.33
   36895.000     0.999996      5971323    262144.00
   37215.000     0.999997      5971326    291271.11
   37311.000     0.999997      5971327    327680.00
   42847.000     0.999997      5971330    374491.43
   42911.000     0.999998      5971332    436906.67
   43071.000     0.999998      5971334    524288.00
   43167.000     0.999998      5971335    582542.22
   43359.000     0.999998      5971336    655360.00
   43455.000     0.999999      5971339    748982.86
   43455.000     0.999999      5971339    873813.33
   43519.000     0.999999      5971340   1048576.00
   43519.000     0.999999      5971340   1165084.44
   43583.000     0.999999      5971342   1310720.00
   43583.000     0.999999      5971342   1497965.71
   43583.000     0.999999      5971342   1747626.67
   43615.000     1.000000      5971343   2097152.00
   43615.000     1.000000      5971343   2330168.89
   43615.000     1.000000      5971343   2621440.00
   44287.000     1.000000      5971344   2995931.43
   44287.000     1.000000      5971344   3495253.33
   44287.000     1.000000      5971344   4194304.00
   44287.000     1.000000      5971344   4660337.78
   44287.000     1.000000      5971344   5242880.00
   44319.000     1.000000      5971345   5991862.86
   44319.000     1.000000      5971345          inf
#[Mean    =     5761.134, StdDeviation   =     4195.866]
#[Max     =    44319.000, Total count    =      5971345]
#[Buckets =            6, SubBuckets     =         2048]
