       Value   Percentile   TotalCount 1/(1-Percentile)

      51.000     0.000000            2         1.00
      57.000     0.100000        31340         1.11
      64.000     0.200000        62935         1.25
      78.000     0.300000        90161         1.43
      94.000     0.400000       111457         1.67
     106.000     0.500000       154636         2.00
     106.000     0.550000       154636         2.22
     107.000     0.600000       170446         2.50
     111.000     0.650000       181059         2.86
     124.000     0.700000       194388         3.33
     132.000     0.750000       210171         4.00
     133.000     0.775000       218663         4.44
     134.000     0.800000       239108         5.00
     134.000     0.825000       239108         5.71
     134.000     0.850000       239108         6.67
     135.000     0.875000       250270         8.00
     135.000     0.887500       250270         8.89
     135.000     0.900000       250270        10.00
     136.000     0.912500       253424        11.43
     138.000     0.925000       256892        13.33
     140.000     0.937500       260214        16.00
     142.000     0.943750       262964        17.78
     143.000     0.950000       263794        20.00
     146.000     0.956250       265743        22.86
     150.000     0.962500       267300        26.67
     158.000     0.968750       269339        32.00
     159.000     0.971875       270009        35.56
     161.000     0.975000       270717        40.00
     164.000     0.978125       271425        45.71
     169.000     0.981250       272332        53.33
     175.000     0.984375       273186        64.00
     179.000     0.985938       273617        71.11
     184.000     0.987500       274168        80.00
     185.000     0.989062       274535        91.43
     187.000     0.990625       275015       106.67
     189.000     0.992188       275351       128.00
     191.000     0.992969       275672       142.22
     192.000     0.993750       275841       160.00
     193.000     0.994531       275996       182.86
     195.000     0.995313       276267       213.33
     197.000     0.996094       276426       256.00
     199.000     0.996484       276538       284.44
     201.000     0.996875       276703       320.00
     202.000     0.997266       276771       365.71
     204.000     0.997656       276846       426.67
     207.000     0.998047       276943       512.00
     209.000     0.998242       277024       568.89
     210.000     0.998437       277053       640.00
     212.000     0.998633       277113       731.43
     214.000     0.998828       277158       853.33
     218.000     0.999023       277220      1024.00
     222.000     0.999121       277246      1137.78
     224.000     0.999219       277270      1280.00
     229.000     0.999316       277297      1462.86
     232.000     0.999414       277319      1706.67
     236.000     0.999512       277346      2048.00
     239.000     0.999561       277361      2275.56
     242.000     0.999609       277373      2560.00
     247.000     0.999658       277391      2925.71
     252.000     0.999707       277405      3413.33
     258.000     0.999756       277415      4096.00
     263.000     0.999780       277422      4551.11
     267.000     0.999805       277429      5120.00
     271.000     0.999829       277436      5851.43
     273.000     0.999854       277441      6826.67
     277.000     0.999878       277448      8192.00
     278.000     0.999890       277451      9102.22
     281.000     0.999902       277454     10240.00
     285.000     0.999915       277458     11702.86
     289.000     0.999927       277461     13653.33
     295.000     0.999939       277465     16384.00
     300.000     0.999945       277466     18204.44
     306.000     0.999951       277468     20480.00
     311.000     0.999957       277470     23405.71
     313.000     0.999963       277471     27306.67
     342.000     0.999969       277473     32768.00
     344.000     0.999973       277474     36408.89
     354.000     0.999976       277475     40960.00
     394.000     0.999979       277476     46811.43
     394.000     0.999982       277476     54613.33
     413.000     0.999985       277477     65536.00
     415.000     0.999986       277478     72817.78
     415.000     0.999988       277478     81920.00
     503.000     0.999989       277479     93622.86
     503.000     0.999991       277479    109226.67
     503.000     0.999992       277479    131072.00
     744.000     0.999993       277480    145635.56
     744.000     0.999994       277480    163840.00
     744.000     0.999995       277480    187245.71
     744.000     0.999995       277480    218453.33
     744.000     0.999996       277480    262144.00
     772.000     0.999997       277481    291271.11
     772.000     1.000000       277481          inf
#[Mean    =      101.119, StdDeviation   =       32.326]
#[Max     =      772.000, Total count    =       277481]
#[Buckets =            1, SubBuckets     =         2048]
