       Value   Percentile   TotalCount 1/(1-Percentile)

      56.000     0.000000            1         1.00
     603.000     0.100000       778433         1.11
    1081.000     0.200000      1555795         1.25
    1665.000     0.300000      2333451         1.43
    2351.000     0.400000      3111249         1.67
    3143.000     0.500000      3888654         2.00
    3581.000     0.550000      4277687         2.22
    4055.000     0.600000      4667246         2.50
    4567.000     0.650000      5056281         2.86
    5127.000     0.700000      5445826         3.33
    5743.000     0.750000      5833733         4.00
    6079.000     0.775000      6026812         4.44
    6447.000     0.800000      6221847         5.00
    6847.000     0.825000      6417179         5.71
    7287.000     0.850000      6610394         6.67
    7791.000     0.875000      6805240         8.00
    8071.000     0.887500      6902213         8.89
    8383.000     0.900000      7001021        10.00
    8719.000     0.912500      7097568        11.43
    9095.000     0.925000      7193805        13.33
    9535.000     0.937500      7291385        16.00
    9783.000     0.943750      7339859        17.78
   10055.000     0.950000      7388234        20.00
   10359.000     0.956250      7436742        22.86
   10703.000     0.962500      7485034        26.67
   11111.000     0.968750      7534207        32.00
   11343.000     0.971875      7558416        35.56
   11591.000     0.975000      7582227        40.00
   11879.000     0.978125      7606723        45.71
   12215.000     0.981250      7631259        53.33
   12607.000     0.984375      7655453        64.00
   12823.000     0.985938      7667213        71.11
   13079.000     0.987500      7679588        80.00
   13359.000     0.989062      7691785        91.43
   13671.000     0.990625      7703791       106.67
   14047.000     0.992188      7715947       128.00
   14263.000     0.992969      7721900       142.22
   14511.000     0.993750      7728090       160.00
   14783.000     0.994531      7734119       182.86
   15103.000     0.995313      7740212       213.33
   15471.000     0.996094      7746207       256.00
   15687.000     0.996484      7749288       284.44
   15919.000     0.996875      7752248       320.00
   16191.000     0.997266      7755288       365.71
   16511.000     0.997656      7758408       426.67
   16879.000     0.998047      7761404       512.00
   17087.000     0.998242      7762866       568.89
   17343.000     0.998437      7764388       640.00
   17615.000     0.998633      7765897       731.43
   17951.000     0.998828      7767449       853.33
   18319.000     0.999023      7768938      1024.00
   18543.000     0.999121      7769721      1137.78
   18799.000     0.999219      7770496      1280.00
   19087.000     0.999316      7771243      1462.86
   19407.000     0.999414      7771999      1706.67
   19743.000     0.999512      7772732      2048.00
   19951.000     0.999561      7773114      2275.56
   20191.000     0.999609      7773516      2560.00
   20463.000     0.999658      7773888      2925.71
   20767.000     0.999707      7774261      3413.33
   21119.000     0.999756      7774639      4096.00
   21343.000     0.999780      7774827      4551.11
   21615.000     0.999805      7775012      5120.00
   21903.000     0.999829      7775205      5851.43
   22239.000     0.999854      7775393      6826.67
   22655.000     0.999878      7775582      8192.00
   22863.000     0.999890      7775674      9102.22
   23167.000     0.999902      7775771     10240.00
   23487.000     0.999915      7775869     11702.86
   23839.000     0.999927      7775962     13653.33
   24207.000     0.999939      7776054     16384.00
   24463.000     0.999945      7776103     18204.44
   24735.000     0.999951      7776149     20480.00
   25167.000     0.999957      7776197     23405.71
   25519.000     0.999963      7776245     27306.67
   25887.000     0.999969      7776292     32768.00
   26175.000     0.999973      7776315     36408.89
   26447.000     0.999976      7776340     40960.00
   26703.000     0.999979      7776362     46811.43
   27247.000     0.999982      7776386     54613.33
   27631.000     0.999985      7776411     65536.00
   27711.000     0.999986      7776422     72817.78
   27823.000     0.999988      7776435     81920.00
   27967.000     0.999989      7776445     93622.86
   28383.000     0.999991      7776458    109226.67
   28863.000     0.999992      7776469    131072.00
   29087.000     0.999993      7776475    145635.56
   29327.000     0.999994      7776481    163840.00
   30303.000     0.999995      7776487    187245.71
   30511.000     0.999995      7776493    218453.33
   30799.000     0.999996      7776500    262144.00
   30975.000     0.999997      7776503    291271.11
   31151.000     0.999997      7776505    327680.00
   31519.000     0.999997      7776508    374491.43
   31839.000     0.999998      7776511    436906.67
   32207.000     0.999998      7776514    524288.00
   33855.000     0.999998      7776515    582542.22
   34015.000     0.999998      7776517    655360.00
   34143.000     0.999999      7776518    748982.86
   34271.000     0.999999      7776520    873813.33
   34303.000     0.999999      7776521   1048576.00
   34335.000     0.999999      7776522   1165084.44
   34431.000     0.999999      7776523   1310720.00
   34431.000     0.999999      7776523   1497965.71
   34655.000     0.999999      7776524   1747626.67
   34783.000     1.000000      7776525   2097152.00
   34783.000     1.000000      7776525   2330168.89
   34879.000     1.000000      7776526   2621440.00
   34879.000     1.000000      7776526   2995931.43
   34879.000     1.000000      7776526   3495253.33
   34943.000     1.000000      7776527   4194304.00
   34943.000     1.000000      7776527   4660337.78
   34943.000     1.000000      7776527   5242880.00
   34943.000     1.000000      7776527   5991862.86
   34943.000     1.000000      7776527   6990506.67
   35071.000     1.000000      7776528   8388608.00
   35071.000     1.000000      7776528          inf
#[Mean    =     3923.778, StdDeviation   =     3166.829]
#[Max     =    35071.000, Total count    =      7776528]
#[Buckets =            6, SubBuckets     =         2048]
