       Value   Percentile   TotalCount 1/(1-Percentile)

     231.000     0.000000            1         1.00
    1303.000     0.100000       247025         1.11
    2207.000     0.200000       493954         1.25
    3491.000     0.300000       740367         1.43
    5947.000     0.400000       987336         1.67
   11431.000     0.500000      1233968         2.00
   14439.000     0.550000      1357396         2.22
   18175.000     0.600000      1480813         2.50
   26447.000     0.650000      1604225         2.86
   39807.000     0.700000      1727507         3.33
   53343.000     0.750000      1850992         4.00
   58815.000     0.775000      1912572         4.44
   63935.000     0.800000      1974393         5.00
   69439.000     0.825000      2036350         5.71
   75455.000     0.850000      2097756         6.67
   82111.000     0.875000      2159439         8.00
   85631.000     0.887500      2190236         8.89
   89407.000     0.900000      2221139        10.00
   93631.000     0.912500      2252020        11.43
   98303.000     0.925000      2283005        13.33
  103807.000     0.937500      2313737        16.00
  106879.000     0.943750      2329118        17.78
  110271.000     0.950000      2344580        20.00
  114047.000     0.956250      2359895        22.86
  118015.000     0.962500      2375475        26.67
  122367.000     0.968750      2390767        32.00
  124735.000     0.971875      2398516        35.56
  127167.000     0.975000      2406251        40.00
  129791.000     0.978125      2413840        45.71
  132735.000     0.981250      2421644        53.33
  135935.000     0.984375      2429354        64.00
  137599.000     0.985938      2433244        71.11
  139263.000     0.987500      2437021        80.00
  141183.000     0.989062      2441062        91.43
  143103.000     0.990625      2444714       106.67
  145535.000     0.992188      2448686       128.00
  146815.000     0.992969      2450619       142.22
  148223.000     0.993750      2452562       160.00
  149631.000     0.994531      2454456       182.86
  151167.000     0.995313      2456353       213.33
  152831.000     0.996094      2458233       256.00
  153855.000     0.996484      2459260       284.44
  154879.000     0.996875      2460132       320.00
  156159.000     0.997266      2461126       365.71
  157439.000     0.997656      2462096       426.67
  158975.000     0.998047      2463070       512.00
  159871.000     0.998242      2463513       568.89
  160895.000     0.998437      2464009       640.00
  162047.000     0.998633      2464484       731.43
  163199.000     0.998828      2464955       853.33
  164735.000     0.999023      2465447      1024.00
  165503.000     0.999121      2465674      1137.78
  166399.000     0.999219      2465914      1280.00
  167551.000     0.999316      2466147      1462.86
  168831.000     0.999414      2466393      1706.67
  170367.000     0.999512      2466618      2048.00
  171263.000     0.999561      2466750      2275.56
  172031.000     0.999609      2466861      2560.00
  173183.000     0.999658      2466989      2925.71
  174335.000     0.999707      2467106      3413.33
  176511.000     0.999756      2467231      4096.00
  177663.000     0.999780      2467288      4551.11
  179071.000     0.999805      2467347      5120.00
  181247.000     0.999829      2467401      5851.43
  184575.000     0.999854      2467462      6826.67
  187775.000     0.999878      2467522      8192.00
  191615.000     0.999890      2467552      9102.22
  197375.000     0.999902      2467582     10240.00
  202623.000     0.999915      2467612     11702.86
  225919.000     0.999927      2467642     13653.33
  243711.000     0.999939      2467672     16384.00
  253439.000     0.999945      2467688     18204.44
  262911.000     0.999951      2467702     20480.00
  264959.000     0.999957      2467719     23405.71
  267519.000     0.999963      2467732     27306.67
  277503.000     0.999969      2467750     32768.00
  279039.000     0.999973      2467756     36408.89
  280575.000     0.999976      2467764     40960.00
  281599.000     0.999979      2467772     46811.43
  282111.000     0.999982      2467779     54613.33
  282623.000     0.999985      2467788     65536.00
  282879.000     0.999986      2467793     72817.78
  282879.000     0.999988      2467793     81920.00
  283647.000     0.999989      2467797     93622.86
  284159.000     0.999991      2467801    109226.67
  284671.000     0.999992      2467804    131072.00
  285183.000     0.999993      2467806    145635.56
  285951.000     0.999994      2467807    163840.00
  287999.000     0.999995      2467809    187245.71
  289279.000     0.999995      2467811    218453.33
  290559.000     0.999996      2467813    262144.00
  295679.000     0.999997      2467814    291271.11
  296703.000     0.999997      2467815    327680.00
  297471.000     0.999997      2467816    374491.43
  297727.000     0.999998      2467817    436906.67
  298495.000     0.999998      2467818    524288.00
  298495.000     0.999998      2467818    582542.22
  298751.000     0.999998      2467819    655360.00
  298751.000     0.999999      2467819    748982.86
  302335.000     0.999999      2467820    873813.33
  302335.000     0.999999      2467820   1048576.00
  302335.000     0.999999      2467820   1165084.44
  303871.000     0.999999      2467821   1310720.00
  303871.000     0.999999      2467821   1497965.71
  303871.000     0.999999      2467821   1747626.67
  303871.000     1.000000      2467821   2097152.00
  303871.000     1.000000      2467821   2330168.89
  305407.000     1.000000      2467822   2621440.00
  305407.000     1.000000      2467822          inf
#[Mean    =    30334.327, StdDeviation   =    37441.923]
#[Max     =   305407.000, Total count    =      2467822]
#[Buckets =            9, SubBuckets     =         2048]
