       Value   Percentile   TotalCount 1/(1-Percentile)

      83.000     0.000000            5         1.00
     105.000     0.100000         6758         1.11
     114.000     0.200000        14050         1.25
     120.000     0.300000        21574         1.43
     127.000     0.400000        27224         1.67
     138.000     0.500000        34481         2.00
     140.000     0.550000        37122         2.22
     149.000     0.600000        40776         2.50
     153.000     0.650000        44012         2.86
     157.000     0.700000        48667         3.33
     158.000     0.750000        51492         4.00
     159.000     0.775000        54076         4.44
     159.000     0.800000        54076         5.00
     160.000     0.825000        55765         5.71
     162.000     0.850000        57632         6.67
     166.000     0.875000        59357         8.00
     167.000     0.887500        59901         8.89
     169.000     0.900000        61276        10.00
     170.000     0.912500        61836        11.43
     172.000     0.925000        62729        13.33
     174.000     0.937500        63836        16.00
     174.000     0.943750        63836        17.78
     175.000     0.950000        64569        20.00
     175.000     0.956250        64569        22.86
     176.000     0.962500        65175        26.67
     177.000     0.968750        65545        32.00
     178.000     0.971875        65766        35.56
     179.000     0.975000        65885        40.00
     181.000     0.978125        66057        45.71
     183.000     0.981250        66218        53.33
     186.000     0.984375        66456        64.00
     188.000     0.985938        66557        71.11
     191.000     0.987500        66655        80.00
     196.000     0.989062        66764        91.43
     198.000     0.990625        66884       106.67
     199.000     0.992188        66950       128.00
     200.000     0.992969        67022       142.22
     201.000     0.993750        67132       160.00
     201.000     0.994531        67132       182.86
     202.000     0.995313        67229       213.33
     202.000     0.996094        67229       256.00
     203.000     0.996484        67294       284.44
     203.000     0.996875        67294       320.00
     203.000     0.997266        67294       365.71
     204.000     0.997656        67332       426.67
     205.000     0.998047        67359       512.00
     205.000     0.998242        67359       568.89
     207.000     0.998437        67371       640.00
     208.000     0.998633        67383       731.43
     210.000     0.998828        67408       853.33
     211.000     0.999023        67428      1024.00
     211.000     0.999121        67428      1137.78
     211.000     0.999219        67428      1280.00
     212.000     0.999316        67439      1462.86
     212.000     0.999414        67439      1706.67
     213.000     0.999512        67448      2048.00
     213.000     0.999561        67448      2275.56
     214.000     0.999609        67451      2560.00
     215.000     0.999658        67455      2925.71
     216.000     0.999707        67457      3413.33
     218.000     0.999756        67459      4096.00
     221.000     0.999780        67461      4551.11
     222.000     0.999805        67462      5120.00
     230.000     0.999829        67464      5851.43
     238.000     0.999854        67466      6826.67
     244.000     0.999878        67467      8192.00
     296.000     0.999890        67468      9102.22
     310.000     0.999902        67469     10240.00
     353.000     0.999915        67470     11702.86
     425.000     0.999927        67471     13653.33
     425.000     0.999939        67471     16384.00
     676.000     0.999945        67472     18204.44
     676.000     0.999951        67472     20480.00
     945.000     0.999957        67473     23405.71
     945.000     0.999963        67473     27306.67
     945.000     0.999969        67473     32768.00
    1268.000     0.999973        67474     36408.89
    1268.000     0.999976        67474     40960.00
    1268.000     0.999979        67474     46811.43
    1268.000     0.999982        67474     54613.33
    1268.000     0.999985        67474     65536.00
    2217.000     0.999986        67475     72817.78
    2217.000     1.000000        67475          inf
#[Mean    =      137.582, StdDeviation   =       26.753]
#[Max     =     2217.000, Total count    =        67475]
#[Buckets =            2, SubBuckets     =         2048]
