       Value   Percentile   TotalCount 1/(1-Percentile)

      46.000     0.000000           83         1.00
      57.000     0.100000        90162         1.11
      57.000     0.200000        90162         1.25
      58.000     0.300000       156937         1.43
      59.000     0.400000       207579         1.67
      60.000     0.500000       249361         2.00
      60.000     0.550000       249361         2.22
      61.000     0.600000       269316         2.50
      63.000     0.650000       294008         2.86
      64.000     0.700000       328014         3.33
      65.000     0.750000       357640         4.00
      65.000     0.775000       357640         4.44
      65.000     0.800000       357640         5.00
      66.000     0.825000       372315         5.71
      67.000     0.850000       379249         6.67
      69.000     0.875000       386146         8.00
      71.000     0.887500       391308         8.89
      75.000     0.900000       397122        10.00
      79.000     0.912500       401770        11.43
      81.000     0.925000       407795        13.33
      83.000     0.937500       413786        16.00
      84.000     0.943750       415617        17.78
      86.000     0.950000       419424        20.00
      87.000     0.956250       424286        22.86
      87.000     0.962500       424286        26.67
      88.000     0.968750       430739        32.00
      88.000     0.971875       430739        35.56
      88.000     0.975000       430739        40.00
      88.000     0.978125       430739        45.71
      89.000     0.981250       434959        53.33
      89.000     0.984375       434959        64.00
      89.000     0.985938       434959        71.11
      89.000     0.987500       434959        80.00
      90.000     0.989062       436627        91.43
      90.000     0.990625       436627       106.67
      91.000     0.992188       437278       128.00
      91.000     0.992969       437278       142.22
      92.000     0.993750       437634       160.00
      93.000     0.994531       437937       182.86
      94.000     0.995313       438230       213.33
      95.000     0.996094       438506       256.00
      96.000     0.996484       438796       284.44
      96.000     0.996875       438796       320.00
      97.000     0.997266       439060       365.71
      98.000     0.997656       439306       426.67
      98.000     0.998047       439306       512.00
      99.000     0.998242       439471       568.89
      99.000     0.998437       439471       640.00
     100.000     0.998633       439613       731.43
     101.000     0.998828       439730       853.33
     101.000     0.999023       439730      1024.00
     102.000     0.999121       439818      1137.78
     102.000     0.999219       439818      1280.00
     103.000     0.999316       439879      1462.86
     104.000     0.999414       439913      1706.67
     105.000     0.999512       439937      2048.00
     106.000     0.999561       439966      2275.56
     107.000     0.999609       439979      2560.00
     108.000     0.999658       439999      2925.71
     110.000     0.999707       440017      3413.33
     113.000     0.999756       440043      4096.00
     115.000     0.999780       440060      4551.11
     115.000     0.999805       440060      5120.00
     116.000     0.999829       440069      5851.43
     118.000     0.999854       440080      6826.67
     120.000     0.999878       440104      8192.00
     120.000     0.999890       440104      9102.22
     120.000     0.999902       440104     10240.00
     121.000     0.999915       440110     11702.86
     122.000     0.999927       440116     13653.33
     123.000     0.999939       440120     16384.00
     123.000     0.999945       440120     18204.44
     124.000     0.999951       440123     20480.00
     125.000     0.999957       440129     23405.71
     125.000     0.999963       440129     27306.67
     126.000     0.999969       440131     32768.00
     127.000     0.999973       440132     36408.89
     131.000     0.999976       440134     40960.00
     132.000     0.999979       440135     46811.43
     153.000     0.999982       440136     54613.33
     179.000     0.999985       440138     65536.00
     179.000     0.999986       440138     72817.78
     184.000     0.999988       440139     81920.00
     195.000     0.999989       440140     93622.86
     195.000     0.999991       440140    109226.67
     208.000     0.999992       440141    131072.00
     208.000     0.999993       440141    145635.56
     226.000     0.999994       440142    163840.00
     226.000     0.999995       440142    187245.71
     226.000     0.999995       440142    218453.33
     337.000     0.999996       440143    262144.00
     337.000     0.999997       440143    291271.11
     337.000     0.999997       440143    327680.00
     337.000     0.999997       440143    374491.43
     337.000     0.999998       440143    436906.67
     467.000     0.999998       440144    524288.00
     467.000     1.000000       440144          inf
#[Mean    =       62.740, StdDeviation   =        8.677]
#[Max     =      467.000, Total count    =       440144]
#[Buckets =            1, SubBuckets     =         2048]
