       Value   Percentile   TotalCount 1/(1-Percentile)

      56.000     0.000000            1         1.00
      85.000     0.100000       157038         1.11
      91.000     0.200000       306073         1.25
      97.000     0.300000       463958         1.43
     104.000     0.400000       627982         1.67
     111.000     0.500000       768328         2.00
     115.000     0.550000       840795         2.22
     120.000     0.600000       925198         2.50
     124.000     0.650000       987209         2.86
     130.000     0.700000      1071899         3.33
     135.000     0.750000      1139963         4.00
     138.000     0.775000      1177111         4.44
     142.000     0.800000      1220758         5.00
     146.000     0.825000      1258791         5.71
     150.000     0.850000      1291565         6.67
     156.000     0.875000      1332819         8.00
     159.000     0.887500      1350654         8.89
     162.000     0.900000      1366465        10.00
     167.000     0.912500      1388412        11.43
     172.000     0.925000      1406829        13.33
     178.000     0.937500      1425188        16.00
     182.000     0.943750      1435338        17.78
     186.000     0.950000      1444560        20.00
     190.000     0.956250      1452756        22.86
     196.000     0.962500      1462724        26.67
     202.000     0.968750      1471029        32.00
     207.000     0.971875      1476662        35.56
     211.000     0.975000      1480571        40.00
     217.000     0.978125      1485629        45.71
     223.000     0.981250      1489856        53.33
     231.000     0.984375      1494647        64.00
     236.000     0.985938      1497229        71.11
     241.000     0.987500      1499777        80.00
     245.000     0.989062      1501762        91.43
     250.000     0.990625      1504208       106.67
     255.000     0.992188      1506425       128.00
     258.000     0.992969      1507619       142.22
     262.000     0.993750      1508940       160.00
     266.000     0.994531      1510138       182.86
     271.000     0.995313      1511311       213.33
     277.000     0.996094      1512492       256.00
     281.000     0.996484      1513082       284.44
     285.000     0.996875      1513610       320.00
     290.000     0.997266      1514188       365.71
     296.000     0.997656      1514765       426.67
     303.000     0.998047      1515354       512.00
     307.000     0.998242      1515671       568.89
     311.000     0.998437      1515946       640.00
     316.000     0.998633      1516255       731.43
     321.000     0.998828      1516506       853.33
     327.000     0.999023      1516806      1024.00
     331.000     0.999121      1516969      1137.78
     335.000     0.999219      1517095      1280.00
     341.000     0.999316      1517263      1462.86
     347.000     0.999414      1517396      1706.67
     354.000     0.999512      1517540      2048.00
     360.000     0.999561      1517631      2275.56
     365.000     0.999609      1517691      2560.00
     371.000     0.999658      1517771      2925.71
     377.000     0.999707      1517845      3413.33
     384.000     0.999756      1517913      4096.00
     389.000     0.999780      1517954      4551.11
     394.000     0.999805      1517986      5120.00
     402.000     0.999829      1518033      5851.43
     407.000     0.999854      1518061      6826.67
     418.000     0.999878      1518100      8192.00
     422.000     0.999890      1518115      9102.22
     431.000     0.999902      1518133     10240.00
     440.000     0.999915      1518152     11702.86
     453.000     0.999927      1518171     13653.33
     463.000     0.999939      1518189     16384.00
     472.000     0.999945      1518198     18204.44
     490.000     0.999951      1518210     20480.00
     500.000     0.999957      1518217     23405.71
     513.000     0.999963      1518226     27306.67
     528.000     0.999969      1518235     32768.00
     554.000     0.999973      1518240     36408.89
     575.000     0.999976      1518244     40960.00
     615.000     0.999979      1518249     46811.43
     749.000     0.999982      1518254     54613.33
    1083.000     0.999985      1518258     65536.00
    1234.000     0.999986      1518261     72817.78
    1330.000     0.999988      1518263     81920.00
    1520.000     0.999989      1518265     93622.86
    1680.000     0.999991      1518268    109226.67
    1749.000     0.999992      1518270    131072.00
    1750.000     0.999993      1518271    145635.56
    1775.000     0.999994      1518272    163840.00
    1808.000     0.999995      1518273    187245.71
    1823.000     0.999995      1518275    218453.33
    1844.000     0.999996      1518276    262144.00
    1844.000     0.999997      1518276    291271.11
    1893.000     0.999997      1518277    327680.00
    1893.000     0.999997      1518277    374491.43
    1986.000     0.999998      1518278    436906.67
    2787.000     0.999998      1518279    524288.00
    2787.000     0.999998      1518279    582542.22
    2787.000     0.999998      1518279    655360.00
    2787.000     0.999999      1518279    748982.86
    2803.000     0.999999      1518280    873813.33
    2803.000     0.999999      1518280   1048576.00
    2803.000     0.999999      1518280   1165084.44
    2803.000     0.999999      1518280   1310720.00
    2803.000     0.999999      1518280   1497965.71
    4555.000     0.999999      1518281   1747626.67
    4555.000     1.000000      1518281          inf
#[Mean    =      119.487, StdDeviation   =       36.065]
#[Max     =     4555.000, Total count    =      1518281]
#[Buckets =            3, SubBuckets     =         2048]
