       Value   Percentile   TotalCount 1/(1-Percentile)

      63.000     0.000000            1         1.00
    1148.000     0.100000       843775         1.11
    2042.000     0.200000      1686826         1.25
    2969.000     0.300000      2529694         1.43
    3917.000     0.400000      3372147         1.67
    4883.000     0.500000      4217074         2.00
    5371.000     0.550000      4637200         2.22
    5879.000     0.600000      5061409         2.50
    6407.000     0.650000      5482362         2.86
    6971.000     0.700000      5901651         3.33
    7599.000     0.750000      6323147         4.00
    7947.000     0.775000      6535700         4.44
    8327.000     0.800000      6747514         5.00
    8735.000     0.825000      6955185         5.71
    9207.000     0.850000      7168702         6.67
    9743.000     0.875000      7377943         8.00
   10047.000     0.887500      7482462         8.89
   10391.000     0.900000      7589432        10.00
   10767.000     0.912500      7694272        11.43
   11199.000     0.925000      7799299        13.33
   11703.000     0.937500      7903718        16.00
   11991.000     0.943750      7956331        17.78
   12319.000     0.950000      8009784        20.00
   12679.000     0.956250      8061908        22.86
   13103.000     0.962500      8115017        26.67
   13599.000     0.968750      8167354        32.00
   13887.000     0.971875      8193692        35.56
   14207.000     0.975000      8220006        40.00
   14567.000     0.978125      8246261        45.71
   14975.000     0.981250      8272511        53.33
   15463.000     0.984375      8298647        64.00
   15743.000     0.985938      8311868        71.11
   16055.000     0.987500      8325115        80.00
   16415.000     0.989062      8338668        91.43
   16815.000     0.990625      8351789       106.67
   17279.000     0.992188      8364601       128.00
   17551.000     0.992969      8371210       142.22
   17855.000     0.993750      8377793       160.00
   18191.000     0.994531      8384349       182.86
   18575.000     0.995313      8390914       213.33
   19023.000     0.996094      8397484       256.00
   19295.000     0.996484      8400854       284.44
   19583.000     0.996875      8404026       320.00
   19935.000     0.997266      8407432       365.71
   20303.000     0.997656      8410593       426.67
   20735.000     0.998047      8413928       512.00
   20991.000     0.998242      8415635       568.89
   21263.000     0.998437      8417200       640.00
   21583.000     0.998633      8418890       731.43
   21967.000     0.998828      8420540       853.33
   22415.000     0.999023      8422168      1024.00
   22655.000     0.999121      8422944      1137.78
   22927.000     0.999219      8423771      1280.00
   23231.000     0.999316      8424593      1462.86
   23599.000     0.999414      8425422      1706.67
   24031.000     0.999512      8426253      2048.00
   24271.000     0.999561      8426653      2275.56
   24591.000     0.999609      8427074      2560.00
   24959.000     0.999658      8427474      2925.71
   25375.000     0.999707      8427885      3413.33
   25871.000     0.999756      8428296      4096.00
   26175.000     0.999780      8428504      4551.11
   26495.000     0.999805      8428709      5120.00
   26831.000     0.999829      8428913      5851.43
   27199.000     0.999854      8429122      6826.67
   27679.000     0.999878      8429322      8192.00
   28031.000     0.999890      8429429      9102.22
   28447.000     0.999902      8429530     10240.00
   28959.000     0.999915      8429632     11702.86
   29455.000     0.999927      8429735     13653.33
   30511.000     0.999939      8429837     16384.00
   30895.000     0.999945      8429888     18204.44
   31631.000     0.999951      8429942     20480.00
   32383.000     0.999957      8429992     23405.71
   33759.000     0.999963      8430044     27306.67
   35263.000     0.999969      8430094     32768.00
   36191.000     0.999973      8430121     36408.89
   36703.000     0.999976      8430147     40960.00
   37119.000     0.999979      8430172     46811.43
   37439.000     0.999982      8430199     54613.33
   37695.000     0.999985      8430224     65536.00
   37887.000     0.999986      8430236     72817.78
   38175.000     0.999988      8430249     81920.00
   38463.000     0.999989      8430261     93622.86
   38879.000     0.999991      8430275    109226.67
   39455.000     0.999992      8430287    131072.00
   39839.000     0.999993      8430294    145635.56
   40127.000     0.999994      8430302    163840.00
   40447.000     0.999995      8430306    187245.71
   40575.000     0.999995      8430313    218453.33
   40767.000     0.999996      8430319    262144.00
   40831.000     0.999997      8430323    291271.11
   40959.000     0.999997      8430326    327680.00
   41183.000     0.999997      8430329    374491.43
   41247.000     0.999998      8430335    436906.67
   41247.000     0.999998      8430335    524288.00
   41439.000     0.999998      8430337    582542.22
   41599.000     0.999998      8430340    655360.00
   41599.000     0.999999      8430340    748982.86
   41631.000     0.999999      8430342    873813.33
   41663.000     0.999999      8430343   1048576.00
   41759.000     0.999999      8430345   1165084.44
   41759.000     0.999999      8430345   1310720.00
   41791.000     0.999999      8430346   1497965.71
   41855.000     0.999999      8430347   1747626.67
   41855.000     1.000000      8430347   2097152.00
   41951.000     1.000000      8430348   2330168.89
   41951.000     1.000000      8430348   2621440.00
   41983.000     1.000000      8430349   2995931.43
   41983.000     1.000000      8430349   3495253.33
   41983.000     1.000000      8430349   4194304.00
   42015.000     1.000000      8430350   4660337.78
   42015.000     1.000000      8430350   5242880.00
   42015.000     1.000000      8430350   5991862.86
   42015.000     1.000000      8430350   6990506.67
   42015.000     1.000000      8430350   8388608.00
   42047.000     1.000000      8430351   9320675.55
   42047.000     1.000000      8430351          inf
#[Mean    =     5438.940, StdDeviation   =     3718.524]
#[Max     =    42047.000, Total count    =      8430351]
#[Buckets =            6, SubBuckets     =         2048]
