       Value   Percentile   TotalCount 1/(1-Percentile)

      75.000     0.000000            1         1.00
    1289.000     0.100000       653399         1.11
    2339.000     0.200000      1307337         1.25
    3495.000     0.300000      1960276         1.43
    4707.000     0.400000      2614662         1.67
    5959.000     0.500000      3266842         2.00
    6611.000     0.550000      3593121         2.22
    7287.000     0.600000      3920391         2.50
    7991.000     0.650000      4247345         2.86
    8735.000     0.700000      4573710         3.33
    9543.000     0.750000      4900673         4.00
    9983.000     0.775000      5065617         4.44
   10455.000     0.800000      5228157         5.00
   10967.000     0.825000      5389895         5.71
   11551.000     0.850000      5554203         6.67
   12215.000     0.875000      5718028         8.00
   12583.000     0.887500      5798907         8.89
   12999.000     0.900000      5880742        10.00
   13463.000     0.912500      5961911        11.43
   13999.000     0.925000      6043181        13.33
   14631.000     0.937500      6125175        16.00
   14991.000     0.943750      6165842        17.78
   15391.000     0.950000      6206603        20.00
   15847.000     0.956250      6247225        22.86
   16367.000     0.962500      6288077        26.67
   16991.000     0.968750      6329357        32.00
   17359.000     0.971875      6349843        35.56
   17759.000     0.975000      6369882        40.00
   18223.000     0.978125      6390188        45.71
   18767.000     0.981250      6410435        53.33
   19439.000     0.984375      6430916        64.00
   19855.000     0.985938      6441341        71.11
   20303.000     0.987500      6451322        80.00
   20831.000     0.989062      6461399        91.43
   21487.000     0.990625      6471634       106.67
   22335.000     0.992188      6481882       128.00
   22863.000     0.992969      6486954       142.22
   23519.000     0.993750      6492096       160.00
   24335.000     0.994531      6497203       182.86
   25391.000     0.995313      6502242       213.33
   26943.000     0.996094      6507363       256.00
   28079.000     0.996484      6509889       284.44
   29439.000     0.996875      6512426       320.00
   31263.000     0.997266      6514991       365.71
   33759.000     0.997656      6517530       426.67
   37247.000     0.998047      6520097       512.00
   39167.000     0.998242      6521358       568.89
   41375.000     0.998437      6522647       640.00
   43647.000     0.998633      6523911       731.43
   45855.000     0.998828      6525192       853.33
   48447.000     0.999023      6526462      1024.00
   50111.000     0.999121      6527101      1137.78
   52223.000     0.999219      6527738      1280.00
   54527.000     0.999316      6528375      1462.86
   57023.000     0.999414      6529017      1706.67
   60191.000     0.999512      6529658      2048.00
   62367.000     0.999561      6529970      2275.56
   64831.000     0.999609      6530288      2560.00
   68031.000     0.999658      6530615      2925.71
   72255.000     0.999707      6530930      3413.33
   75391.000     0.999756      6531247      4096.00
   77055.000     0.999780      6531404      4551.11
   80319.000     0.999805      6531569      5120.00
   83519.000     0.999829      6531732      5851.43
   85631.000     0.999854      6531889      6826.67
   87807.000     0.999878      6532043      8192.00
   89855.000     0.999890      6532124      9102.22
   92351.000     0.999902      6532204     10240.00
   94975.000     0.999915      6532282     11702.86
   99071.000     0.999927      6532361     13653.33
  103999.000     0.999939      6532443     16384.00
  105215.000     0.999945      6532481     18204.44
  108479.000     0.999951      6532521     20480.00
  109631.000     0.999957      6532561     23405.71
  111871.000     0.999963      6532600     27306.67
  114879.000     0.999969      6532642     32768.00
  117119.000     0.999973      6532660     36408.89
  121919.000     0.999976      6532680     40960.00
  127807.000     0.999979      6532700     46811.43
  129791.000     0.999982      6532721     54613.33
  131327.000     0.999985      6532740     65536.00
  131839.000     0.999986      6532755     72817.78
  132095.000     0.999988      6532762     81920.00
  132479.000     0.999989      6532771     93622.86
  133887.000     0.999991      6532780    109226.67
  134271.000     0.999992      6532795    131072.00
  134271.000     0.999993      6532795    145635.56
  134527.000     0.999994      6532800    163840.00
  135039.000     0.999995      6532807    187245.71
  135295.000     0.999995      6532813    218453.33
  135551.000     0.999996      6532817    262144.00
  135551.000     0.999997      6532817    291271.11
  136191.000     0.999997      6532821    327680.00
  136319.000     0.999997      6532824    374491.43
  136447.000     0.999998      6532825    436906.67
  137087.000     0.999998      6532828    524288.00
  137087.000     0.999998      6532828    582542.22
  138751.000     0.999998      6532830    655360.00
  139647.000     0.999999      6532832    748982.86
  139647.000     0.999999      6532832    873813.33
  139775.000     0.999999      6532833   1048576.00
  142719.000     0.999999      6532835   1165084.44
  142719.000     0.999999      6532835   1310720.00
  142719.000     0.999999      6532835   1497965.71
  143615.000     0.999999      6532836   1747626.67
  143615.000     1.000000      6532836   2097152.00
  144127.000     1.000000      6532837   2330168.89
  144127.000     1.000000      6532837   2621440.00
  144127.000     1.000000      6532837   2995931.43
  144895.000     1.000000      6532838   3495253.33
  144895.000     1.000000      6532838   4194304.00
  144895.000     1.000000      6532838   4660337.78
  144895.000     1.000000      6532838   5242880.00
  144895.000     1.000000      6532838   5991862.86
  147583.000     1.000000      6532839   6990506.67
  147583.000     1.000000      6532839          inf
#[Mean    =     6779.049, StdDeviation   =     5218.524]
#[Max     =   147583.000, Total count    =      6532839]
#[Buckets =            8, SubBuckets     =         2048]
