       Value   Percentile   TotalCount 1/(1-Percentile)

     120.000     0.000000            1         1.00
     685.000     0.100000       887619         1.11
     994.000     0.200000      1770160         1.25
    1358.000     0.300000      2655832         1.43
    1769.000     0.400000      3541954         1.67
    2165.000     0.500000      4426303         2.00
    2371.000     0.550000      4868501         2.22
    2605.000     0.600000      5311590         2.50
    2885.000     0.650000      5755362         2.86
    3221.000     0.700000      6196132         3.33
    3655.000     0.750000      6638913         4.00
    3925.000     0.775000      6859888         4.44
    4243.000     0.800000      7080825         5.00
    4631.000     0.825000      7303548         5.71
    5111.000     0.850000      7524182         6.67
    5755.000     0.875000      7744258         8.00
    6187.000     0.887500      7855532         8.89
    6723.000     0.900000      7965667        10.00
    7387.000     0.912500      8076546        11.43
    8215.000     0.925000      8187285        13.33
    9287.000     0.937500      8297974        16.00
    9959.000     0.943750      8352601        17.78
   10791.000     0.950000      8408107        20.00
   11839.000     0.956250      8463535        22.86
   13271.000     0.962500      8518746        26.67
   15391.000     0.968750      8573943        32.00
   16911.000     0.971875      8601652        35.56
   18783.000     0.975000      8629231        40.00
   21247.000     0.978125      8656822        45.71
   25023.000     0.981250      8684468        53.33
   31103.000     0.984375      8712147        64.00
   35743.000     0.985938      8726011        71.11
   41183.000     0.987500      8739799        80.00
   50015.000     0.989062      8753627        91.43
   62079.000     0.990625      8767465       106.67
   79679.000     0.992188      8781308       128.00
   89791.000     0.992969      8788195       142.22
  101439.000     0.993750      8795112       160.00
  117759.000     0.994531      8802026       182.86
  141439.000     0.995313      8808949       213.33
  173695.000     0.996094      8815863       256.00
  191871.000     0.996484      8819307       284.44
  208639.000     0.996875      8822773       320.00
  227199.000     0.997266      8826223       365.71
  252927.000     0.997656      8829683       426.67
  280319.000     0.998047      8833139       512.00
  297983.000     0.998242      8834876       568.89
  312063.000     0.998437      8836588       640.00
  326143.000     0.998633      8838330       731.43
  340735.000     0.998828      8840058       853.33
  363263.000     0.999023      8841798      1024.00
  375807.000     0.999121      8842651      1137.78
  398079.000     0.999219      8843504      1280.00
  424447.000     0.999316      8844365      1462.86
  448255.000     0.999414      8845232      1706.67
  494847.000     0.999512      8846092      2048.00
  561663.000     0.999561      8846528      2275.56
  591359.000     0.999609      8846959      2560.00
  609279.000     0.999658      8847419      2925.71
  629247.000     0.999707      8847821      3413.33
  657919.000     0.999756      8848256      4096.00
  668671.000     0.999780      8848473      4551.11
  706047.000     0.999805      8848688      5120.00
  729599.000     0.999829      8848901      5851.43
  765951.000     0.999854      8849118      6826.67
  824319.000     0.999878      8849333      8192.00
  879615.000     0.999890      8849446      9102.22
  974335.000     0.999902      8849555     10240.00
 1003007.000     0.999915      8849661     11702.86
 1309695.000     0.999927      8849766     13653.33
 1343487.000     0.999939      8849895     16384.00
 1349631.000     0.999945      8849929     18204.44
 1389567.000     0.999951      8849982     20480.00
 1463295.000     0.999957      8850035     23405.71
 1472511.000     0.999963      8850092     27306.67
 1490943.000     0.999969      8850149     32768.00
 1504255.000     0.999973      8850182     36408.89
 1508351.000     0.999976      8850198     40960.00
 1566719.000     0.999979      8850229     46811.43
 1570815.000     0.999982      8850254     54613.33
 1601535.000     0.999985      8850282     65536.00
 1602559.000     0.999986      8850299     72817.78
 1603583.000     0.999988      8850314     81920.00
 1604607.000     0.999989      8850323     93622.86
 1918975.000     0.999991      8850332    109226.67
 1923071.000     0.999992      8850350    131072.00
 1925119.000     0.999993      8850368    145635.56
 1925119.000     0.999994      8850368    163840.00
 1925119.000     0.999995      8850368    187245.71
 1948671.000     0.999995      8850375    218453.33
 1949695.000     0.999996      8850388    262144.00
 1949695.000     0.999997      8850388    291271.11
 1949695.000     0.999997      8850388    327680.00
 1950719.000     0.999997      8850395    374491.43
 1950719.000     0.999998      8850395    436906.67
 1951743.000     0.999998      8850408    524288.00
 1951743.000     0.999998      8850408    582542.22
 1951743.000     0.999998      8850408    655360.00
 1951743.000     0.999999      8850408    748982.86
 1951743.000     0.999999      8850408    873813.33
 1951743.000     0.999999      8850408   1048576.00
 1951743.000     0.999999      8850408   1165084.44
 1951743.000     0.999999      8850408   1310720.00
 1951743.000     0.999999      8850408   1497965.71
 1951743.000     0.999999      8850408   1747626.67
 1952767.000     1.000000      8850413   2097152.00
 1952767.000     1.000000      8850413          inf
#[Mean    =     5174.549, StdDeviation   =    26813.471]
#[Max     =  1952767.000, Total count    =      8850413]
#[Buckets =           11, SubBuckets     =         2048]
