       Value   Percentile   TotalCount 1/(1-Percentile)

     146.000     0.000000            1         1.00
    1360.000     0.100000       352802         1.11
    2435.000     0.200000       705966         1.25
    3493.000     0.300000      1058784         1.43
    5227.000     0.400000      1411395         1.67
    8983.000     0.500000      1763991         2.00
   14919.000     0.550000      1940165         2.22
   23375.000     0.600000      2116711         2.50
   27391.000     0.650000      2293067         2.86
   31839.000     0.700000      2469902         3.33
   34847.000     0.750000      2646433         4.00
   36575.000     0.775000      2734522         4.44
   38591.000     0.800000      2822230         5.00
   40959.000     0.825000      2910972         5.71
   43935.000     0.850000      2998420         6.67
   47295.000     0.875000      3086953         8.00
   49055.000     0.887500      3130685         8.89
   50975.000     0.900000      3175407        10.00
   53023.000     0.912500      3219176        11.43
   55359.000     0.925000      3263187        13.33
   58111.000     0.937500      3307219        16.00
   59807.000     0.943750      3329372        17.78
   61663.000     0.950000      3351174        20.00
   63807.000     0.956250      3373411        22.86
   66239.000     0.962500      3395553        26.67
   69247.000     0.968750      3417542        32.00
   71167.000     0.971875      3428317        35.56
   73727.000     0.975000      3439501        40.00
   76607.000     0.978125      3450443        45.71
   79999.000     0.981250      3461337        53.33
   84287.000     0.984375      3472446        64.00
   86847.000     0.985938      3477885        71.11
   89919.000     0.987500      3483403        80.00
   93311.000     0.989062      3488874        91.43
   97983.000     0.990625      3494449       106.67
  104063.000     0.992188      3499901       128.00
  108543.000     0.992969      3502653       142.22
  116223.000     0.993750      3505414       160.00
  126207.000     0.994531      3508175       182.86
  137471.000     0.995313      3510943       213.33
  151679.000     0.996094      3513679       256.00
  159999.000     0.996484      3515066       284.44
  169343.000     0.996875      3516445       320.00
  180351.000     0.997266      3517823       365.71
  192639.000     0.997656      3519195       426.67
  205823.000     0.998047      3520571       512.00
  211839.000     0.998242      3521256       568.89
  219263.000     0.998437      3521953       640.00
  227071.000     0.998633      3522634       731.43
  234751.000     0.998828      3523330       853.33
  243455.000     0.999023      3524012      1024.00
  249087.000     0.999121      3524356      1137.78
  256255.000     0.999219      3524706      1280.00
  261631.000     0.999316      3525044      1462.86
  267519.000     0.999414      3525395      1706.67
  276223.000     0.999512      3525734      2048.00
  284415.000     0.999561      3525913      2275.56
  289535.000     0.999609      3526089      2560.00
  294655.000     0.999658      3526254      2925.71
  300287.000     0.999707      3526422      3413.33
  312063.000     0.999756      3526596      4096.00
  321279.000     0.999780      3526680      4551.11
  325375.000     0.999805      3526769      5120.00
  330495.000     0.999829      3526856      5851.43
  344063.000     0.999854      3526939      6826.67
  359167.000     0.999878      3527025      8192.00
  370943.000     0.999890      3527068      9102.22
  378623.000     0.999902      3527114     10240.00
  387071.000     0.999915      3527155     11702.86
  400383.000     0.999927      3527198     13653.33
  418303.000     0.999939      3527240     16384.00
  424959.000     0.999945      3527263     18204.44
  429823.000     0.999951      3527283     20480.00
  432639.000     0.999957      3527307     23405.71
  435455.000     0.999963      3527326     27306.67
  439807.000     0.999969      3527348     32768.00
  462591.000     0.999973      3527359     36408.89
  486655.000     0.999976      3527369     40960.00
  508415.000     0.999979      3527381     46811.43
  529919.000     0.999982      3527392     54613.33
  552447.000     0.999985      3527402     65536.00
  557567.000     0.999986      3527407     72817.78
  562175.000     0.999988      3527412     81920.00
  565759.000     0.999989      3527418     93622.86
  572927.000     0.999991      3527423    109226.67
  580095.000     0.999992      3527431    131072.00
  580095.000     0.999993      3527431    145635.56
  581631.000     0.999994      3527434    163840.00
  583679.000     0.999995      3527437    187245.71
  585215.000     0.999995      3527440    218453.33
  586239.000     0.999996      3527442    262144.00
  587263.000     0.999997      3527443    291271.11
  741887.000     0.999997      3527445    327680.00
  742399.000     0.999997      3527446    374491.43
  745983.000     0.999998      3527447    436906.67
  834559.000     0.999998      3527449    524288.00
  834559.000     0.999998      3527449    582542.22
  836607.000     0.999998      3527450    655360.00
  837119.000     0.999999      3527451    748982.86
  837119.000     0.999999      3527451    873813.33
  845823.000     0.999999      3527452   1048576.00
  845823.000     0.999999      3527452   1165084.44
  846847.000     0.999999      3527453   1310720.00
  846847.000     0.999999      3527453   1497965.71
  846847.000     0.999999      3527453   1747626.67
  855039.000     1.000000      3527454   2097152.00
  855039.000     1.000000      3527454   2330168.89
  855039.000     1.000000      3527454   2621440.00
  855039.000     1.000000      3527454   2995931.43
  855039.000     1.000000      3527454   3495253.33
  872959.000     1.000000      3527455   4194304.00
  872959.000     1.000000      3527455          inf
#[Mean    =    21148.298, StdDeviation   =    25207.880]
#[Max     =   872959.000, Total count    =      3527455]
#[Buckets =           10, SubBuckets     =         2048]
