       Value   Percentile   TotalCount 1/(1-Percentile)

      67.000     0.000000            2         1.00
     335.000     0.100000       803491         1.11
     503.000     0.200000      1598229         1.25
     692.000     0.300000      2398600         1.43
     922.000     0.400000      3196624         1.67
    1231.000     0.500000      3995700         2.00
    1436.000     0.550000      4394360         2.22
    1698.000     0.600000      4794342         2.50
    2053.000     0.650000      5193431         2.86
    2575.000     0.700000      5592664         3.33
    3395.000     0.750000      5991678         4.00
    3925.000     0.775000      6191345         4.44
    4475.000     0.800000      6391404         5.00
    5015.000     0.825000      6591665         5.71
    5563.000     0.850000      6791504         6.67
    6159.000     0.875000      6990454         8.00
    6495.000     0.887500      7090707         8.89
    6863.000     0.900000      7190370        10.00
    7279.000     0.912500      7289965        11.43
    7763.000     0.925000      7389457        13.33
    8343.000     0.937500      7489458        16.00
    8687.000     0.943750      7539638        17.78
    9079.000     0.950000      7589494        20.00
    9535.000     0.956250      7639079        22.86
   10095.000     0.962500      7689444        26.67
   10783.000     0.968750      7738912        32.00
   11207.000     0.971875      7763914        35.56
   11703.000     0.975000      7788863        40.00
   12319.000     0.978125      7813857        45.71
   13103.000     0.981250      7838743        53.33
   14199.000     0.984375      7863741        64.00
   14935.000     0.985938      7876224        71.11
   15863.000     0.987500      7888617        80.00
   17071.000     0.989062      7901096        91.43
   18623.000     0.990625      7913559       106.67
   20559.000     0.992188      7926111       128.00
   21647.000     0.992969      7932362       142.22
   22783.000     0.993750      7938585       160.00
   23983.000     0.994531      7944777       182.86
   25279.000     0.995313      7951075       213.33
   26671.000     0.996094      7957282       256.00
   27455.000     0.996484      7960406       284.44
   28271.000     0.996875      7963498       320.00
   29215.000     0.997266      7966644       365.71
   30207.000     0.997656      7969757       426.67
   31343.000     0.998047      7972881       512.00
   31951.000     0.998242      7974418       568.89
   32623.000     0.998437      7976001       640.00
   33375.000     0.998633      7977584       731.43
   34143.000     0.998828      7979080       853.33
   35071.000     0.999023      7980657      1024.00
   35583.000     0.999121      7981445      1137.78
   36127.000     0.999219      7982201      1280.00
   36735.000     0.999316      7982984      1462.86
   37439.000     0.999414      7983761      1706.67
   38271.000     0.999512      7984562      2048.00
   38719.000     0.999561      7984939      2275.56
   39231.000     0.999609      7985337      2560.00
   39807.000     0.999658      7985712      2925.71
   40479.000     0.999707      7986104      3413.33
   41215.000     0.999756      7986494      4096.00
   41663.000     0.999780      7986693      4551.11
   42143.000     0.999805      7986881      5120.00
   42687.000     0.999829      7987088      5851.43
   43263.000     0.999854      7987274      6826.67
   44031.000     0.999878      7987471      8192.00
   44447.000     0.999890      7987568      9102.22
   44959.000     0.999902      7987664     10240.00
   45439.000     0.999915      7987760     11702.86
   46143.000     0.999927      7987858     13653.33
   46783.000     0.999939      7987956     16384.00
   47199.000     0.999945      7988004     18204.44
   47679.000     0.999951      7988053     20480.00
   48191.000     0.999957      7988102     23405.71
   48703.000     0.999963      7988150     27306.67
   49471.000     0.999969      7988198     32768.00
   49983.000     0.999973      7988223     36408.89
   50399.000     0.999976      7988246     40960.00
   50815.000     0.999979      7988271     46811.43
   51263.000     0.999982      7988296     54613.33
   51871.000     0.999985      7988320     65536.00
   52255.000     0.999986      7988334     72817.78
   52575.000     0.999988      7988345     81920.00
   52991.000     0.999989      7988358     93622.86
   53279.000     0.999991      7988368    109226.67
   53759.000     0.999992      7988381    131072.00
   53887.000     0.999993      7988387    145635.56
   53983.000     0.999994      7988393    163840.00
   54175.000     0.999995      7988400    187245.71
   54335.000     0.999995      7988405    218453.33
   54719.000     0.999996      7988411    262144.00
   54783.000     0.999997      7988414    291271.11
   55071.000     0.999997      7988417    327680.00
   55423.000     0.999997      7988422    374491.43
   55551.000     0.999998      7988423    436906.67
   55775.000     0.999998      7988426    524288.00
   56351.000     0.999998      7988428    582542.22
   56383.000     0.999998      7988429    655360.00
   56671.000     0.999999      7988431    748982.86
   56927.000     0.999999      7988432    873813.33
   57663.000     0.999999      7988434   1048576.00
   57695.000     0.999999      7988436   1165084.44
   57695.000     0.999999      7988436   1310720.00
   57695.000     0.999999      7988436   1497965.71
   57791.000     0.999999      7988437   1747626.67
   58175.000     1.000000      7988438   2097152.00
   58175.000     1.000000      7988438   2330168.89
   58175.000     1.000000      7988438   2621440.00
   58943.000     1.000000      7988439   2995931.43
   58943.000     1.000000      7988439   3495253.33
   59711.000     1.000000      7988440   4194304.00
   59711.000     1.000000      7988440   4660337.78
   59711.000     1.000000      7988440   5242880.00
   59711.000     1.000000      7988440   5991862.86
   59711.000     1.000000      7988440   6990506.67
   60927.000     1.000000      7988441   8388608.00
   60927.000     1.000000      7988441          inf
#[Mean    =     2684.072, StdDeviation   =     3728.314]
#[Max     =    60927.000, Total count    =      7988441]
#[Buckets =            6, SubBuckets     =         2048]
