       Value   Percentile   TotalCount 1/(1-Percentile)

      36.000     0.000000           12         1.00
      44.000     0.100000        93940         1.11
      45.000     0.200000       114926         1.25
      52.000     0.300000       288561         1.43
      52.000     0.400000       288561         1.67
      52.000     0.500000       288561         2.00
      53.000     0.550000       503423         2.22
      53.000     0.600000       503423         2.50
      53.000     0.650000       503423         2.86
      53.000     0.700000       503423         3.33
      53.000     0.750000       503423         4.00
      53.000     0.775000       503423         4.44
      53.000     0.800000       503423         5.00
      53.000     0.825000       503423         5.71
      53.000     0.850000       503423         6.67
      53.000     0.875000       503423         8.00
      53.000     0.887500       503423         8.89
      53.000     0.900000       503423        10.00
      53.000     0.912500       503423        11.43
      53.000     0.925000       503423        13.33
      53.000     0.937500       503423        16.00
      54.000     0.943750       531930        17.78
      54.000     0.950000       531930        20.00
      54.000     0.956250       531930        22.86
      54.000     0.962500       531930        26.67
      54.000     0.968750       531930        32.00
      54.000     0.971875       531930        35.56
      54.000     0.975000       531930        40.00
      54.000     0.978125       531930        45.71
      54.000     0.981250       531930        53.33
      54.000     0.984375       531930        64.00
      54.000     0.985938       531930        71.11
      54.000     0.987500       531930        80.00
      54.000     0.989062       531930        91.43
      54.000     0.990625       531930       106.67
      55.000     0.992188       534299       128.00
      55.000     0.992969       534299       142.22
      55.000     0.993750       534299       160.00
      55.000     0.994531       534299       182.86
      55.000     0.995313       534299       213.33
      56.000     0.996094       535262       256.00
      56.000     0.996484       535262       284.44
      56.000     0.996875       535262       320.00
      56.000     0.997266       535262       365.71
      57.000     0.997656       535879       426.67
      57.000     0.998047       535879       512.00
      57.000     0.998242       535879       568.89
      57.000     0.998437       535879       640.00
      57.000     0.998633       535879       731.43
      58.000     0.998828       536221       853.33
      58.000     0.999023       536221      1024.00
      58.000     0.999121       536221      1137.78
      58.000     0.999219       536221      1280.00
      58.000     0.999316       536221      1462.86
      59.000     0.999414       536420      1706.67
      59.000     0.999512       536420      2048.00
      59.000     0.999561       536420      2275.56
      59.000     0.999609       536420      2560.00
      59.000     0.999658       536420      2925.71
      59.000     0.999707       536420      3413.33
      60.000     0.999756       536521      4096.00
      60.000     0.999780       536521      4551.11
      60.000     0.999805       536521      5120.00
      60.000     0.999829       536521      5851.43
      60.000     0.999854       536521      6826.67
      60.000     0.999878       536521      8192.00
      60.000     0.999890       536521      9102.22
      60.000     0.999902       536521     10240.00
      61.000     0.999915       536536     11702.86
      61.000     0.999927       536536     13653.33
      62.000     0.999939       536538     16384.00
      63.000     0.999945       536542     18204.44
      64.000     0.999951       536545     20480.00
      66.000     0.999957       536548     23405.71
      67.000     0.999963       536552     27306.67
      68.000     0.999969       536553     32768.00
      73.000     0.999973       536555     36408.89
      74.000     0.999976       536557     40960.00
      75.000     0.999979       536558     46811.43
      82.000     0.999982       536560     54613.33
      86.000     0.999985       536561     65536.00
      92.000     0.999986       536562     72817.78
      95.000     0.999988       536563     81920.00
      96.000     0.999989       536564     93622.86
     103.000     0.999991       536565    109226.67
     103.000     0.999992       536565    131072.00
     117.000     0.999993       536566    145635.56
     117.000     0.999994       536566    163840.00
     121.000     0.999995       536567    187245.71
     121.000     0.999995       536567    218453.33
     121.000     0.999996       536567    262144.00
     130.000     0.999997       536568    291271.11
     130.000     0.999997       536568    327680.00
     130.000     0.999997       536568    374491.43
     130.000     0.999998       536568    436906.67
     130.000     0.999998       536568    524288.00
     489.000     0.999998       536569    582542.22
     489.000     1.000000       536569          inf
#[Mean    =       50.754, StdDeviation   =        3.784]
#[Max     =      489.000, Total count    =       536569]
#[Buckets =            1, SubBuckets     =         2048]
