       Value   Percentile   TotalCount 1/(1-Percentile)

     102.000     0.000000            1         1.00
     600.000     0.100000       845499         1.11
     862.000     0.200000      1689195         1.25
    1171.000     0.300000      2532080         1.43
    1535.000     0.400000      3374178         1.67
    1910.000     0.500000      4219010         2.00
    2097.000     0.550000      4640734         2.22
    2299.000     0.600000      5062916         2.50
    2543.000     0.650000      5482142         2.86
    2861.000     0.700000      5903668         3.33
    3265.000     0.750000      6325595         4.00
    3513.000     0.775000      6536982         4.44
    3803.000     0.800000      6746941         5.00
    4159.000     0.825000      6958567         5.71
    4623.000     0.850000      7169568         6.67
    5235.000     0.875000      7380307         8.00
    5611.000     0.887500      7484908         8.89
    6059.000     0.900000      7590853        10.00
    6591.000     0.912500      7696010        11.43
    7235.000     0.925000      7801329        13.33
    8055.000     0.937500      7906670        16.00
    8559.000     0.943750      7959328        17.78
    9159.000     0.950000      8012430        20.00
    9879.000     0.956250      8065125        22.86
   10799.000     0.962500      8117628        26.67
   12055.000     0.968750      8170288        32.00
   12879.000     0.971875      8196534        35.56
   13919.000     0.975000      8222820        40.00
   15319.000     0.978125      8249244        45.71
   17535.000     0.981250      8275632        53.33
   21775.000     0.984375      8301924        64.00
   25487.000     0.985938      8315079        71.11
   30591.000     0.987500      8328227        80.00
   36671.000     0.989062      8341418        91.43
   42815.000     0.990625      8354584       106.67
   51487.000     0.992188      8367784       128.00
   57119.000     0.992969      8374356       142.22
   63839.000     0.993750      8380941       160.00
   72831.000     0.994531      8387525       182.86
   84351.000     0.995313      8394115       213.33
   97727.000     0.996094      8400725       256.00
  106687.000     0.996484      8404011       284.44
  115775.000     0.996875      8407316       320.00
  127487.000     0.997266      8410586       365.71
  142335.000     0.997656      8413890       426.67
  167935.000     0.998047      8417182       512.00
  182655.000     0.998242      8418832       568.89
  196351.000     0.998437      8420494       640.00
  214911.000     0.998633      8422116       731.43
  236415.000     0.998828      8423773       853.33
  254847.000     0.999023      8425420      1024.00
  265727.000     0.999121      8426240      1137.78
  282111.000     0.999219      8427070      1280.00
  306943.000     0.999316      8427881      1462.86
  325631.000     0.999414      8428705      1706.67
  348415.000     0.999512      8429545      2048.00
  355071.000     0.999561      8429944      2275.56
  381951.000     0.999609      8430354      2560.00
  406271.000     0.999658      8430766      2925.71
  449279.000     0.999707      8431178      3413.33
  495615.000     0.999756      8431589      4096.00
  512767.000     0.999780      8431794      4551.11
  537087.000     0.999805      8431999      5120.00
  563199.000     0.999829      8432223      5851.43
  583167.000     0.999854      8432413      6826.67
  605695.000     0.999878      8432626      8192.00
  622079.000     0.999890      8432720      9102.22
  653311.000     0.999902      8432827     10240.00
  757247.000     0.999915      8432929     11702.86
  803839.000     0.999927      8433049     13653.33
  805375.000     0.999939      8433149     16384.00
  860671.000     0.999945      8433185     18204.44
  899071.000     0.999951      8433242     20480.00
  904703.000     0.999957      8433287     23405.71
  920063.000     0.999963      8433351     27306.67
  947199.000     0.999969      8433390     32768.00
  949247.000     0.999973      8433416     36408.89
  951807.000     0.999976      8433445     40960.00
  962559.000     0.999979      8433466     46811.43
  979967.000     0.999982      8433493     54613.33
 1064959.000     0.999985      8433518     65536.00
 1068031.000     0.999986      8433532     72817.78
 1146879.000     0.999988      8433545     81920.00
 1215487.000     0.999989      8433556     93622.86
 1217535.000     0.999991      8433581    109226.67
 1218559.000     0.999992      8433586    131072.00
 1224703.000     0.999993      8433590    145635.56
 2045951.000     0.999994      8433598    163840.00
 2046975.000     0.999995      8433607    187245.71
 2047999.000     0.999995      8433615    218453.33
 2047999.000     0.999996      8433615    262144.00
 2049023.000     0.999997      8433629    291271.11
 2049023.000     0.999997      8433629    327680.00
 2049023.000     0.999997      8433629    374491.43
 2049023.000     0.999998      8433629    436906.67
 2050047.000     0.999998      8433636    524288.00
 2050047.000     0.999998      8433636    582542.22
 2050047.000     0.999998      8433636    655360.00
 2050047.000     0.999999      8433636    748982.86
 2051071.000     0.999999      8433637    873813.33
 2059263.000     0.999999      8433638   1048576.00
 2060287.000     0.999999      8433639   1165084.44
 2066431.000     0.999999      8433640   1310720.00
 2068479.000     0.999999      8433641   1497965.71
 2072575.000     0.999999      8433644   1747626.67
 2072575.000     1.000000      8433644   2097152.00
 2072575.000     1.000000      8433644   2330168.89
 2072575.000     1.000000      8433644   2621440.00
 2072575.000     1.000000      8433644   2995931.43
 2072575.000     1.000000      8433644   3495253.33
 2072575.000     1.000000      8433644   4194304.00
 2074623.000     1.000000      8433646   4660337.78
 2074623.000     1.000000      8433646          inf
#[Mean    =     4001.710, StdDeviation   =    18174.370]
#[Max     =  2074623.000, Total count    =      8433646]
#[Buckets =           11, SubBuckets     =         2048]
