       Value   Percentile   TotalCount 1/(1-Percentile)

      63.000     0.000000            2         1.00
      90.000     0.100000       166653         1.11
      95.000     0.200000       328730         1.25
      99.000     0.300000       491770         1.43
     103.000     0.400000       652044         1.67
     108.000     0.500000       819894         2.00
     111.000     0.550000       904458         2.22
     114.000     0.600000       980241         2.50
     117.000     0.650000      1060580         2.86
     119.000     0.700000      1119958         3.33
     122.000     0.750000      1205329         4.00
     124.000     0.775000      1251344         4.44
     126.000     0.800000      1290025         5.00
     128.000     0.825000      1322073         5.71
     131.000     0.850000      1360265         6.67
     135.000     0.875000      1401614         8.00
     137.000     0.887500      1420867         8.89
     139.000     0.900000      1438210        10.00
     142.000     0.912500      1459069        11.43
     146.000     0.925000      1480390        13.33
     151.000     0.937500      1499671        16.00
     154.000     0.943750      1509259        17.78
     158.000     0.950000      1520566        20.00
     162.000     0.956250      1529904        22.86
     167.000     0.962500      1538676        26.67
     175.000     0.968750      1548630        32.00
     180.000     0.971875      1553058        35.56
     188.000     0.975000      1558341        40.00
     198.000     0.978125      1563393        45.71
     207.000     0.981250      1568673        53.33
     213.000     0.984375      1573840        64.00
     215.000     0.985938      1575987        71.11
     217.000     0.987500      1578228        80.00
     220.000     0.989062      1581285        91.43
     222.000     0.990625      1583268       106.67
     225.000     0.992188      1585797       128.00
     227.000     0.992969      1587312       142.22
     228.000     0.993750      1588026       160.00
     230.000     0.994531      1589275       182.86
     233.000     0.995313      1590790       213.33
     235.000     0.996094      1591775       256.00
     237.000     0.996484      1592613       284.44
     238.000     0.996875      1593011       320.00
     240.000     0.997266      1593786       365.71
     242.000     0.997656      1594469       426.67
     244.000     0.998047      1595036       512.00
     245.000     0.998242      1595254       568.89
     246.000     0.998437      1595478       640.00
     248.000     0.998633      1595818       731.43
     250.000     0.998828      1596080       853.33
     253.000     0.999023      1596403      1024.00
     255.000     0.999121      1596541      1137.78
     259.000     0.999219      1596715      1280.00
     264.000     0.999316      1596857      1462.86
     270.000     0.999414      1597000      1706.67
     278.000     0.999512      1597166      2048.00
     282.000     0.999561      1597248      2275.56
     286.000     0.999609      1597335      2560.00
     290.000     0.999658      1597402      2925.71
     293.000     0.999707      1597468      3413.33
     299.000     0.999756      1597555      4096.00
     303.000     0.999780      1597590      4551.11
     306.000     0.999805      1597627      5120.00
     310.000     0.999829      1597664      5851.43
     316.000     0.999854      1597710      6826.67
     324.000     0.999878      1597744      8192.00
     328.000     0.999890      1597763      9102.22
     334.000     0.999902      1597781     10240.00
     341.000     0.999915      1597802     11702.86
     350.000     0.999927      1597821     13653.33
     360.000     0.999939      1597840     16384.00
     364.000     0.999945      1597850     18204.44
     374.000     0.999951      1597862     20480.00
     382.000     0.999957      1597869     23405.71
     401.000     0.999963      1597880     27306.67
     432.000     0.999969      1597888     32768.00
     483.000     0.999973      1597893     36408.89
     551.000     0.999976      1597897     40960.00
     609.000     0.999979      1597902     46811.43
     839.000     0.999982      1597907     54613.33
    1115.000     0.999985      1597912     65536.00
    1204.000     0.999986      1597915     72817.78
    1240.000     0.999988      1597917     81920.00
    1329.000     0.999989      1597919     93622.86
    1534.000     0.999991      1597922    109226.67
    1565.000     0.999992      1597924    131072.00
    1803.000     0.999993      1597926    145635.56
    1816.000     0.999994      1597927    163840.00
    1929.000     0.999995      1597928    187245.71
    1980.000     0.999995      1597929    218453.33
    1984.000     0.999996      1597930    262144.00
    1988.000     0.999997      1597931    291271.11
    2023.000     0.999997      1597932    327680.00
    2023.000     0.999997      1597932    374491.43
    2036.000     0.999998      1597933    436906.67
    2036.000     0.999998      1597933    524288.00
    2131.000     0.999998      1597934    582542.22
    2131.000     0.999998      1597934    655360.00
    2131.000     0.999999      1597934    748982.86
    2145.000     0.999999      1597935    873813.33
    2145.000     0.999999      1597935   1048576.00
    2145.000     0.999999      1597935   1165084.44
    2145.000     0.999999      1597935   1310720.00
    2145.000     0.999999      1597935   1497965.71
    2743.000     0.999999      1597936   1747626.67
    2743.000     1.000000      1597936          inf
#[Mean    =      113.474, StdDeviation   =       26.145]
#[Max     =     2743.000, Total count    =      1597936]
#[Buckets =            2, SubBuckets     =         2048]
