       Value   Percentile   TotalCount 1/(1-Percentile)

     107.000     0.000000            1         1.00
     151.000     0.100000        12909         1.11
     187.000     0.200000        26862         1.25
     197.000     0.300000        40542         1.43
     213.000     0.400000        51793         1.67
     218.000     0.500000        64879         2.00
     228.000     0.550000        71127         2.22
     241.000     0.600000        77713         2.50
     247.000     0.650000        84130         2.86
     251.000     0.700000        91008         3.33
     262.000     0.750000        97082         4.00
     266.000     0.775000       103894         4.44
     266.000     0.800000       103894         5.00
     267.000     0.825000       109685         5.71
     268.000     0.850000       114947         6.67
     268.000     0.875000       114947         8.00
     268.000     0.887500       114947         8.89
     269.000     0.900000       117987        10.00
     269.000     0.912500       117987        11.43
     270.000     0.925000       119723        13.33
     272.000     0.937500       121594        16.00
     273.000     0.943750       122327        17.78
     274.000     0.950000       123128        20.00
     275.000     0.956250       123898        22.86
     276.000     0.962500       124587        26.67
     277.000     0.968750       125118        32.00
     278.000     0.971875       125628        35.56
     279.000     0.975000       126002        40.00
     280.000     0.978125       126350        45.71
     281.000     0.981250       126717        53.33
     282.000     0.984375       127080        64.00
     283.000     0.985938       127383        71.11
     284.000     0.987500       127640        80.00
     285.000     0.989062       127832        91.43
     286.000     0.990625       127964       106.67
     287.000     0.992188       128080       128.00
     288.000     0.992969       128183       142.22
     290.000     0.993750       128365       160.00
     291.000     0.994531       128435       182.86
     292.000     0.995313       128496       213.33
     295.000     0.996094       128618       256.00
     296.000     0.996484       128645       284.44
     298.000     0.996875       128705       320.00
     300.000     0.997266       128747       365.71
     302.000     0.997656       128786       426.67
     305.000     0.998047       128848       512.00
     306.000     0.998242       128863       568.89
     308.000     0.998437       128895       640.00
     310.000     0.998633       128914       731.43
     312.000     0.998828       128934       853.33
     315.000     0.999023       128961      1024.00
     318.000     0.999121       128977      1137.78
     319.000     0.999219       128985      1280.00
     322.000     0.999316       129001      1462.86
     325.000     0.999414       129010      1706.67
     332.000     0.999512       129022      2048.00
     336.000     0.999561       129030      2275.56
     340.000     0.999609       129035      2560.00
     347.000     0.999658       129043      2925.71
     357.000     0.999707       129048      3413.33
     373.000     0.999756       129054      4096.00
     393.000     0.999780       129057      4551.11
     438.000     0.999805       129060      5120.00
     582.000     0.999829       129063      5851.43
    2437.000     0.999854       129067      6826.67
    4587.000     0.999878       129070      8192.00
    4695.000     0.999890       129071      9102.22
    4835.000     0.999902       129073     10240.00
    4855.000     0.999915       129074     11702.86
    4947.000     0.999927       129076     13653.33
    5051.000     0.999939       129078     16384.00
    5051.000     0.999945       129078     18204.44
    5283.000     0.999951       129079     20480.00
    5623.000     0.999957       129080     23405.71
    7595.000     0.999963       129081     27306.67
   18143.000     0.999969       129082     32768.00
   18143.000     0.999973       129082     36408.89
   18143.000     0.999976       129082     40960.00
   18191.000     0.999979       129083     46811.43
   18191.000     0.999982       129083     54613.33
   18527.000     0.999985       129084     65536.00
   18527.000     0.999986       129084     72817.78
   18527.000     0.999988       129084     81920.00
   18527.000     0.999989       129084     93622.86
   18527.000     0.999991       129084    109226.67
   22847.000     0.999992       129085    131072.00
   22847.000     1.000000       129085          inf
#[Mean    =      221.067, StdDeviation   =      126.815]
#[Max     =    22847.000, Total count    =       129085]
#[Buckets =            5, SubBuckets     =         2048]
