       Value   Percentile   TotalCount 1/(1-Percentile)

      49.000     0.000000            3         1.00
      59.000     0.100000        28967         1.11
      64.000     0.200000        68407         1.25
      83.000     0.300000        95654         1.43
      90.000     0.400000       114067         1.67
     104.000     0.500000       152194         2.00
     105.000     0.550000       168316         2.22
     106.000     0.600000       171795         2.50
     112.000     0.650000       184175         2.86
     126.000     0.700000       199397         3.33
     130.000     0.750000       219478         4.00
     130.000     0.775000       219478         4.44
     131.000     0.800000       243356         5.00
     131.000     0.825000       243356         5.71
     131.000     0.850000       243356         6.67
     132.000     0.875000       259734         8.00
     132.000     0.887500       259734         8.89
     132.000     0.900000       259734        10.00
     132.000     0.912500       259734        11.43
     133.000     0.925000       264282        13.33
     134.000     0.937500       266297        16.00
     135.000     0.943750       268083        17.78
     136.000     0.950000       269966        20.00
     137.000     0.956250       271651        22.86
     138.000     0.962500       273310        26.67
     139.000     0.968750       274594        32.00
     139.000     0.971875       274594        35.56
     140.000     0.975000       275543        40.00
     141.000     0.978125       276299        45.71
     143.000     0.981250       277593        53.33
     144.000     0.984375       278202        64.00
     145.000     0.985938       278639        71.11
     147.000     0.987500       279070        80.00
     149.000     0.989062       279436        91.43
     151.000     0.990625       279796       106.67
     157.000     0.992188       280255       128.00
     162.000     0.992969       280480       142.22
     168.000     0.993750       280702       160.00
     170.000     0.994531       280887       182.86
     174.000     0.995313       281186       213.33
     176.000     0.996094       281453       256.00
     176.000     0.996484       281453       284.44
     178.000     0.996875       281595       320.00
     181.000     0.997266       281685       365.71
     183.000     0.997656       281777       426.67
     187.000     0.998047       281893       512.00
     191.000     0.998242       281934       568.89
     199.000     0.998437       281992       640.00
     203.000     0.998633       282049       731.43
     207.000     0.998828       282101       853.33
     210.000     0.999023       282153      1024.00
     213.000     0.999121       282185      1137.78
     216.000     0.999219       282210      1280.00
     221.000     0.999316       282234      1462.86
     229.000     0.999414       282262      1706.67
     231.000     0.999512       282289      2048.00
     232.000     0.999561       282305      2275.56
     234.000     0.999609       282316      2560.00
     238.000     0.999658       282334      2925.71
     241.000     0.999707       282345      3413.33
     246.000     0.999756       282358      4096.00
     250.000     0.999780       282364      4551.11
     252.000     0.999805       282372      5120.00
     257.000     0.999829       282382      5851.43
     258.000     0.999854       282385      6826.67
     265.000     0.999878       282392      8192.00
     270.000     0.999890       282395      9102.22
     274.000     0.999902       282399     10240.00
     280.000     0.999915       282402     11702.86
     283.000     0.999927       282409     13653.33
     283.000     0.999939       282409     16384.00
     285.000     0.999945       282411     18204.44
     286.000     0.999951       282413     20480.00
     287.000     0.999957       282415     23405.71
     289.000     0.999963       282416     27306.67
     302.000     0.999969       282418     32768.00
     306.000     0.999973       282420     36408.89
     306.000     0.999976       282420     40960.00
     306.000     0.999979       282420     46811.43
     317.000     0.999982       282421     54613.33
     321.000     0.999985       282422     65536.00
     323.000     0.999986       282423     72817.78
     323.000     0.999988       282423     81920.00
     323.000     0.999989       282423     93622.86
     342.000     0.999991       282424    109226.67
     342.000     0.999992       282424    131072.00
     374.000     0.999993       282425    145635.56
     374.000     0.999994       282425    163840.00
     374.000     0.999995       282425    187245.71
     374.000     0.999995       282425    218453.33
     374.000     0.999996       282425    262144.00
     514.000     0.999997       282426    291271.11
     514.000     1.000000       282426          inf
#[Mean    =       99.448, StdDeviation   =       29.039]
#[Max     =      514.000, Total count    =       282426]
#[Buckets =            1, SubBuckets     =         2048]
