       Value   Percentile   TotalCount 1/(1-Percentile)

      46.000     0.000000            2         1.00
      56.000     0.100000        46713         1.11
      61.000     0.200000       101044         1.25
      62.000     0.300000       181661         1.43
      62.000     0.400000       181661         1.67
      63.000     0.500000       255163         2.00
      63.000     0.550000       255163         2.22
      64.000     0.600000       290897         2.50
      64.000     0.650000       290897         2.86
      65.000     0.700000       312483         3.33
      66.000     0.750000       325291         4.00
      67.000     0.775000       332101         4.44
      71.000     0.800000       343298         5.00
      73.000     0.825000       360498         5.71
      74.000     0.850000       370691         6.67
      75.000     0.875000       378401         8.00
      76.000     0.887500       384684         8.89
      77.000     0.900000       390678        10.00
      77.000     0.912500       390678        11.43
      78.000     0.925000       396441        13.33
      79.000     0.937500       401487        16.00
      80.000     0.943750       405722        17.78
      81.000     0.950000       409196        20.00
      82.000     0.956250       413196        22.86
      82.000     0.962500       413196        26.67
      83.000     0.968750       417046        32.00
      83.000     0.971875       417046        35.56
      84.000     0.975000       420221        40.00
      84.000     0.978125       420221        45.71
      84.000     0.981250       420221        53.33
      85.000     0.984375       422256        64.00
      85.000     0.985938       422256        71.11
      86.000     0.987500       423417        80.00
      86.000     0.989062       423417        91.43
      87.000     0.990625       424039       106.67
      89.000     0.992188       425083       128.00
      89.000     0.992969       425083       142.22
      90.000     0.993750       425592       160.00
      91.000     0.994531       426122       182.86
      91.000     0.995313       426122       213.33
      92.000     0.996094       426525       256.00
      92.000     0.996484       426525       284.44
      93.000     0.996875       426821       320.00
      93.000     0.997266       426821       365.71
      94.000     0.997656       427038       426.67
      95.000     0.998047       427206       512.00
      95.000     0.998242       427206       568.89
      96.000     0.998437       427327       640.00
      97.000     0.998633       427450       731.43
      97.000     0.998828       427450       853.33
      98.000     0.999023       427554      1024.00
      99.000     0.999121       427622      1137.78
      99.000     0.999219       427622      1280.00
     100.000     0.999316       427687      1462.86
     101.000     0.999414       427733      1706.67
     102.000     0.999512       427768      2048.00
     102.000     0.999561       427768      2275.56
     103.000     0.999609       427790      2560.00
     104.000     0.999658       427813      2925.71
     105.000     0.999707       427830      3413.33
     106.000     0.999756       427853      4096.00
     107.000     0.999780       427868      4551.11
     107.000     0.999805       427868      5120.00
     108.000     0.999829       427880      5851.43
     109.000     0.999854       427896      6826.67
     110.000     0.999878       427904      8192.00
     110.000     0.999890       427904      9102.22
     111.000     0.999902       427913     10240.00
     112.000     0.999915       427919     11702.86
     113.000     0.999927       427925     13653.33
     113.000     0.999939       427925     16384.00
     114.000     0.999945       427931     18204.44
     114.000     0.999951       427931     20480.00
     115.000     0.999957       427933     23405.71
     116.000     0.999963       427936     27306.67
     118.000     0.999969       427941     32768.00
     118.000     0.999973       427941     36408.89
     118.000     0.999976       427941     40960.00
     120.000     0.999979       427945     46811.43
     120.000     0.999982       427945     54613.33
     120.000     0.999985       427945     65536.00
     122.000     0.999986       427946     72817.78
     122.000     0.999988       427946     81920.00
     123.000     0.999989       427947     93622.86
     125.000     0.999991       427948    109226.67
     125.000     0.999992       427948    131072.00
     133.000     0.999993       427949    145635.56
     133.000     0.999994       427949    163840.00
     133.000     0.999995       427949    187245.71
     141.000     0.999995       427950    218453.33
     141.000     0.999996       427950    262144.00
     141.000     0.999997       427950    291271.11
     141.000     0.999997       427950    327680.00
     141.000     0.999997       427950    374491.43
     574.000     0.999998       427951    436906.67
     574.000     1.000000       427951          inf
#[Mean    =       64.848, StdDeviation   =        7.712]
#[Max     =      574.000, Total count    =       427951]
#[Buckets =            1, SubBuckets     =         2048]
