       Value   Percentile   TotalCount 1/(1-Percentile)

     102.000     0.000000            1         1.00
     125.000     0.100000        15879         1.11
     129.000     0.200000        31998         1.25
     158.000     0.300000        44359         1.43
     188.000     0.400000        59889         1.67
     199.000     0.500000        74878         2.00
     205.000     0.550000        82961         2.22
     209.000     0.600000        89347         2.50
     219.000     0.650000        95950         2.86
     233.000     0.700000       103297         3.33
     239.000     0.750000       112529         4.00
     240.000     0.775000       116395         4.44
     241.000     0.800000       120731         5.00
     242.000     0.825000       123615         5.71
     244.000     0.850000       126311         6.67
     247.000     0.875000       131355         8.00
     247.000     0.887500       131355         8.89
     248.000     0.900000       135071        10.00
     248.000     0.912500       135071        11.43
     249.000     0.925000       137930        13.33
     250.000     0.937500       139511        16.00
     250.000     0.943750       139511        17.78
     251.000     0.950000       140629        20.00
     252.000     0.956250       141516        22.86
     253.000     0.962500       142255        26.67
     255.000     0.968750       143506        32.00
     255.000     0.971875       143506        35.56
     256.000     0.975000       144064        40.00
     257.000     0.978125       144576        45.71
     258.000     0.981250       144975        53.33
     259.000     0.984375       145289        64.00
     260.000     0.985938       145576        71.11
     261.000     0.987500       145842        80.00
     262.000     0.989062       146058        91.43
     263.000     0.990625       146247       106.67
     264.000     0.992188       146414       128.00
     265.000     0.992969       146561       142.22
     266.000     0.993750       146652       160.00
     267.000     0.994531       146748       182.86
     269.000     0.995313       146876       213.33
     271.000     0.996094       146984       256.00
     272.000     0.996484       147034       284.44
     274.000     0.996875       147103       320.00
     276.000     0.997266       147146       365.71
     280.000     0.997656       147203       426.67
     296.000     0.998047       147256       512.00
     369.000     0.998242       147285       568.89
     411.000     0.998437       147314       640.00
    1196.000     0.998633       147343       731.43
    1244.000     0.998828       147372       853.33
    1284.000     0.999023       147400      1024.00
    1307.000     0.999121       147416      1137.78
    1326.000     0.999219       147430      1280.00
    1348.000     0.999316       147444      1462.86
    1383.000     0.999414       147458      1706.67
    1435.000     0.999512       147472      2048.00
    1474.000     0.999561       147480      2275.56
    1490.000     0.999609       147487      2560.00
    1516.000     0.999658       147494      2925.71
    1557.000     0.999707       147501      3413.33
    1583.000     0.999756       147508      4096.00
    1600.000     0.999780       147512      4551.11
    1640.000     0.999805       147516      5120.00
    1660.000     0.999829       147519      5851.43
    1840.000     0.999854       147523      6826.67
    2017.000     0.999878       147526      8192.00
    2105.000     0.999890       147528      9102.22
    2219.000     0.999902       147530     10240.00
    2341.000     0.999915       147532     11702.86
    2403.000     0.999927       147534     13653.33
    2567.000     0.999939       147535     16384.00
    2767.000     0.999945       147536     18204.44
    2949.000     0.999951       147537     20480.00
    3401.000     0.999957       147538     23405.71
   20911.000     0.999963       147539     27306.67
   50239.000     0.999969       147540     32768.00
   50239.000     0.999973       147540     36408.89
   50399.000     0.999976       147541     40960.00
   50399.000     0.999979       147541     46811.43
   50527.000     0.999982       147542     54613.33
   50527.000     0.999985       147542     65536.00
   50527.000     0.999986       147542     72817.78
   52735.000     0.999988       147543     81920.00
   52735.000     0.999989       147543     93622.86
   52735.000     0.999991       147543    109226.67
   52735.000     0.999992       147543    131072.00
   52735.000     0.999993       147543    145635.56
   53087.000     0.999994       147544    163840.00
   53087.000     1.000000       147544          inf
#[Mean    =      194.136, StdDeviation   =      310.646]
#[Max     =    53087.000, Total count    =       147544]
#[Buckets =            6, SubBuckets     =         2048]
