       Value   Percentile   TotalCount 1/(1-Percentile)

      92.000     0.000000            1         1.00
     463.000     0.100000       781190         1.11
     629.000     0.200000      1562525         1.25
     811.000     0.300000      2340434         1.43
    1047.000     0.400000      3120841         1.67
    1421.000     0.500000      3899203         2.00
    1691.000     0.550000      4288516         2.22
    2027.000     0.600000      4677650         2.50
    2461.000     0.650000      5067990         2.86
    2997.000     0.700000      5456962         3.33
    3713.000     0.750000      5847602         4.00
    4171.000     0.775000      6042757         4.44
    4699.000     0.800000      6236707         5.00
    5283.000     0.825000      6432468         5.71
    5911.000     0.850000      6626741         6.67
    6619.000     0.875000      6821936         8.00
    7035.000     0.887500      6918872         8.89
    7539.000     0.900000      7016314        10.00
    8175.000     0.912500      7113782        11.43
    9031.000     0.925000      7211698        13.33
   10167.000     0.937500      7308966        16.00
   10879.000     0.943750      7357223        17.78
   11743.000     0.950000      7406129        20.00
   12847.000     0.956250      7454712        22.86
   14439.000     0.962500      7503423        26.67
   17247.000     0.968750      7552117        32.00
   19535.000     0.971875      7576437        35.56
   22719.000     0.975000      7600740        40.00
   27455.000     0.978125      7625118        45.71
   34175.000     0.981250      7649494        53.33
   42047.000     0.984375      7673813        64.00
   48191.000     0.985938      7686016        71.11
   56351.000     0.987500      7698198        80.00
   65151.000     0.989062      7710369        91.43
   80447.000     0.990625      7722566       106.67
  101119.000     0.992188      7734710       128.00
  115455.000     0.992969      7740801       142.22
  133887.000     0.993750      7746910       160.00
  155135.000     0.994531      7752997       182.86
  177023.000     0.995313      7759071       213.33
  201983.000     0.996094      7765187       256.00
  213119.000     0.996484      7768216       284.44
  227711.000     0.996875      7771272       320.00
  249343.000     0.997266      7774309       365.71
  274943.000     0.997656      7777354       426.67
  298751.000     0.998047      7780403       512.00
  308735.000     0.998242      7781937       568.89
  324607.000     0.998437      7783468       640.00
  340735.000     0.998633      7784966       731.43
  364287.000     0.998828      7786484       853.33
  399103.000     0.999023      7788002      1024.00
  424191.000     0.999121      7788770      1137.78
  438271.000     0.999219      7789525      1280.00
  455423.000     0.999316      7790293      1462.86
  492287.000     0.999414      7791046      1706.67
  509183.000     0.999512      7791820      2048.00
  518399.000     0.999561      7792187      2275.56
  540671.000     0.999609      7792570      2560.00
  566783.000     0.999658      7792950      2925.71
  615935.000     0.999707      7793345      3413.33
  673279.000     0.999756      7793720      4096.00
  705535.000     0.999780      7793901      4551.11
  749055.000     0.999805      7794097      5120.00
  791039.000     0.999829      7794284      5851.43
  812543.000     0.999854      7794478      6826.67
 1000447.000     0.999878      7794669      8192.00
 1008127.000     0.999890      7794772      9102.22
 1011711.000     0.999902      7794855     10240.00
 1020415.000     0.999915      7794951     11702.86
 1043455.000     0.999927      7795042     13653.33
 1071103.000     0.999939      7795139     16384.00
 1090559.000     0.999945      7795185     18204.44
 1164287.000     0.999951      7795235     20480.00
 1274879.000     0.999957      7795279     23405.71
 1303551.000     0.999963      7795328     27306.67
 1412095.000     0.999969      7795375     32768.00
 1445887.000     0.999973      7795399     36408.89
 1466367.000     0.999976      7795423     40960.00
 1697791.000     0.999979      7795446     46811.43
 1716223.000     0.999982      7795471     54613.33
 1734655.000     0.999985      7795501     65536.00
 1735679.000     0.999986      7795505     72817.78
 1762303.000     0.999988      7795525     81920.00
 1763327.000     0.999989      7795532     93622.86
 1765375.000     0.999991      7795548    109226.67
 1766399.000     0.999992      7795568    131072.00
 1766399.000     0.999993      7795568    145635.56
 1766399.000     0.999994      7795568    163840.00
 1767423.000     0.999995      7795584    187245.71
 1767423.000     0.999995      7795584    218453.33
 1767423.000     0.999996      7795584    262144.00
 1768447.000     0.999997      7795592    291271.11
 1768447.000     0.999997      7795592    327680.00
 1768447.000     0.999997      7795592    374491.43
 1770495.000     0.999998      7795596    436906.67
 1771519.000     0.999998      7795601    524288.00
 1771519.000     0.999998      7795601    582542.22
 1771519.000     0.999998      7795601    655360.00
 1778687.000     0.999999      7795604    748982.86
 1778687.000     0.999999      7795604    873813.33
 1779711.000     0.999999      7795607   1048576.00
 1779711.000     0.999999      7795607   1165084.44
 1779711.000     0.999999      7795607   1310720.00
 1779711.000     0.999999      7795607   1497965.71
 1780735.000     0.999999      7795611   1747626.67
 1780735.000     1.000000      7795611   2097152.00
 1780735.000     1.000000      7795611   2330168.89
 1780735.000     1.000000      7795611   2621440.00
 1780735.000     1.000000      7795611   2995931.43
 1780735.000     1.000000      7795611   3495253.33
 1780735.000     1.000000      7795611   4194304.00
 1780735.000     1.000000      7795611   4660337.78
 1780735.000     1.000000      7795611   5242880.00
 1780735.000     1.000000      7795611   5991862.86
 1780735.000     1.000000      7795611   6990506.67
 1786879.000     1.000000      7795612   8388608.00
 1786879.000     1.000000      7795612          inf
#[Mean    =     5381.108, StdDeviation   =    28200.309]
#[Max     =  1786879.000, Total count    =      7795612]
#[Buckets =           11, SubBuckets     =         2048]
