       Value   Percentile   TotalCount 1/(1-Percentile)

    5787.000     0.000000            1         1.00
   10991.000     0.100000        81385         1.11
   11207.000     0.200000       162955         1.25
   11383.000     0.300000       246288         1.43
   11543.000     0.400000       327896         1.67
   11711.000     0.500000       407830         2.00
   11815.000     0.550000       449895         2.22
   11935.000     0.600000       488803         2.50
   12095.000     0.650000       528910         2.86
   12319.000     0.700000       569051         3.33
   12695.000     0.750000       610008         4.00
   12959.000     0.775000       629923         4.44
   13263.000     0.800000       650644         5.00
   13575.000     0.825000       670760         5.71
   13887.000     0.850000       691237         6.67
   14199.000     0.875000       711490         8.00
   14351.000     0.887500       721603         8.89
   14495.000     0.900000       731844        10.00
   14647.000     0.912500       742144        11.43
   14807.000     0.925000       752214        13.33
   14967.000     0.937500       762229        16.00
   15055.000     0.943750       767451        17.78
   15143.000     0.950000       772451        20.00
   15239.000     0.956250       777396        22.86
   15359.000     0.962500       782442        26.67
   15503.000     0.968750       787504        32.00
   15591.000     0.971875       789976        35.56
   15703.000     0.975000       792570        40.00
   15847.000     0.978125       795032        45.71
   16071.000     0.981250       797623        53.33
   16343.000     0.984375       800086        64.00
   16543.000     0.985938       801403        71.11
   16799.000     0.987500       802653        80.00
   17007.000     0.989062       803955        91.43
   17231.000     0.990625       805157       106.67
   17519.000     0.992188       806471       128.00
   17695.000     0.992969       807055       142.22
   17983.000     0.993750       807684       160.00
   18527.000     0.994531       808323       182.86
   19167.000     0.995313       808948       213.33
   19807.000     0.996094       809582       256.00
   20319.000     0.996484       809900       284.44
   21263.000     0.996875       810221       320.00
   21631.000     0.997266       810535       365.71
   22047.000     0.997656       810865       426.67
   22639.000     0.998047       811175       512.00
   23055.000     0.998242       811329       568.89
   23359.000     0.998437       811487       640.00
   23647.000     0.998633       811652       731.43
   24575.000     0.998828       811803       853.33
   25455.000     0.999023       811963      1024.00
   25807.000     0.999121       812044      1137.78
   26239.000     0.999219       812122      1280.00
   26591.000     0.999316       812205      1462.86
   26831.000     0.999414       812285      1706.67
   27071.000     0.999512       812362      2048.00
   27215.000     0.999561       812399      2275.56
   27407.000     0.999609       812439      2560.00
   27743.000     0.999658       812478      2925.71
   28047.000     0.999707       812518      3413.33
   28367.000     0.999756       812557      4096.00
   29135.000     0.999780       812579      4551.11
   29279.000     0.999805       812597      5120.00
   29455.000     0.999829       812617      5851.43
   31407.000     0.999854       812636      6826.67
   34879.000     0.999878       812661      8192.00
   38463.000     0.999890       812668      9102.22
   38559.000     0.999902       812677     10240.00
   38655.000     0.999915       812688     11702.86
   38687.000     0.999927       812698     13653.33
   38719.000     0.999939       812713     16384.00
   38719.000     0.999945       812713     18204.44
   38751.000     0.999951       812723     20480.00
   38751.000     0.999957       812723     23405.71
   38783.000     0.999963       812737     27306.67
   38783.000     0.999969       812737     32768.00
   38783.000     0.999973       812737     36408.89
   38783.000     0.999976       812737     40960.00
   38815.000     0.999979       812746     46811.43
   38815.000     0.999982       812746     54613.33
   38815.000     0.999985       812746     65536.00
   38815.000     0.999986       812746     72817.78
   38815.000     0.999988       812746     81920.00
   38847.000     0.999989       812753     93622.86
   38847.000     0.999991       812753    109226.67
   38847.000     0.999992       812753    131072.00
   38847.000     0.999993       812753    145635.56
   38847.000     0.999994       812753    163840.00
   38847.000     0.999995       812753    187245.71
   38847.000     0.999995       812753    218453.33
   38847.000     0.999996       812753    262144.00
   38847.000     0.999997       812753    291271.11
   38847.000     0.999997       812753    327680.00
   38847.000     0.999997       812753    374491.43
   38879.000     0.999998       812755    436906.67
   38879.000     1.000000       812755          inf
#[Mean    =    12247.753, StdDeviation   =     1572.968]
#[Max     =    38879.000, Total count    =       812755]
#[Buckets =            6, SubBuckets     =         2048]
