       Value   Percentile   TotalCount 1/(1-Percentile)

      62.000     0.000000            1         1.00
     787.000     0.100000       570350         1.11
    1626.000     0.200000      1139746         1.25
    2739.000     0.300000      1709583         1.43
    4011.000     0.400000      2279168         1.67
    5415.000     0.500000      2849549         2.00
    6147.000     0.550000      3134240         2.22
    6883.000     0.600000      3418727         2.50
    7631.000     0.650000      3704417         2.86
    8391.000     0.700000      3988382         3.33
    9183.000     0.750000      4274355         4.00
    9599.000     0.775000      4417776         4.44
   10031.000     0.800000      4559630         5.00
   10487.000     0.825000      4700706         5.71
   10991.000     0.850000      4843582         6.67
   11543.000     0.875000      4984937         8.00
   11855.000     0.887500      5056903         8.89
   12191.000     0.900000      5128411        10.00
   12559.000     0.912500      5199260        11.43
   12975.000     0.925000      5269963        13.33
   13463.000     0.937500      5341302        16.00
   13743.000     0.943750      5377125        17.78
   14047.000     0.950000      5412948        20.00
   14383.000     0.956250      5447847        22.86
   14775.000     0.962500      5483911        26.67
   15223.000     0.968750      5519410        32.00
   15479.000     0.971875      5537146        35.56
   15759.000     0.975000      5554697        40.00
   16079.000     0.978125      5572551        45.71
   16447.000     0.981250      5590441        53.33
   16879.000     0.984375      5608421        64.00
   17119.000     0.985938      5617122        71.11
   17391.000     0.987500      5626031        80.00
   17695.000     0.989062      5635003        91.43
   18047.000     0.990625      5643885       106.67
   18463.000     0.992188      5652714       128.00
   18703.000     0.992969      5657174       142.22
   18959.000     0.993750      5661486       160.00
   19247.000     0.994531      5665902       182.86
   19583.000     0.995313      5670313       213.33
   19999.000     0.996094      5674799       256.00
   20239.000     0.996484      5677073       284.44
   20479.000     0.996875      5679199       320.00
   20767.000     0.997266      5681429       365.71
   21103.000     0.997656      5683674       426.67
   21519.000     0.998047      5685951       512.00
   21743.000     0.998242      5687001       568.89
   22015.000     0.998437      5688136       640.00
   22319.000     0.998633      5689246       731.43
   22655.000     0.998828      5690335       853.33
   23071.000     0.999023      5691447      1024.00
   23327.000     0.999121      5691996      1137.78
   23583.000     0.999219      5692545      1280.00
   23919.000     0.999316      5693119      1462.86
   24287.000     0.999414      5693674      1706.67
   24687.000     0.999512      5694208      2048.00
   24959.000     0.999561      5694489      2275.56
   25231.000     0.999609      5694770      2560.00
   25551.000     0.999658      5695049      2925.71
   25887.000     0.999707      5695322      3413.33
   26351.000     0.999756      5695601      4096.00
   26639.000     0.999780      5695743      4551.11
   26911.000     0.999805      5695879      5120.00
   27279.000     0.999829      5696018      5851.43
   27679.000     0.999854      5696156      6826.67
   28079.000     0.999878      5696297      8192.00
   28335.000     0.999890      5696368      9102.22
   28559.000     0.999902      5696433     10240.00
   28959.000     0.999915      5696504     11702.86
   29407.000     0.999927      5696572     13653.33
   29855.000     0.999939      5696643     16384.00
   30095.000     0.999945      5696678     18204.44
   30463.000     0.999951      5696712     20480.00
   30927.000     0.999957      5696746     23405.71
   31695.000     0.999963      5696781     27306.67
   33151.000     0.999969      5696817     32768.00
   34335.000     0.999973      5696833     36408.89
   36095.000     0.999976      5696850     40960.00
   36991.000     0.999979      5696869     46811.43
   40191.000     0.999982      5696885     54613.33
   43231.000     0.999985      5696903     65536.00
   46815.000     0.999986      5696911     72817.78
   58591.000     0.999988      5696923     81920.00
   59519.000     0.999989      5696929     93622.86
   60799.000     0.999991      5696940    109226.67
   61215.000     0.999992      5696946    131072.00
   61343.000     0.999993      5696950    145635.56
   61951.000     0.999994      5696955    163840.00
   62143.000     0.999995      5696959    187245.71
   62655.000     0.999995      5696963    218453.33
   64607.000     0.999996      5696968    262144.00
   64639.000     0.999997      5696970    291271.11
   64735.000     0.999997      5696972    327680.00
   64927.000     0.999997      5696974    374491.43
   65247.000     0.999998      5696976    436906.67
   65311.000     0.999998      5696979    524288.00
   65343.000     0.999998      5696980    582542.22
   65375.000     0.999998      5696981    655360.00
   65407.000     0.999999      5696982    748982.86
   65439.000     0.999999      5696983    873813.33
   65599.000     0.999999      5696984   1048576.00
   65663.000     0.999999      5696986   1165084.44
   65663.000     0.999999      5696986   1310720.00
   65663.000     0.999999      5696986   1497965.71
   65663.000     0.999999      5696986   1747626.67
   66687.000     1.000000      5696989   2097152.00
   66687.000     1.000000      5696989          inf
#[Mean    =     6060.765, StdDeviation   =     4460.027]
#[Max     =    66687.000, Total count    =      5696989]
#[Buckets =            7, SubBuckets     =         2048]
