       Value   Percentile   TotalCount 1/(1-Percentile)

      42.000     0.000000            1         1.00
     358.000     0.100000      1272479         1.11
     493.000     0.200000      2545910         1.25
     633.000     0.300000      3819937         1.43
     789.000     0.400000      5090569         1.67
     993.000     0.500000      6362765         2.00
    1128.000     0.550000      6997662         2.22
    1291.000     0.600000      7633636         2.50
    1488.000     0.650000      8270170         2.86
    1734.000     0.700000      8904797         3.33
    2015.000     0.750000      9542462         4.00
    2167.000     0.775000      9860610         4.44
    2335.000     0.800000     10179474         5.00
    2523.000     0.825000     10496800         5.71
    2739.000     0.850000     10815195         6.67
    3001.000     0.875000     11131781         8.00
    3165.000     0.887500     11290983         8.89
    3355.000     0.900000     11449912        10.00
    3571.000     0.912500     11607915        11.43
    3827.000     0.925000     11767136        13.33
    4123.000     0.937500     11926333        16.00
    4295.000     0.943750     12005209        17.78
    4503.000     0.950000     12084841        20.00
    4747.000     0.956250     12164785        22.86
    5023.000     0.962500     12244005        26.67
    5371.000     0.968750     12323409        32.00
    5607.000     0.971875     12362938        35.56
    5875.000     0.975000     12402755        40.00
    6175.000     0.978125     12442499        45.71
    6559.000     0.981250     12482270        53.33
    7083.000     0.984375     12522112        64.00
    7399.000     0.985938     12541814        71.11
    7811.000     0.987500     12561748        80.00
    8447.000     0.989062     12581637        91.43
    9591.000     0.990625     12601489       106.67
   24783.000     0.992188     12621293       128.00
   35967.000     0.992969     12631244       142.22
   58367.000     0.993750     12641174       160.00
   85375.000     0.994531     12651130       182.86
  117375.000     0.995313     12661042       213.33
  146047.000     0.996094     12670997       256.00
  158207.000     0.996484     12675956       284.44
  167935.000     0.996875     12680932       320.00
  173055.000     0.997266     12685908       365.71
  179839.000     0.997656     12690954       426.67
  184575.000     0.998047     12695842       512.00
  187007.000     0.998242     12698371       568.89
  188799.000     0.998437     12700928       640.00
  190079.000     0.998633     12703334       731.43
  191359.000     0.998828     12705940       853.33
  192639.000     0.999023     12708250      1024.00
  193663.000     0.999121     12709492      1137.78
  195071.000     0.999219     12710801      1280.00
  197631.000     0.999316     12712007      1462.86
  206207.000     0.999414     12713233      1706.67
  221055.000     0.999512     12714455      2048.00
  242431.000     0.999561     12715078      2275.56
  264703.000     0.999609     12715711      2560.00
  303359.000     0.999658     12716333      2925.71
  318975.000     0.999707     12716947      3413.33
  332031.000     0.999756     12717589      4096.00
  334591.000     0.999780     12717871      4551.11
  338431.000     0.999805     12718206      5120.00
  342783.000     0.999829     12718495      5851.43
  347135.000     0.999854     12718811      6826.67
  355327.000     0.999878     12719134      8192.00
  357119.000     0.999890     12719290      9102.22
  359679.000     0.999902     12719429     10240.00
  361727.000     0.999915     12719589     11702.86
  371455.000     0.999927     12719735     13653.33
  375295.000     0.999939     12719899     16384.00
  376575.000     0.999945     12719976     18204.44
  377599.000     0.999951     12720057     20480.00
  378111.000     0.999957     12720127     23405.71
  378623.000     0.999963     12720219     27306.67
  379135.000     0.999969     12720306     32768.00
  379391.000     0.999973     12720344     36408.89
  379647.000     0.999976     12720375     40960.00
  380159.000     0.999979     12720400     46811.43
  393471.000     0.999982     12720439     54613.33
  394495.000     0.999985     12720476     65536.00
  395007.000     0.999986     12720496     72817.78
  395519.000     0.999988     12720523     81920.00
  395775.000     0.999989     12720535     93622.86
  396287.000     0.999991     12720556    109226.67
  397311.000     0.999992     12720569    131072.00
  406527.000     0.999993     12720579    145635.56
  411647.000     0.999994     12720590    163840.00
  412415.000     0.999995     12720601    187245.71
  412927.000     0.999995     12720609    218453.33
  413183.000     0.999996     12720618    262144.00
  413439.000     0.999997     12720626    291271.11
  413695.000     0.999997     12720632    327680.00
  413951.000     0.999997     12720637    374491.43
  413951.000     0.999998     12720637    436906.67
  414207.000     0.999998     12720643    524288.00
  414463.000     0.999998     12720647    582542.22
  414463.000     0.999998     12720647    655360.00
  414719.000     0.999999     12720652    748982.86
  414719.000     0.999999     12720652    873813.33
  526847.000     0.999999     12720654   1048576.00
  527359.000     0.999999     12720657   1165084.44
  527359.000     0.999999     12720657   1310720.00
  527871.000     0.999999     12720659   1497965.71
  527871.000     0.999999     12720659   1747626.67
  528383.000     1.000000     12720660   2097152.00
  567807.000     1.000000     12720663   2330168.89
  567807.000     1.000000     12720663   2621440.00
  567807.000     1.000000     12720663   2995931.43
  567807.000     1.000000     12720663   3495253.33
  567807.000     1.000000     12720663   4194304.00
  568319.000     1.000000     12720666   4660337.78
  568319.000     1.000000     12720666          inf
#[Mean    =     2543.520, StdDeviation   =    13666.621]
#[Max     =   568319.000, Total count    =     12720666]
#[Buckets =           10, SubBuckets     =         2048]
