       Value   Percentile   TotalCount 1/(1-Percentile)

     117.000     0.000000            1         1.00
     803.000     0.100000       778193         1.11
    1088.000     0.200000      1555568         1.25
    1394.000     0.300000      2331886         1.43
    1764.000     0.400000      3107015         1.67
    2237.000     0.500000      3885465         2.00
    2529.000     0.550000      4272355         2.22
    2877.000     0.600000      4660459         2.50
    3305.000     0.650000      5049387         2.86
    3845.000     0.700000      5437846         3.33
    4555.000     0.750000      5827001         4.00
    5003.000     0.775000      6021038         4.44
    5543.000     0.800000      6214877         5.00
    6215.000     0.825000      6408444         5.71
    7103.000     0.850000      6602342         6.67
    8423.000     0.875000      6796789         8.00
    9367.000     0.887500      6893938         8.89
   10599.000     0.900000      6990737        10.00
   12239.000     0.912500      7087607        11.43
   14455.000     0.925000      7184687        13.33
   17407.000     0.937500      7281982        16.00
   19311.000     0.943750      7330330        17.78
   21631.000     0.950000      7378854        20.00
   24447.000     0.956250      7427461        22.86
   27903.000     0.962500      7475819        26.67
   32271.000     0.968750      7524428        32.00
   34847.000     0.971875      7548635        35.56
   37951.000     0.975000      7572959        40.00
   41599.000     0.978125      7597344        45.71
   45855.000     0.981250      7621442        53.33
   51295.000     0.984375      7645817        64.00
   54399.000     0.985938      7657916        71.11
   57951.000     0.987500      7670012        80.00
   62143.000     0.989062      7682139        91.43
   66879.000     0.990625      7694340       106.67
   73663.000     0.992188      7706456       128.00
   77951.000     0.992969      7712504       142.22
   82239.000     0.993750      7718527       160.00
   87807.000     0.994531      7724648       182.86
   94335.000     0.995313      7730670       213.33
  102207.000     0.996094      7736743       256.00
  107519.000     0.996484      7739764       284.44
  112959.000     0.996875      7742811       320.00
  119295.000     0.997266      7745844       365.71
  129343.000     0.997656      7748866       426.67
  142591.000     0.998047      7751916       512.00
  149887.000     0.998242      7753435       568.89
  158847.000     0.998437      7754949       640.00
  167551.000     0.998633      7756453       731.43
  177151.000     0.998828      7757970       853.33
  193151.000     0.999023      7759486      1024.00
  208511.000     0.999121      7760243      1137.78
  222719.000     0.999219      7761007      1280.00
  236287.000     0.999316      7761776      1462.86
  246911.000     0.999414      7762519      1706.67
  269567.000     0.999512      7763276      2048.00
  280063.000     0.999561      7763656      2275.56
  298751.000     0.999609      7764034      2560.00
  321791.000     0.999658      7764414      2925.71
  363519.000     0.999707      7764796      3413.33
  389887.000     0.999756      7765172      4096.00
  446975.000     0.999780      7765364      4551.11
  487935.000     0.999805      7765555      5120.00
  547327.000     0.999829      7765748      5851.43
  593407.000     0.999854      7765930      6826.67
  745471.000     0.999878      7766121      8192.00
  793087.000     0.999890      7766214      9102.22
  809471.000     0.999902      7766310     10240.00
  891903.000     0.999915      7766405     11702.86
 1023487.000     0.999927      7766500     13653.33
 1055743.000     0.999939      7766599     16384.00
 1058815.000     0.999945      7766644     18204.44
 1072127.000     0.999951      7766688     20480.00
 1084415.000     0.999957      7766738     23405.71
 1105919.000     0.999963      7766784     27306.67
 1166335.000     0.999969      7766841     32768.00
 1167359.000     0.999973      7766858     36408.89
 1187839.000     0.999976      7766879     40960.00
 1205247.000     0.999979      7766905     46811.43
 1218559.000     0.999982      7766928     54613.33
 1303551.000     0.999985      7766953     65536.00
 1305599.000     0.999986      7766964     72817.78
 1337343.000     0.999988      7766973     81920.00
 1340415.000     0.999989      7766989     93622.86
 1350655.000     0.999991      7766996    109226.67
 1404927.000     0.999992      7767009    131072.00
 1406975.000     0.999993      7767014    145635.56
 1565695.000     0.999994      7767021    163840.00
 1569791.000     0.999995      7767027    187245.71
 1571839.000     0.999995      7767032    218453.33
 1873919.000     0.999996      7767038    262144.00
 1916927.000     0.999997      7767041    291271.11
 1918975.000     0.999997      7767045    327680.00
 1930239.000     0.999997      7767047    374491.43
 1932287.000     0.999998      7767052    436906.67
 1933311.000     0.999998      7767054    524288.00
 1933311.000     0.999998      7767054    582542.22
 1934335.000     0.999998      7767059    655360.00
 1934335.000     0.999999      7767059    748982.86
 1934335.000     0.999999      7767059    873813.33
 1935359.000     0.999999      7767064   1048576.00
 1935359.000     0.999999      7767064   1165084.44
 1935359.000     0.999999      7767064   1310720.00
 1935359.000     0.999999      7767064   1497965.71
 1935359.000     0.999999      7767064   1747626.67
 1935359.000     1.000000      7767064   2097152.00
 1935359.000     1.000000      7767064   2330168.89
 1936383.000     1.000000      7767066   2621440.00
 1936383.000     1.000000      7767066   2995931.43
 1936383.000     1.000000      7767066   3495253.33
 1936383.000     1.000000      7767066   4194304.00
 1936383.000     1.000000      7767066   4660337.78
 1936383.000     1.000000      7767066   5242880.00
 1936383.000     1.000000      7767066   5991862.86
 1936383.000     1.000000      7767066   6990506.67
 1948671.000     1.000000      7767067   8388608.00
 1948671.000     1.000000      7767067          inf
#[Mean    =     5877.055, StdDeviation   =    19155.519]
#[Max     =  1948671.000, Total count    =      7767067]
#[Buckets =           11, SubBuckets     =         2048]
