       Value   Percentile   TotalCount 1/(1-Percentile)

     104.000     0.000000            1         1.00
     616.000     0.100000       822262         1.11
     911.000     0.200000      1641996         1.25
    1244.000     0.300000      2462427         1.43
    1614.000     0.400000      3281960         1.67
    2001.000     0.500000      4104010         2.00
    2197.000     0.550000      4514894         2.22
    2409.000     0.600000      4923094         2.50
    2667.000     0.650000      5334390         2.86
    3001.000     0.700000      5743205         3.33
    3447.000     0.750000      6153497         4.00
    3723.000     0.775000      6358626         4.44
    4051.000     0.800000      6564618         5.00
    4439.000     0.825000      6769330         5.71
    4911.000     0.850000      6974421         6.67
    5511.000     0.875000      7179894         8.00
    5883.000     0.887500      7282401         8.89
    6327.000     0.900000      7384656        10.00
    6879.000     0.912500      7486795        11.43
    7579.000     0.925000      7589333        13.33
    8511.000     0.937500      7692035        16.00
    9119.000     0.943750      7743216        17.78
    9871.000     0.950000      7794452        20.00
   10839.000     0.956250      7845933        22.86
   12063.000     0.962500      7897003        26.67
   13735.000     0.968750      7948220        32.00
   14871.000     0.971875      7973927        35.56
   16319.000     0.975000      7999412        40.00
   18239.000     0.978125      8025220        45.71
   20927.000     0.981250      8050742        53.33
   24959.000     0.984375      8076370        64.00
   27935.000     0.985938      8089161        71.11
   31759.000     0.987500      8101960        80.00
   35935.000     0.989062      8114774        91.43
   40511.000     0.990625      8127647       106.67
   46559.000     0.992188      8140405       128.00
   49887.000     0.992969      8146878       142.22
   53983.000     0.993750      8153257       160.00
   59263.000     0.994531      8159660       182.86
   65599.000     0.995313      8166043       213.33
   72255.000     0.996094      8172454       256.00
   76223.000     0.996484      8175703       284.44
   81407.000     0.996875      8178860       320.00
   86143.000     0.997266      8182065       365.71
   92351.000     0.997656      8185277       426.67
  100543.000     0.998047      8188485       512.00
  106495.000     0.998242      8190078       568.89
  112511.000     0.998437      8191691       640.00
  119551.000     0.998633      8193287       731.43
  127295.000     0.998828      8194891       853.33
  137855.000     0.999023      8196503      1024.00
  144639.000     0.999121      8197291      1137.78
  152191.000     0.999219      8198099      1280.00
  160895.000     0.999316      8198902      1462.86
  170495.000     0.999414      8199695      1706.67
  189823.000     0.999512      8200501      2048.00
  201855.000     0.999561      8200903      2275.56
  205183.000     0.999609      8201298      2560.00
  212095.000     0.999658      8201696      2925.71
  218623.000     0.999707      8202097      3413.33
  227455.000     0.999756      8202499      4096.00
  235263.000     0.999780      8202699      4551.11
  238847.000     0.999805      8202904      5120.00
  244223.000     0.999829      8203097      5851.43
  246783.000     0.999854      8203303      6826.67
  252415.000     0.999878      8203501      8192.00
  255487.000     0.999890      8203599      9102.22
  262399.000     0.999902      8203699     10240.00
  267007.000     0.999915      8203800     11702.86
  276735.000     0.999927      8203899     13653.33
  293119.000     0.999939      8204001     16384.00
  297983.000     0.999945      8204050     18204.44
  300031.000     0.999951      8204100     20480.00
  303359.000     0.999957      8204150     23405.71
  313087.000     0.999963      8204202     27306.67
  329471.000     0.999969      8204249     32768.00
  335359.000     0.999973      8204274     36408.89
  360191.000     0.999976      8204300     40960.00
  361983.000     0.999979      8204327     46811.43
  364543.000     0.999982      8204350     54613.33
  449279.000     0.999985      8204377     65536.00
  450559.000     0.999986      8204388     72817.78
  451839.000     0.999988      8204400     81920.00
  452607.000     0.999989      8204412     93622.86
  455167.000     0.999991      8204424    109226.67
  459519.000     0.999992      8204441    131072.00
  459775.000     0.999993      8204447    145635.56
  460031.000     0.999994      8204450    163840.00
  460543.000     0.999995      8204458    187245.71
  461055.000     0.999995      8204464    218453.33
  461311.000     0.999996      8204472    262144.00
  461311.000     0.999997      8204472    291271.11
  461567.000     0.999997      8204479    327680.00
  461567.000     0.999997      8204479    374491.43
  461823.000     0.999998      8204484    436906.67
  461823.000     0.999998      8204484    524288.00
  463103.000     0.999998      8204487    582542.22
  463103.000     0.999998      8204487    655360.00
  463359.000     0.999999      8204490    748982.86
  463359.000     0.999999      8204490    873813.33
  463615.000     0.999999      8204493   1048576.00
  463615.000     0.999999      8204493   1165084.44
  463615.000     0.999999      8204493   1310720.00
  463871.000     0.999999      8204496   1497965.71
  463871.000     0.999999      8204496   1747626.67
  463871.000     1.000000      8204496   2097152.00
  463871.000     1.000000      8204496   2330168.89
  463871.000     1.000000      8204496   2621440.00
  466431.000     1.000000      8204497   2995931.43
  466431.000     1.000000      8204497   3495253.33
  482047.000     1.000000      8204498   4194304.00
  482047.000     1.000000      8204498   4660337.78
  482047.000     1.000000      8204498   5242880.00
  482047.000     1.000000      8204498   5991862.86
  482047.000     1.000000      8204498   6990506.67
  482303.000     1.000000      8204499   8388608.00
  482303.000     1.000000      8204499          inf
#[Mean    =     3737.236, StdDeviation   =     9756.785]
#[Max     =   482303.000, Total count    =      8204499]
#[Buckets =            9, SubBuckets     =         2048]
