       Value   Percentile   TotalCount 1/(1-Percentile)

     874.000     0.000000            1         1.00
   10079.000     0.100000        99170         1.11
   10183.000     0.200000       196408         1.25
   10247.000     0.300000       300849         1.43
   10295.000     0.400000       403482         1.67
   10335.000     0.500000       500824         2.00
   10351.000     0.550000       540271         2.22
   10375.000     0.600000       596872         2.50
   10391.000     0.650000       630060         2.86
   10423.000     0.700000       691491         3.33
   10447.000     0.750000       731918         4.00
   10463.000     0.775000       755468         4.44
   10479.000     0.800000       776148         5.00
   10503.000     0.825000       804945         5.71
   10527.000     0.850000       829555         6.67
   10551.000     0.875000       849546         8.00
   10567.000     0.887500       862157         8.89
   10583.000     0.900000       873669        10.00
   10599.000     0.912500       884505        11.43
   10623.000     0.925000       898212        13.33
   10647.000     0.937500       910080        16.00
   10663.000     0.943750       917004        17.78
   10679.000     0.950000       923118        20.00
   10695.000     0.956250       929347        22.86
   10711.000     0.962500       935233        26.67
   10727.000     0.968750       939633        32.00
   10743.000     0.971875       943576        35.56
   10751.000     0.975000       945487        40.00
   10767.000     0.978125       948310        45.71
   10791.000     0.981250       952154        53.33
   10815.000     0.984375       954747        64.00
   10831.000     0.985938       956026        71.11
   10855.000     0.987500       957549        80.00
   10879.000     0.989062       958876        91.43
   10919.000     0.990625       960228       106.67
   10999.000     0.992188       961669       128.00
   12375.000     0.992969       962439       142.22
   13239.000     0.993750       963184       160.00
   13623.000     0.994531       963942       182.86
   13743.000     0.995313       964744       213.33
   13839.000     0.996094       965515       256.00
   13879.000     0.996484       965924       284.44
   13903.000     0.996875       966226       320.00
   13951.000     0.997266       966634       365.71
   13991.000     0.997656       966976       426.67
   14031.000     0.998047       967382       512.00
   14055.000     0.998242       967572       568.89
   14079.000     0.998437       967723       640.00
   14095.000     0.998633       967914       731.43
   14135.000     0.998828       968133       853.33
   14159.000     0.999023       968309      1024.00
   14167.000     0.999121       968398      1137.78
   14199.000     0.999219       968516      1280.00
   14215.000     0.999316       968576      1462.86
   14263.000     0.999414       968706      1706.67
   14311.000     0.999512       968778      2048.00
   14327.000     0.999561       968822      2275.56
   14351.000     0.999609       968860      2560.00
   14431.000     0.999658       968914      2925.71
   14527.000     0.999707       968962      3413.33
   15007.000     0.999756       969001      4096.00
   15255.000     0.999780       969036      4551.11
   15263.000     0.999805       969094      5120.00
   15263.000     0.999829       969094      5851.43
   15455.000     0.999854       969096      6826.67
   16295.000     0.999878       969143      8192.00
   16295.000     0.999890       969143      9102.22
   16295.000     0.999902       969143     10240.00
   16735.000     0.999915       969170     11702.86
   16735.000     0.999927       969170     13653.33
   16815.000     0.999939       969179     16384.00
   17023.000     0.999945       969191     18204.44
   17023.000     0.999951       969191     20480.00
   17103.000     0.999957       969198     23405.71
   18303.000     0.999963       969202     27306.67
   18383.000     0.999969       969213     32768.00
   18383.000     0.999973       969213     36408.89
   18399.000     0.999976       969214     40960.00
   18463.000     0.999979       969217     46811.43
   19231.000     0.999982       969220     54613.33
   19247.000     0.999985       969227     65536.00
   19247.000     0.999986       969227     72817.78
   19247.000     0.999988       969227     81920.00
   19247.000     0.999989       969227     93622.86
   19263.000     0.999991       969229    109226.67
   19279.000     0.999992       969233    131072.00
   19279.000     0.999993       969233    145635.56
   19279.000     0.999994       969233    163840.00
   19279.000     0.999995       969233    187245.71
   19279.000     0.999995       969233    218453.33
   19391.000     0.999996       969237    262144.00
   19391.000     1.000000       969237          inf
#[Mean    =    10315.153, StdDeviation   =      493.975]
#[Max     =    19391.000, Total count    =       969237]
#[Buckets =            5, SubBuckets     =         2048]
