       Value   Percentile   TotalCount 1/(1-Percentile)

      63.000     0.000000            1         1.00
     516.000     0.100000       863940         1.11
     987.000     0.200000      1725808         1.25
    1669.000     0.300000      2587453         1.43
    2555.000     0.400000      3450959         1.67
    3469.000     0.500000      4313423         2.00
    3975.000     0.550000      4743178         2.22
    4571.000     0.600000      5174884         2.50
    5235.000     0.650000      5606277         2.86
    5919.000     0.700000      6038374         3.33
    6627.000     0.750000      6468052         4.00
    7007.000     0.775000      6684893         4.44
    7407.000     0.800000      6900766         5.00
    7835.000     0.825000      7114875         5.71
    8311.000     0.850000      7330830         6.67
    8855.000     0.875000      7546398         8.00
    9167.000     0.887500      7654901         8.89
    9511.000     0.900000      7762411        10.00
    9903.000     0.912500      7869903        11.43
   10367.000     0.925000      7978271        13.33
   10919.000     0.937500      8084926        16.00
   11255.000     0.943750      8138911        17.78
   11655.000     0.950000      8193242        20.00
   12143.000     0.956250      8246704        22.86
   12807.000     0.962500      8300464        26.67
   13855.000     0.968750      8354072        32.00
   14719.000     0.971875      8381130        35.56
   16047.000     0.975000      8407929        40.00
   18127.000     0.978125      8434922        45.71
   21087.000     0.981250      8461870        53.33
   25439.000     0.984375      8488810        64.00
   28367.000     0.985938      8502255        71.11
   31567.000     0.987500      8515703        80.00
   34815.000     0.989062      8529246        91.43
   37919.000     0.990625      8542655       106.67
   40799.000     0.992188      8556208       128.00
   42335.000     0.992969      8562879       142.22
   43967.000     0.993750      8569636       160.00
   45695.000     0.994531      8576380       182.86
   47679.000     0.995313      8583090       213.33
   50175.000     0.996094      8589808       256.00
   51871.000     0.996484      8593219       284.44
   54079.000     0.996875      8596561       320.00
   57471.000     0.997266      8599904       365.71
   62911.000     0.997656      8603279       426.67
   69183.000     0.998047      8606648       512.00
   72511.000     0.998242      8608322       568.89
   75071.000     0.998437      8610032       640.00
   77503.000     0.998633      8611718       731.43
   79679.000     0.998828      8613382       853.33
   82047.000     0.999023      8615084      1024.00
   83199.000     0.999121      8615904      1137.78
   84479.000     0.999219      8616793      1280.00
   85567.000     0.999316      8617584      1462.86
   86783.000     0.999414      8618434      1706.67
   88127.000     0.999512      8619292      2048.00
   88831.000     0.999561      8619689      2275.56
   89727.000     0.999609      8620132      2560.00
   90687.000     0.999658      8620532      2925.71
   91967.000     0.999707      8620970      3413.33
   93567.000     0.999756      8621373      4096.00
   94527.000     0.999780      8621587      4551.11
   95487.000     0.999805      8621800      5120.00
   96639.000     0.999829      8622009      5851.43
   97983.000     0.999854      8622216      6826.67
   99967.000     0.999878      8622429      8192.00
  101375.000     0.999890      8622533      9102.22
  103359.000     0.999902      8622636     10240.00
  105471.000     0.999915      8622743     11702.86
  107647.000     0.999927      8622852     13653.33
  109951.000     0.999939      8622955     16384.00
  111551.000     0.999945      8623005     18204.44
  113279.000     0.999951      8623059     20480.00
  114431.000     0.999957      8623111     23405.71
  115647.000     0.999963      8623164     27306.67
  116991.000     0.999969      8623216     32768.00
  117439.000     0.999973      8623243     36408.89
  118015.000     0.999976      8623272     40960.00
  118591.000     0.999979      8623298     46811.43
  119103.000     0.999982      8623323     54613.33
  119807.000     0.999985      8623348     65536.00
  120447.000     0.999986      8623360     72817.78
  121471.000     0.999988      8623374     81920.00
  121919.000     0.999989      8623389     93622.86
  122239.000     0.999991      8623400    109226.67
  122751.000     0.999992      8623413    131072.00
  123007.000     0.999993      8623421    145635.56
  123263.000     0.999994      8623426    163840.00
  123711.000     0.999995      8623433    187245.71
  123967.000     0.999995      8623440    218453.33
  124479.000     0.999996      8623447    262144.00
  124607.000     0.999997      8623449    291271.11
  124863.000     0.999997      8623452    327680.00
  125055.000     0.999997      8623456    374491.43
  125247.000     0.999998      8623459    436906.67
  125439.000     0.999998      8623462    524288.00
  125567.000     0.999998      8623464    582542.22
  125631.000     0.999998      8623466    655360.00
  125695.000     0.999999      8623468    748982.86
  125951.000     0.999999      8623469    873813.33
  126079.000     0.999999      8623470   1048576.00
  126207.000     0.999999      8623471   1165084.44
  126463.000     0.999999      8623472   1310720.00
  126591.000     0.999999      8623473   1497965.71
  126655.000     0.999999      8623474   1747626.67
  126655.000     1.000000      8623474   2097152.00
  127103.000     1.000000      8623475   2330168.89
  127103.000     1.000000      8623475   2621440.00
  127167.000     1.000000      8623476   2995931.43
  127167.000     1.000000      8623476   3495253.33
  127167.000     1.000000      8623476   4194304.00
  127359.000     1.000000      8623477   4660337.78
  127359.000     1.000000      8623477   5242880.00
  127359.000     1.000000      8623477   5991862.86
  127359.000     1.000000      8623477   6990506.67
  127359.000     1.000000      8623477   8388608.00
  127487.000     1.000000      8623478   9320675.55
  127487.000     1.000000      8623478          inf
#[Mean    =     4917.676, StdDeviation   =     6611.276]
#[Max     =   127487.000, Total count    =      8623478]
#[Buckets =            7, SubBuckets     =         2048]
