       Value   Percentile   TotalCount 1/(1-Percentile)

      69.000     0.000000            1         1.00
     614.000     0.100000       776160         1.11
    1132.000     0.200000      1552643         1.25
    1946.000     0.300000      2328346         1.43
    3007.000     0.400000      3104876         1.67
    4167.000     0.500000      3880683         2.00
    4903.000     0.550000      4269539         2.22
    5815.000     0.600000      4656760         2.50
    6839.000     0.650000      5044496         2.86
    7847.000     0.700000      5432646         3.33
    8871.000     0.750000      5820108         4.00
    9431.000     0.775000      6014936         4.44
   10047.000     0.800000      6208134         5.00
   10767.000     0.825000      6402380         5.71
   11647.000     0.850000      6596638         6.67
   12815.000     0.875000      6790514         8.00
   13591.000     0.887500      6887458         8.89
   14559.000     0.900000      6983865        10.00
   15799.000     0.912500      7080788        11.43
   17487.000     0.925000      7178059        13.33
   19967.000     0.937500      7275098        16.00
   21695.000     0.943750      7323370        17.78
   23839.000     0.950000      7371855        20.00
   26127.000     0.956250      7420283        22.86
   28559.000     0.962500      7468662        26.67
   31215.000     0.968750      7517082        32.00
   32751.000     0.971875      7541542        35.56
   34655.000     0.975000      7565809        40.00
   37119.000     0.978125      7589848        45.71
   40351.000     0.981250      7614183        53.33
   44927.000     0.984375      7638342        64.00
   47903.000     0.985938      7650506        71.11
   51647.000     0.987500      7662635        80.00
   56223.000     0.989062      7674732        91.43
   61663.000     0.990625      7686850       106.67
   68543.000     0.992188      7698988       128.00
   72703.000     0.992969      7705007       142.22
   77247.000     0.993750      7711136       160.00
   82879.000     0.994531      7717180       182.86
   89343.000     0.995313      7723209       213.33
   97151.000     0.996094      7729286       256.00
  101823.000     0.996484      7732290       284.44
  107583.000     0.996875      7735334       320.00
  113407.000     0.997266      7738366       365.71
  119999.000     0.997656      7741402       426.67
  128511.000     0.998047      7744421       512.00
  133375.000     0.998242      7745937       568.89
  139903.000     0.998437      7747465       640.00
  145919.000     0.998633      7748978       731.43
  155775.000     0.998828      7750476       853.33
  164607.000     0.999023      7752022      1024.00
  169471.000     0.999121      7752748      1137.78
  175999.000     0.999219      7753515      1280.00
  184703.000     0.999316      7754269      1462.86
  197503.000     0.999414      7755026      1706.67
  208639.000     0.999512      7755780      2048.00
  216063.000     0.999561      7756157      2275.56
  224511.000     0.999609      7756535      2560.00
  235007.000     0.999658      7756915      2925.71
  241919.000     0.999707      7757300      3413.33
  257663.000     0.999756      7757673      4096.00
  269567.000     0.999780      7757862      4551.11
  287231.000     0.999805      7758058      5120.00
  292095.000     0.999829      7758241      5851.43
  296959.000     0.999854      7758434      6826.67
  309759.000     0.999878      7758629      8192.00
  313087.000     0.999890      7758716      9102.22
  334847.000     0.999902      7758809     10240.00
  356351.000     0.999915      7758905     11702.86
  357631.000     0.999927      7759007     13653.33
  358911.000     0.999939      7759098     16384.00
  381183.000     0.999945      7759141     18204.44
  386047.000     0.999951      7759189     20480.00
  388095.000     0.999957      7759239     23405.71
  396031.000     0.999963      7759283     27306.67
  397567.000     0.999969      7759337     32768.00
  398079.000     0.999973      7759353     36408.89
  430335.000     0.999976      7759377     40960.00
  444415.000     0.999979      7759402     46811.43
  445183.000     0.999982      7759429     54613.33
  446207.000     0.999985      7759452     65536.00
  447231.000     0.999986      7759460     72817.78
  451327.000     0.999988      7759472     81920.00
  453119.000     0.999989      7759484     93622.86
  454143.000     0.999991      7759495    109226.67
  454911.000     0.999992      7759507    131072.00
  460543.000     0.999993      7759513    145635.56
  464127.000     0.999994      7759520    163840.00
  468735.000     0.999995      7759525    187245.71
  468991.000     0.999995      7759531    218453.33
  469503.000     0.999996      7759539    262144.00
  469759.000     0.999997      7759542    291271.11
  470015.000     0.999997      7759545    327680.00
  470271.000     0.999997      7759547    374491.43
  470527.000     0.999998      7759551    436906.67
  470783.000     0.999998      7759552    524288.00
  471807.000     0.999998      7759555    582542.22
  471807.000     0.999998      7759555    655360.00
  472063.000     0.999999      7759556    748982.86
  472319.000     0.999999      7759559    873813.33
  472319.000     0.999999      7759559   1048576.00
  472575.000     0.999999      7759561   1165084.44
  472575.000     0.999999      7759561   1310720.00
  472575.000     0.999999      7759561   1497965.71
  479999.000     0.999999      7759562   1747626.67
  483839.000     1.000000      7759563   2097152.00
  483839.000     1.000000      7759563   2330168.89
  486143.000     1.000000      7759564   2621440.00
  486143.000     1.000000      7759564   2995931.43
  486143.000     1.000000      7759564   3495253.33
  492799.000     1.000000      7759565   4194304.00
  492799.000     1.000000      7759565   4660337.78
  492799.000     1.000000      7759565   5242880.00
  492799.000     1.000000      7759565   5991862.86
  492799.000     1.000000      7759565   6990506.67
  500223.000     1.000000      7759566   8388608.00
  500223.000     1.000000      7759566          inf
#[Mean    =     7444.999, StdDeviation   =    13382.365]
#[Max     =   500223.000, Total count    =      7759566]
#[Buckets =            9, SubBuckets     =         2048]
