       Value   Percentile   TotalCount 1/(1-Percentile)

      64.000     0.000000            1         1.00
     105.000     0.100000       123411         1.11
     116.000     0.200000       247446         1.25
     126.000     0.300000       374677         1.43
     135.000     0.400000       491226         1.67
     145.000     0.500000       615343         2.00
     150.000     0.550000       673416         2.22
     156.000     0.600000       738635         2.50
     162.000     0.650000       797683         2.86
     169.000     0.700000       858657         3.33
     177.000     0.750000       917749         4.00
     181.000     0.775000       942797         4.44
     187.000     0.800000       975978         5.00
     193.000     0.825000      1003711         5.71
     201.000     0.850000      1033715         6.67
     211.000     0.875000      1064299         8.00
     217.000     0.887500      1080097         8.89
     223.000     0.900000      1094239        10.00
     230.000     0.912500      1109519        11.43
     238.000     0.925000      1125057        13.33
     247.000     0.937500      1140248        16.00
     252.000     0.943750      1147642        17.78
     257.000     0.950000      1154491        20.00
     264.000     0.956250      1162745        22.86
     271.000     0.962500      1169758        26.67
     280.000     0.968750      1177221        32.00
     286.000     0.971875      1181189        35.56
     293.000     0.975000      1185171        40.00
     300.000     0.978125      1188500        45.71
     310.000     0.981250      1192363        53.33
     324.000     0.984375      1196124        64.00
     334.000     0.985938      1198078        71.11
     345.000     0.987500      1199856        80.00
     359.000     0.989062      1201822        91.43
     374.000     0.990625      1203678       106.67
     392.000     0.992188      1205570       128.00
     401.000     0.992969      1206478       142.22
     411.000     0.993750      1207462       160.00
     422.000     0.994531      1208431       182.86
     434.000     0.995313      1209399       213.33
     446.000     0.996094      1210289       256.00
     454.000     0.996484      1210768       284.44
     462.000     0.996875      1211240       320.00
     471.000     0.997266      1211718       365.71
     481.000     0.997656      1212177       426.67
     494.000     0.998047      1212653       512.00
     501.000     0.998242      1212894       568.89
     508.000     0.998437      1213135       640.00
     517.000     0.998633      1213375       731.43
     526.000     0.998828      1213595       853.33
     537.000     0.999023      1213841      1024.00
     544.000     0.999121      1213964      1137.78
     550.000     0.999219      1214067      1280.00
     560.000     0.999316      1214190      1462.86
     569.000     0.999414      1214316      1706.67
     580.000     0.999512      1214424      2048.00
     587.000     0.999561      1214491      2275.56
     595.000     0.999609      1214547      2560.00
     603.000     0.999658      1214603      2925.71
     612.000     0.999707      1214662      3413.33
     624.000     0.999756      1214720      4096.00
     635.000     0.999780      1214752      4551.11
     643.000     0.999805      1214779      5120.00
     654.000     0.999829      1214808      5851.43
     672.000     0.999854      1214840      6826.67
     707.000     0.999878      1214867      8192.00
     743.000     0.999890      1214883      9102.22
     919.000     0.999902      1214897     10240.00
    1270.000     0.999915      1214912     11702.86
    1669.000     0.999927      1214927     13653.33
    1888.000     0.999939      1214941     16384.00
    1952.000     0.999945      1214949     18204.44
    1992.000     0.999951      1214956     20480.00
    2046.000     0.999957      1214964     23405.71
    2087.000     0.999963      1214971     27306.67
    2133.000     0.999969      1214978     32768.00
    2159.000     0.999973      1214982     36408.89
    2191.000     0.999976      1214986     40960.00
    2499.000     0.999979      1214990     46811.43
    2567.000     0.999982      1214993     54613.33
    2687.000     0.999985      1214997     65536.00
    2731.000     0.999986      1214999     72817.78
    2771.000     0.999988      1215001     81920.00
    2803.000     0.999989      1215003     93622.86
    2805.000     0.999991      1215004    109226.67
    2817.000     0.999992      1215006    131072.00
    2837.000     0.999993      1215007    145635.56
    2887.000     0.999994      1215008    163840.00
    2953.000     0.999995      1215009    187245.71
    2955.000     0.999995      1215010    218453.33
    3001.000     0.999996      1215011    262144.00
    3001.000     0.999997      1215011    291271.11
    3007.000     0.999997      1215012    327680.00
    3007.000     0.999997      1215012    374491.43
    3049.000     0.999998      1215013    436906.67
    3049.000     0.999998      1215013    524288.00
    3049.000     0.999998      1215013    582542.22
    3057.000     0.999998      1215014    655360.00
    3057.000     0.999999      1215014    748982.86
    3057.000     0.999999      1215014    873813.33
    3057.000     0.999999      1215014   1048576.00
    3057.000     0.999999      1215014   1165084.44
    3149.000     0.999999      1215015   1310720.00
    3149.000     1.000000      1215015          inf
#[Mean    =      157.166, StdDeviation   =       58.084]
#[Max     =     3149.000, Total count    =      1215015]
#[Buckets =            2, SubBuckets     =         2048]
