       Value   Percentile   TotalCount 1/(1-Percentile)

      84.000     0.000000            8         1.00
     114.000     0.100000         6740         1.11
     125.000     0.200000        12936         1.25
     137.000     0.300000        18463         1.43
     152.000     0.400000        24842         1.67
     160.000     0.500000        30681         2.00
     164.000     0.550000        34359         2.22
     166.000     0.600000        37623         2.50
     167.000     0.650000        40890         2.86
     168.000     0.700000        44837         3.33
     169.000     0.750000        48130         4.00
     169.000     0.775000        48130         4.44
     170.000     0.800000        50178         5.00
     171.000     0.825000        51541         5.71
     172.000     0.850000        52430         6.67
     174.000     0.875000        53821         8.00
     175.000     0.887500        54418         8.89
     176.000     0.900000        55009        10.00
     178.000     0.912500        56253        11.43
     179.000     0.925000        57033        13.33
     180.000     0.937500        57897        16.00
     180.000     0.943750        57897        17.78
     181.000     0.950000        58584        20.00
     181.000     0.956250        58584        22.86
     182.000     0.962500        59076        26.67
     183.000     0.968750        59355        32.00
     184.000     0.971875        59532        35.56
     185.000     0.975000        59696        40.00
     186.000     0.978125        59847        45.71
     187.000     0.981250        59974        53.33
     189.000     0.984375        60178        64.00
     190.000     0.985938        60276        71.11
     191.000     0.987500        60353        80.00
     193.000     0.989062        60505        91.43
     194.000     0.990625        60572       106.67
     195.000     0.992188        60637       128.00
     196.000     0.992969        60699       142.22
     197.000     0.993750        60747       160.00
     198.000     0.994531        60784       182.86
     200.000     0.995313        60831       213.33
     202.000     0.996094        60878       256.00
     203.000     0.996484        60912       284.44
     204.000     0.996875        60948       320.00
     204.000     0.997266        60948       365.71
     205.000     0.997656        60976       426.67
     206.000     0.998047        61003       512.00
     206.000     0.998242        61003       568.89
     207.000     0.998437        61020       640.00
     208.000     0.998633        61031       731.43
     209.000     0.998828        61045       853.33
     212.000     0.999023        61053      1024.00
     213.000     0.999121        61058      1137.78
     214.000     0.999219        61065      1280.00
     216.000     0.999316        61074      1462.86
     217.000     0.999414        61077      1706.67
     219.000     0.999512        61084      2048.00
     219.000     0.999561        61084      2275.56
     220.000     0.999609        61088      2560.00
     221.000     0.999658        61091      2925.71
     222.000     0.999707        61095      3413.33
     223.000     0.999756        61096      4096.00
     224.000     0.999780        61097      4551.11
     225.000     0.999805        61099      5120.00
     229.000     0.999829        61100      5851.43
     238.000     0.999854        61102      6826.67
     256.000     0.999878        61103      8192.00
     348.000     0.999890        61104      9102.22
     361.000     0.999902        61105     10240.00
     361.000     0.999915        61105     11702.86
     438.000     0.999927        61106     13653.33
     586.000     0.999939        61107     16384.00
     586.000     0.999945        61107     18204.44
    1114.000     0.999951        61108     20480.00
    1114.000     0.999957        61108     23405.71
    1114.000     0.999963        61108     27306.67
    1391.000     0.999969        61109     32768.00
    1391.000     0.999973        61109     36408.89
    1391.000     0.999976        61109     40960.00
    1391.000     0.999979        61109     46811.43
    1391.000     0.999982        61109     54613.33
    2313.000     0.999985        61110     65536.00
    2313.000     1.000000        61110          inf
#[Mean    =      151.334, StdDeviation   =       26.598]
#[Max     =     2313.000, Total count    =        61110]
#[Buckets =            2, SubBuckets     =         2048]
