       Value   Percentile   TotalCount 1/(1-Percentile)

      68.000     0.000000            1         1.00
      93.000     0.100000       143645         1.11
     102.000     0.200000       294908         1.25
     109.000     0.300000       427069         1.43
     116.000     0.400000       573102         1.67
     123.000     0.500000       717243         2.00
     127.000     0.550000       790448         2.22
     131.000     0.600000       856676         2.50
     135.000     0.650000       916127         2.86
     141.000     0.700000       992292         3.33
     147.000     0.750000      1055118         4.00
     151.000     0.775000      1090185         4.44
     156.000     0.800000      1127915         5.00
     162.000     0.825000      1166314         5.71
     168.000     0.850000      1201060         6.67
     174.000     0.875000      1233072         8.00
     177.000     0.887500      1248866         8.89
     181.000     0.900000      1270318        10.00
     184.000     0.912500      1286640        11.43
     187.000     0.925000      1301999        13.33
     191.000     0.937500      1320284        16.00
     193.000     0.943750      1328336        17.78
     196.000     0.950000      1338904        20.00
     198.000     0.956250      1345169        22.86
     202.000     0.962500      1355704        26.67
     206.000     0.968750      1364171        32.00
     208.000     0.971875      1367748        35.56
     211.000     0.975000      1372662        40.00
     213.000     0.978125      1375749        45.71
     217.000     0.981250      1380877        53.33
     221.000     0.984375      1385325        64.00
     223.000     0.985938      1387289        71.11
     225.000     0.987500      1389028        80.00
     228.000     0.989062      1391489        91.43
     231.000     0.990625      1393551       106.67
     235.000     0.992188      1395830       128.00
     237.000     0.992969      1396811       142.22
     240.000     0.993750      1398096       160.00
     242.000     0.994531      1398873       182.86
     246.000     0.995313      1400166       213.33
     250.000     0.996094      1401190       256.00
     252.000     0.996484      1401626       284.44
     255.000     0.996875      1402248       320.00
     258.000     0.997266      1402771       365.71
     262.000     0.997656      1403322       426.67
     266.000     0.998047      1403819       512.00
     269.000     0.998242      1404113       568.89
     271.000     0.998437      1404294       640.00
     275.000     0.998633      1404623       731.43
     278.000     0.998828      1404848       853.33
     283.000     0.999023      1405179      1024.00
     285.000     0.999121      1405290      1137.78
     287.000     0.999219      1405399      1280.00
     290.000     0.999316      1405529      1462.86
     294.000     0.999414      1405690      1706.67
     298.000     0.999512      1405812      2048.00
     301.000     0.999561      1405881      2275.56
     304.000     0.999609      1405949      2560.00
     309.000     0.999658      1406020      2925.71
     314.000     0.999707      1406082      3413.33
     321.000     0.999756      1406147      4096.00
     326.000     0.999780      1406182      4551.11
     331.000     0.999805      1406220      5120.00
     339.000     0.999829      1406255      5851.43
     348.000     0.999854      1406284      6826.67
     366.000     0.999878      1406319      8192.00
     386.000     0.999890      1406336      9102.22
     430.000     0.999902      1406353     10240.00
     466.000     0.999915      1406370     11702.86
     508.000     0.999927      1406387     13653.33
     526.000     0.999939      1406405     16384.00
     537.000     0.999945      1406413     18204.44
     561.000     0.999951      1406422     20480.00
     578.000     0.999957      1406430     23405.71
     621.000     0.999963      1406439     27306.67
     744.000     0.999969      1406448     32768.00
     786.000     0.999973      1406452     36408.89
     814.000     0.999976      1406457     40960.00
     939.000     0.999979      1406460     46811.43
    1164.000     0.999982      1406465     54613.33
    1332.000     0.999985      1406469     65536.00
    1394.000     0.999986      1406471     72817.78
    1431.000     0.999988      1406473     81920.00
    1566.000     0.999989      1406475     93622.86
    1775.000     0.999991      1406478    109226.67
    1850.000     0.999992      1406480    131072.00
    1962.000     0.999993      1406481    145635.56
    2093.000     0.999994      1406482    163840.00
    2119.000     0.999995      1406483    187245.71
    2131.000     0.999995      1406484    218453.33
    2159.000     0.999996      1406485    262144.00
    2231.000     0.999997      1406486    291271.11
    2231.000     0.999997      1406486    327680.00
    2261.000     0.999997      1406487    374491.43
    2261.000     0.999998      1406487    436906.67
    2371.000     0.999998      1406488    524288.00
    2371.000     0.999998      1406488    582542.22
    2371.000     0.999998      1406488    655360.00
    2405.000     0.999999      1406489    748982.86
    2405.000     0.999999      1406489    873813.33
    2405.000     0.999999      1406489   1048576.00
    2405.000     0.999999      1406489   1165084.44
    2405.000     0.999999      1406489   1310720.00
    3409.000     0.999999      1406490   1497965.71
    3409.000     1.000000      1406490          inf
#[Mean    =      130.378, StdDeviation   =       34.827]
#[Max     =     3409.000, Total count    =      1406490]
#[Buckets =            2, SubBuckets     =         2048]
