       Value   Percentile   TotalCount 1/(1-Percentile)

      97.000     0.000000            1         1.00
     455.000     0.100000       900955         1.11
     614.000     0.200000      1800372         1.25
     776.000     0.300000      2696240         1.43
     969.000     0.400000      3594868         1.67
    1225.000     0.500000      4490781         2.00
    1391.000     0.550000      4938925         2.22
    1586.000     0.600000      5387203         2.50
    1812.000     0.650000      5836653         2.86
    2077.000     0.700000      6284354         3.33
    2411.000     0.750000      6733388         4.00
    2621.000     0.775000      6959175         4.44
    2877.000     0.800000      7182994         5.00
    3207.000     0.825000      7407379         5.71
    3635.000     0.850000      7631036         6.67
    4199.000     0.875000      7855302         8.00
    4547.000     0.887500      7967423         8.89
    4955.000     0.900000      8079588        10.00
    5451.000     0.912500      8192489        11.43
    6055.000     0.925000      8304248        13.33
    6839.000     0.937500      8416435        16.00
    7335.000     0.943750      8472555        17.78
    7931.000     0.950000      8528604        20.00
    8711.000     0.956250      8584913        22.86
    9767.000     0.962500      8641002        26.67
   11327.000     0.968750      8696946        32.00
   12463.000     0.971875      8724905        35.56
   13935.000     0.975000      8752978        40.00
   15895.000     0.978125      8780939        45.71
   19151.000     0.981250      8809044        53.33
   25423.000     0.984375      8837081        64.00
   30031.000     0.985938      8851075        71.11
   36671.000     0.987500      8865105        80.00
   43647.000     0.989062      8879130        91.43
   54367.000     0.990625      8893169       106.67
   67967.000     0.992188      8907174       128.00
   75519.000     0.992969      8914185       142.22
   85759.000     0.993750      8921198       160.00
   97087.000     0.994531      8928231       182.86
  114559.000     0.995313      8935238       213.33
  133375.000     0.996094      8942262       256.00
  144383.000     0.996484      8945743       284.44
  156543.000     0.996875      8949248       320.00
  170367.000     0.997266      8952764       365.71
  184831.000     0.997656      8956287       426.67
  205055.000     0.998047      8959783       512.00
  215807.000     0.998242      8961544       568.89
  233727.000     0.998437      8963275       640.00
  251263.000     0.998633      8965036       731.43
  267007.000     0.998828      8966794       853.33
  286719.000     0.999023      8968539      1024.00
  296959.000     0.999121      8969416      1137.78
  312575.000     0.999219      8970291      1280.00
  325887.000     0.999316      8971168      1462.86
  362751.000     0.999414      8972060      1706.67
  395775.000     0.999512      8972919      2048.00
  405247.000     0.999561      8973373      2275.56
  421119.000     0.999609      8973800      2560.00
  465151.000     0.999658      8974236      2925.71
  510463.000     0.999707      8974678      3413.33
  575487.000     0.999756      8975111      4096.00
  605695.000     0.999780      8975358      4551.11
  658431.000     0.999805      8975552      5120.00
  673791.000     0.999829      8975771      5851.43
  714239.000     0.999854      8975987      6826.67
  754687.000     0.999878      8976211      8192.00
  765951.000     0.999890      8976319      9102.22
  802815.000     0.999902      8976428     10240.00
  851967.000     0.999915      8976544     11702.86
  891903.000     0.999927      8976646     13653.33
  904191.000     0.999939      8976758     16384.00
  909823.000     0.999945      8976810     18204.44
  921599.000     0.999951      8976864     20480.00
  973311.000     0.999957      8976919     23405.71
 1076223.000     0.999963      8976975     27306.67
 1090559.000     0.999969      8977034     32768.00
 1092607.000     0.999973      8977066     36408.89
 1111039.000     0.999976      8977084     40960.00
 1186815.000     0.999979      8977117     46811.43
 1187839.000     0.999982      8977141     54613.33
 1192959.000     0.999985      8977166     65536.00
 1232895.000     0.999986      8977180     72817.78
 1234943.000     0.999988      8977204     81920.00
 1235967.000     0.999989      8977217     93622.86
 1236991.000     0.999991      8977221    109226.67
 1246207.000     0.999992      8977236    131072.00
 1247231.000     0.999993      8977242    145635.56
 1273855.000     0.999994      8977249    163840.00
 1412095.000     0.999995      8977257    187245.71
 1416191.000     0.999995      8977261    218453.33
 1471487.000     0.999996      8977268    262144.00
 1522687.000     0.999997      8977274    291271.11
 1523711.000     0.999997      8977275    327680.00
 1525759.000     0.999997      8977284    374491.43
 1525759.000     0.999998      8977284    436906.67
 1573887.000     0.999998      8977287    524288.00
 1573887.000     0.999998      8977287    582542.22
 1575935.000     0.999998      8977293    655360.00
 1575935.000     0.999999      8977293    748982.86
 1575935.000     0.999999      8977293    873813.33
 1576959.000     0.999999      8977297   1048576.00
 1576959.000     0.999999      8977297   1165084.44
 1576959.000     0.999999      8977297   1310720.00
 1576959.000     0.999999      8977297   1497965.71
 1576959.000     0.999999      8977297   1747626.67
 1577983.000     1.000000      8977299   2097152.00
 1577983.000     1.000000      8977299   2330168.89
 1577983.000     1.000000      8977299   2621440.00
 1627135.000     1.000000      8977300   2995931.43
 1627135.000     1.000000      8977300   3495253.33
 1627135.000     1.000000      8977300   4194304.00
 1628159.000     1.000000      8977302   4660337.78
 1628159.000     1.000000      8977302          inf
#[Mean    =     3749.212, StdDeviation   =    20903.493]
#[Max     =  1628159.000, Total count    =      8977302]
#[Buckets =           11, SubBuckets     =         2048]
