       Value   Percentile   TotalCount 1/(1-Percentile)

      51.000     0.000000            1         1.00
      66.000     0.100000       279002         1.11
      69.000     0.200000       578457         1.25
      71.000     0.300000       832134         1.43
      73.000     0.400000      1100963         1.67
      74.000     0.500000      1230526         2.00
      75.000     0.550000      1353481         2.22
      76.000     0.600000      1467718         2.50
      78.000     0.650000      1668797         2.86
      79.000     0.700000      1756040         3.33
      80.000     0.750000      1834530         4.00
      81.000     0.775000      1905402         4.44
      82.000     0.800000      1968055         5.00
      83.000     0.825000      2023707         5.71
      85.000     0.850000      2117022         6.67
      86.000     0.875000      2155402         8.00
      87.000     0.887500      2189409         8.89
      88.000     0.900000      2219302        10.00
      89.000     0.912500      2245130        11.43
      90.000     0.925000      2268113        13.33
      91.000     0.937500      2288244        16.00
      92.000     0.943750      2305977        17.78
      93.000     0.950000      2321422        20.00
      94.000     0.956250      2335052        22.86
      96.000     0.962500      2358059        26.67
      97.000     0.968750      2367614        32.00
      98.000     0.971875      2376082        35.56
      99.000     0.975000      2383256        40.00
     100.000     0.978125      2389806        45.71
     101.000     0.981250      2395434        53.33
     103.000     0.984375      2404827        64.00
     104.000     0.985938      2408702        71.11
     105.000     0.987500      2412091        80.00
     106.000     0.989062      2415074        91.43
     107.000     0.990625      2417660       106.67
     109.000     0.992188      2421864       128.00
     110.000     0.992969      2423637       142.22
     111.000     0.993750      2425212       160.00
     112.000     0.994531      2426562       182.86
     114.000     0.995313      2428693       213.33
     116.000     0.996094      2430301       256.00
     117.000     0.996484      2431029       284.44
     119.000     0.996875      2432216       320.00
     120.000     0.997266      2432721       365.71
     122.000     0.997656      2433567       426.67
     125.000     0.998047      2434555       512.00
     127.000     0.998242      2435118       568.89
     129.000     0.998437      2435706       640.00
     130.000     0.998633      2435962       731.43
     132.000     0.998828      2436459       853.33
     135.000     0.999023      2436998      1024.00
     136.000     0.999121      2437172      1137.78
     138.000     0.999219      2437464      1280.00
     140.000     0.999316      2437703      1462.86
     142.000     0.999414      2437912      1706.67
     144.000     0.999512      2438136      2048.00
     145.000     0.999561      2438218      2275.56
     147.000     0.999609      2438380      2560.00
     148.000     0.999658      2438456      2925.71
     150.000     0.999707      2438573      3413.33
     153.000     0.999756      2438710      4096.00
     154.000     0.999780      2438749      4551.11
     156.000     0.999805      2438819      5120.00
     158.000     0.999829      2438885      5851.43
     160.000     0.999854      2438921      6826.67
     162.000     0.999878      2438978      8192.00
     164.000     0.999890      2439007      9102.22
     166.000     0.999902      2439048     10240.00
     168.000     0.999915      2439077     11702.86
     171.000     0.999927      2439098     13653.33
     176.000     0.999939      2439137     16384.00
     177.000     0.999945      2439141     18204.44
     179.000     0.999951      2439157     20480.00
     183.000     0.999957      2439174     23405.71
     186.000     0.999963      2439189     27306.67
     193.000     0.999969      2439202     32768.00
     195.000     0.999973      2439208     36408.89
     198.000     0.999976      2439215     40960.00
     209.000     0.999979      2439222     46811.43
     227.000     0.999982      2439230     54613.33
     251.000     0.999985      2439238     65536.00
     274.000     0.999986      2439241     72817.78
     326.000     0.999988      2439245     81920.00
     367.000     0.999989      2439248     93622.86
     393.000     0.999991      2439252    109226.67
     431.000     0.999992      2439257    131072.00
     447.000     0.999993      2439258    145635.56
     471.000     0.999994      2439260    163840.00
     478.000     0.999995      2439261    187245.71
     536.000     0.999995      2439263    218453.33
     561.000     0.999996      2439265    262144.00
     563.000     0.999997      2439266    291271.11
     769.000     0.999997      2439267    327680.00
     793.000     0.999997      2439268    374491.43
     812.000     0.999998      2439269    436906.67
     871.000     0.999998      2439270    524288.00
     871.000     0.999998      2439270    582542.22
    1691.000     0.999998      2439271    655360.00
    1691.000     0.999999      2439271    748982.86
    1704.000     0.999999      2439272    873813.33
    1704.000     0.999999      2439272   1048576.00
    1704.000     0.999999      2439272   1165084.44
    1766.000     0.999999      2439273   1310720.00
    1766.000     0.999999      2439273   1497965.71
    1766.000     0.999999      2439273   1747626.67
    1766.000     1.000000      2439273   2097152.00
    1766.000     1.000000      2439273   2330168.89
    1858.000     1.000000      2439274   2621440.00
    1858.000     1.000000      2439274          inf
#[Mean    =       76.037, StdDeviation   =        9.765]
#[Max     =     1858.000, Total count    =      2439274]
#[Buckets =            1, SubBuckets     =         2048]
