       Value   Percentile   TotalCount 1/(1-Percentile)

    5739.000     0.000000            1         1.00
   56223.000     0.100000        18502         1.11
   56703.000     0.200000        36644         1.25
   56863.000     0.300000        55194         1.43
   56959.000     0.400000        74472         1.67
   57055.000     0.500000        94050         2.00
   57087.000     0.550000       100421         2.22
   57119.000     0.600000       106468         2.50
   57183.000     0.650000       117328         2.86
   57215.000     0.700000       122620         3.33
   57279.000     0.750000       132587         4.00
   57311.000     0.775000       136775         4.44
   57343.000     0.800000       141005         5.00
   57375.000     0.825000       145193         5.71
   57439.000     0.850000       151475         6.67
   57471.000     0.875000       154096         8.00
   57503.000     0.887500       155745         8.89
   57567.000     0.900000       157644        10.00
   57695.000     0.912500       160110        11.43
   57791.000     0.925000       162681        13.33
   57855.000     0.937500       164298        16.00
   57887.000     0.943750       165204        17.78
   57951.000     0.950000       166883        20.00
   57983.000     0.956250       167642        22.86
   58015.000     0.962500       168438        26.67
   58079.000     0.968750       169711        32.00
   58111.000     0.971875       170206        35.56
   58175.000     0.975000       170897        40.00
   58239.000     0.978125       171189        45.71
   58751.000     0.981250       171732        53.33
   59135.000     0.984375       172311        64.00
   59231.000     0.985938       172586        71.11
   59295.000     0.987500       172866        80.00
   59359.000     0.989062       173114        91.43
   59455.000     0.990625       173462       106.67
   59519.000     0.992188       173659       128.00
   59551.000     0.992969       173767       142.22
   59615.000     0.993750       174013       160.00
   59647.000     0.994531       174065       182.86
   59711.000     0.995313       174222       213.33
   59743.000     0.996094       174317       256.00
   59807.000     0.996484       174394       284.44
   59871.000     0.996875       174465       320.00
   59935.000     0.997266       174519       365.71
   60031.000     0.997656       174592       426.67
   60127.000     0.998047       174661       512.00
   60191.000     0.998242       174699       568.89
   60255.000     0.998437       174727       640.00
   60351.000     0.998633       174757       731.43
   60511.000     0.998828       174794       853.33
   60735.000     0.999023       174831      1024.00
   60799.000     0.999121       174842      1137.78
   61631.000     0.999219       174858      1280.00
   62975.000     0.999316       174879      1462.86
   63167.000     0.999414       174900      1706.67
   63615.000     0.999512       174914      2048.00
   64415.000     0.999561       174920      2275.56
   64479.000     0.999609       174928      2560.00
   65023.000     0.999658       174935      2925.71
   65087.000     0.999707       174945      3413.33
   65919.000     0.999756       174957      4096.00
   65919.000     0.999780       174957      4551.11
   65983.000     0.999805       174963      5120.00
   66111.000     0.999829       174969      5851.43
   66111.000     0.999854       174969      6826.67
   66495.000     0.999878       174974      8192.00
   66559.000     0.999890       174984      9102.22
   66559.000     0.999902       174984     10240.00
   66559.000     0.999915       174984     11702.86
   66559.000     0.999927       174984     13653.33
   66559.000     0.999939       174984     16384.00
   67327.000     0.999945       174985     18204.44
   67391.000     0.999951       174992     20480.00
   67391.000     0.999957       174992     23405.71
   67391.000     0.999963       174992     27306.67
   67391.000     0.999969       174992     32768.00
   67391.000     0.999973       174992     36408.89
   67391.000     0.999976       174992     40960.00
   67391.000     0.999979       174992     46811.43
   67391.000     0.999982       174992     54613.33
   67391.000     0.999985       174992     65536.00
   67391.000     0.999986       174992     72817.78
   67391.000     0.999988       174992     81920.00
   67455.000     0.999989       174994     93622.86
   67455.000     1.000000       174994          inf
#[Mean    =    56949.950, StdDeviation   =     1511.378]
#[Max     =    67455.000, Total count    =       174994]
#[Buckets =            7, SubBuckets     =         2048]
