       Value   Percentile   TotalCount 1/(1-Percentile)

      86.000     0.000000            7         1.00
     116.000     0.100000         7032         1.11
     126.000     0.200000        12745         1.25
     134.000     0.300000        18730         1.43
     142.000     0.400000        25051         1.67
     157.000     0.500000        31441         2.00
     159.000     0.550000        35625         2.22
     160.000     0.600000        38421         2.50
     161.000     0.650000        40854         2.86
     163.000     0.700000        44294         3.33
     165.000     0.750000        47180         4.00
     166.000     0.775000        48699         4.44
     167.000     0.800000        50174         5.00
     168.000     0.825000        51450         5.71
     170.000     0.850000        53233         6.67
     172.000     0.875000        54521         8.00
     174.000     0.887500        55661         8.89
     175.000     0.900000        56284        10.00
     176.000     0.912500        57218        11.43
     177.000     0.925000        58403        13.33
     177.000     0.937500        58403        16.00
     178.000     0.943750        59386        17.78
     178.000     0.950000        59386        20.00
     179.000     0.956250        59994        22.86
     179.000     0.962500        59994        26.67
     180.000     0.968750        60315        32.00
     181.000     0.971875        60505        35.56
     182.000     0.975000        60633        40.00
     184.000     0.978125        60824        45.71
     186.000     0.981250        61011        53.33
     188.000     0.984375        61220        64.00
     189.000     0.985938        61307        71.11
     190.000     0.987500        61391        80.00
     192.000     0.989062        61487        91.43
     195.000     0.990625        61570       106.67
     199.000     0.992188        61660       128.00
     201.000     0.992969        61727       142.22
     202.000     0.993750        61772       160.00
     203.000     0.994531        61829       182.86
     204.000     0.995313        61886       213.33
     205.000     0.996094        61946       256.00
     205.000     0.996484        61946       284.44
     205.000     0.996875        61946       320.00
     206.000     0.997266        61995       365.71
     206.000     0.997656        61995       426.67
     207.000     0.998047        62024       512.00
     207.000     0.998242        62024       568.89
     208.000     0.998437        62042       640.00
     209.000     0.998633        62055       731.43
     210.000     0.998828        62065       853.33
     212.000     0.999023        62077      1024.00
     213.000     0.999121        62085      1137.78
     213.000     0.999219        62085      1280.00
     214.000     0.999316        62093      1462.86
     216.000     0.999414        62101      1706.67
     217.000     0.999512        62105      2048.00
     217.000     0.999561        62105      2275.56
     219.000     0.999609        62110      2560.00
     220.000     0.999658        62111      2925.71
     222.000     0.999707        62114      3413.33
     233.000     0.999756        62118      4096.00
     243.000     0.999780        62119      4551.11
     301.000     0.999805        62120      5120.00
     307.000     0.999829        62122      5851.43
     308.000     0.999854        62123      6826.67
     319.000     0.999878        62126      8192.00
     319.000     0.999890        62126      9102.22
     319.000     0.999902        62126     10240.00
     336.000     0.999915        62127     11702.86
     372.000     0.999927        62128     13653.33
     463.000     0.999939        62129     16384.00
     463.000     0.999945        62129     18204.44
     463.000     0.999951        62129     20480.00
     675.000     0.999957        62130     23405.71
     675.000     0.999963        62130     27306.67
    1364.000     0.999969        62131     32768.00
    1364.000     0.999973        62131     36408.89
    1364.000     0.999976        62131     40960.00
    1364.000     0.999979        62131     46811.43
    1364.000     0.999982        62131     54613.33
    1822.000     0.999985        62132     65536.00
    1822.000     1.000000        62132          inf
#[Mean    =      148.724, StdDeviation   =       24.218]
#[Max     =     1822.000, Total count    =        62132]
#[Buckets =            1, SubBuckets     =         2048]
