       Value   Percentile   TotalCount 1/(1-Percentile)

      43.000     0.000000            4         1.00
     267.000     0.100000      1162811         1.11
     388.000     0.200000      2316944         1.25
     552.000     0.300000      3470390         1.43
     832.000     0.400000      4624535         1.67
    1187.000     0.500000      5781331         2.00
    1357.000     0.550000      6359549         2.22
    1542.000     0.600000      6936763         2.50
    1831.000     0.650000      7514506         2.86
    2275.000     0.700000      8093548         3.33
    2777.000     0.750000      8672094         4.00
    3031.000     0.775000      8960446         4.44
    3295.000     0.800000      9249647         5.00
    3579.000     0.825000      9538508         5.71
    3901.000     0.850000      9827956         6.67
    4303.000     0.875000     10117148         8.00
    4559.000     0.887500     10260991         8.89
    4879.000     0.900000     10405967        10.00
    5299.000     0.912500     10549889        11.43
    5903.000     0.925000     10693614        13.33
    6899.000     0.937500     10838103        16.00
    7747.000     0.943750     10910592        17.78
    9007.000     0.950000     10983066        20.00
   10695.000     0.956250     11054964        22.86
   13135.000     0.962500     11127186        26.67
   17087.000     0.968750     11199601        32.00
   19983.000     0.971875     11235659        35.56
   24383.000     0.975000     11271703        40.00
   30831.000     0.978125     11307770        45.71
   40607.000     0.981250     11343972        53.33
   52255.000     0.984375     11380019        64.00
   60255.000     0.985938     11398080        71.11
   68159.000     0.987500     11416233        80.00
   77823.000     0.989062     11434244        91.43
   90047.000     0.990625     11452331       106.67
  107007.000     0.992188     11470323       128.00
  113343.000     0.992969     11479353       142.22
  123967.000     0.993750     11488419       160.00
  138239.000     0.994531     11497478       182.86
  151679.000     0.995313     11506528       213.33
  165631.000     0.996094     11515556       256.00
  175103.000     0.996484     11520007       284.44
  183039.000     0.996875     11524530       320.00
  189823.000     0.997266     11529098       365.71
  194943.000     0.997656     11533562       426.67
  204287.000     0.998047     11538069       512.00
  210175.000     0.998242     11540329       568.89
  215551.000     0.998437     11542581       640.00
  225791.000     0.998633     11544844       731.43
  235135.000     0.998828     11547103       853.33
  248959.000     0.999023     11549374      1024.00
  255999.000     0.999121     11550485      1137.78
  267775.000     0.999219     11551620      1280.00
  282879.000     0.999316     11552734      1462.86
  294143.000     0.999414     11553870      1706.67
  307967.000     0.999512     11554992      2048.00
  315647.000     0.999561     11555557      2275.56
  327167.000     0.999609     11556136      2560.00
  337919.000     0.999658     11556689      2925.71
  347647.000     0.999707     11557269      3413.33
  360703.000     0.999756     11557829      4096.00
  381183.000     0.999780     11558101      4551.11
  389887.000     0.999805     11558379      5120.00
  396287.000     0.999829     11558663      5851.43
  415743.000     0.999854     11558962      6826.67
  440831.000     0.999878     11559229      8192.00
  442367.000     0.999890     11559374      9102.22
  444927.000     0.999902     11559516     10240.00
  456959.000     0.999915     11559655     11702.86
  467455.000     0.999927     11559817     13653.33
  468991.000     0.999939     11559934     16384.00
  470271.000     0.999945     11560005     18204.44
  471295.000     0.999951     11560079     20480.00
  497151.000     0.999957     11560147     23405.71
  498175.000     0.999963     11560226     27306.67
  498687.000     0.999969     11560298     32768.00
  499455.000     0.999973     11560318     36408.89
  501503.000     0.999976     11560355     40960.00
  503807.000     0.999979     11560394     46811.43
  507135.000     0.999982     11560424     54613.33
  548351.000     0.999985     11560461     65536.00
  552447.000     0.999986     11560478     72817.78
  582655.000     0.999988     11560495     81920.00
  585727.000     0.999989     11560517     93622.86
  587263.000     0.999991     11560530    109226.67
  588799.000     0.999992     11560548    131072.00
  590335.000     0.999993     11560556    145635.56
  591871.000     0.999994     11560565    163840.00
  622591.000     0.999995     11560582    187245.71
  623103.000     0.999995     11560594    218453.33
  623103.000     0.999996     11560594    262144.00
  623615.000     0.999997     11560604    291271.11
  623615.000     0.999997     11560604    327680.00
  624127.000     0.999997     11560612    374491.43
  624127.000     0.999998     11560612    436906.67
  624639.000     0.999998     11560619    524288.00
  624639.000     0.999998     11560619    582542.22
  624639.000     0.999998     11560619    655360.00
  625151.000     0.999999     11560628    748982.86
  625151.000     0.999999     11560628    873813.33
  625151.000     0.999999     11560628   1048576.00
  625151.000     0.999999     11560628   1165084.44
  625151.000     0.999999     11560628   1310720.00
  625151.000     0.999999     11560628   1497965.71
  625663.000     0.999999     11560633   1747626.67
  625663.000     1.000000     11560633   2097152.00
  625663.000     1.000000     11560633   2330168.89
  625663.000     1.000000     11560633   2621440.00
  625663.000     1.000000     11560633   2995931.43
  625663.000     1.000000     11560633   3495253.33
  625663.000     1.000000     11560633   4194304.00
  625663.000     1.000000     11560633   4660337.78
  625663.000     1.000000     11560633   5242880.00
  626175.000     1.000000     11560635   5991862.86
  626175.000     1.000000     11560635          inf
#[Mean    =     4275.275, StdDeviation   =    18685.018]
#[Max     =   626175.000, Total count    =     11560635]
#[Buckets =           10, SubBuckets     =         2048]
