       Value   Percentile   TotalCount 1/(1-Percentile)

     500.000     0.000000            1         1.00
   15823.000     0.100000       284329         1.11
   18367.000     0.200000       568541         1.25
   20335.000     0.300000       854008         1.43
   22095.000     0.400000      1136450         1.67
   23871.000     0.500000      1422191         2.00
   24815.000     0.550000      1564578         2.22
   25839.000     0.600000      1705655         2.50
   26975.000     0.650000      1847012         2.86
   28287.000     0.700000      1988644         3.33
   29871.000     0.750000      2130620         4.00
   30815.000     0.775000      2202177         4.44
   31903.000     0.800000      2272950         5.00
   33183.000     0.825000      2343741         5.71
   34751.000     0.850000      2415487         6.67
   36703.000     0.875000      2486470         8.00
   37887.000     0.887500      2521468         8.89
   39295.000     0.900000      2556940        10.00
   41023.000     0.912500      2592473        11.43
   43263.000     0.925000      2627898        13.33
   46271.000     0.937500      2663457        16.00
   48159.000     0.943750      2681137        17.78
   50431.000     0.950000      2698876        20.00
   52991.000     0.956250      2716608        22.86
   55743.000     0.962500      2734211        26.67
   58815.000     0.968750      2752059        32.00
   60511.000     0.971875      2760873        35.56
   62399.000     0.975000      2769689        40.00
   64479.000     0.978125      2778575        45.71
   66943.000     0.981250      2787507        53.33
   70271.000     0.984375      2796413        64.00
   72703.000     0.985938      2800774        71.11
   76223.000     0.987500      2805239        80.00
   81151.000     0.989062      2809636        91.43
   88255.000     0.990625      2814088       106.67
   95807.000     0.992188      2818509       128.00
   99583.000     0.992969      2820749       142.22
  103423.000     0.993750      2822956       160.00
  107391.000     0.994531      2825173       182.86
  111743.000     0.995313      2827387       213.33
  116671.000     0.996094      2829604       256.00
  119615.000     0.996484      2830708       284.44
  122815.000     0.996875      2831815       320.00
  126335.000     0.997266      2832940       365.71
  130943.000     0.997656      2834042       426.67
  139135.000     0.998047      2835150       512.00
  145407.000     0.998242      2835701       568.89
  150655.000     0.998437      2836263       640.00
  157055.000     0.998633      2836809       731.43
  163455.000     0.998828      2837366       853.33
  170495.000     0.999023      2837923      1024.00
  174975.000     0.999121      2838202      1137.78
  178303.000     0.999219      2838479      1280.00
  180863.000     0.999316      2838763      1462.86
  184959.000     0.999414      2839037      1706.67
  188287.000     0.999512      2839311      2048.00
  189439.000     0.999561      2839447      2275.56
  190719.000     0.999609      2839585      2560.00
  192511.000     0.999658      2839724      2925.71
  194303.000     0.999707      2839872      3413.33
  196223.000     0.999756      2840004      4096.00
  197759.000     0.999780      2840073      4551.11
  199039.000     0.999805      2840143      5120.00
  200575.000     0.999829      2840207      5851.43
  201983.000     0.999854      2840277      6826.67
  203135.000     0.999878      2840347      8192.00
  203775.000     0.999890      2840383      9102.22
  204543.000     0.999902      2840417     10240.00
  205439.000     0.999915      2840455     11702.86
  205823.000     0.999927      2840485     13653.33
  207103.000     0.999939      2840522     16384.00
  207615.000     0.999945      2840541     18204.44
  207871.000     0.999951      2840555     20480.00
  208767.000     0.999957      2840571     23405.71
  209407.000     0.999963      2840589     27306.67
  211199.000     0.999969      2840607     32768.00
  212095.000     0.999973      2840615     36408.89
  212991.000     0.999976      2840623     40960.00
  213375.000     0.999979      2840632     46811.43
  214911.000     0.999982      2840640     54613.33
  216959.000     0.999985      2840649     65536.00
  217471.000     0.999986      2840654     72817.78
  219135.000     0.999988      2840659     81920.00
  229503.000     0.999989      2840662     93622.86
  231167.000     0.999991      2840666    109226.67
  232575.000     0.999992      2840671    131072.00
  235135.000     0.999993      2840674    145635.56
  235519.000     0.999994      2840676    163840.00
  239487.000     0.999995      2840678    187245.71
  239743.000     0.999995      2840680    218453.33
  240127.000     0.999996      2840682    262144.00
  240383.000     0.999997      2840683    291271.11
  240639.000     0.999997      2840684    327680.00
  240767.000     0.999997      2840685    374491.43
  241151.000     0.999998      2840686    436906.67
  243071.000     0.999998      2840687    524288.00
  245247.000     0.999998      2840688    582542.22
  245247.000     0.999998      2840688    655360.00
  246911.000     0.999999      2840689    748982.86
  246911.000     0.999999      2840689    873813.33
  247039.000     0.999999      2840690   1048576.00
  247039.000     0.999999      2840690   1165084.44
  247039.000     0.999999      2840690   1310720.00
  248447.000     0.999999      2840691   1497965.71
  248447.000     0.999999      2840691   1747626.67
  248447.000     1.000000      2840691   2097152.00
  248447.000     1.000000      2840691   2330168.89
  248447.000     1.000000      2840691   2621440.00
  248959.000     1.000000      2840692   2995931.43
  248959.000     1.000000      2840692          inf
#[Mean    =    26914.059, StdDeviation   =    14323.758]
#[Max     =   248959.000, Total count    =      2840692]
#[Buckets =            8, SubBuckets     =         2048]
