       Value   Percentile   TotalCount 1/(1-Percentile)

     624.000     0.000000            1         1.00
   13575.000     0.100000        75417         1.11
   13631.000     0.200000       150547         1.25
   13671.000     0.300000       225381         1.43
   13711.000     0.400000       302146         1.67
   13743.000     0.500000       366297         2.00
   13767.000     0.550000       412032         2.22
   13783.000     0.600000       440592         2.50
   13807.000     0.650000       478961         2.86
   13831.000     0.700000       512306         3.33
   13863.000     0.750000       550645         4.00
   13879.000     0.775000       567384         4.44
   13895.000     0.800000       584305         5.00
   13911.000     0.825000       600113         5.71
   13935.000     0.850000       621570         6.67
   13959.000     0.875000       640930         8.00
   13967.000     0.887500       646859         8.89
   13983.000     0.900000       657711        10.00
   13999.000     0.912500       666773        11.43
   14015.000     0.925000       674457        13.33
   14031.000     0.937500       681782        16.00
   14047.000     0.943750       688137        17.78
   14055.000     0.950000       690792        20.00
   14071.000     0.956250       694919        22.86
   14095.000     0.962500       699778        26.67
   14127.000     0.968750       704433        32.00
   14143.000     0.971875       706326        35.56
   14167.000     0.975000       709203        40.00
   14191.000     0.978125       711157        45.71
   14223.000     0.981250       713206        53.33
   14271.000     0.984375       715563        64.00
   14295.000     0.985938       716501        71.11
   14327.000     0.987500       717629        80.00
   14359.000     0.989062       718783        91.43
   14407.000     0.990625       720060       106.67
   14439.000     0.992188       721079       128.00
   14463.000     0.992969       721691       142.22
   14479.000     0.993750       722167       160.00
   14503.000     0.994531       722983       182.86
   14519.000     0.995313       723460       213.33
   14535.000     0.996094       723939       256.00
   14551.000     0.996484       724335       284.44
   14559.000     0.996875       724505       320.00
   14575.000     0.997266       724824       365.71
   14591.000     0.997656       725070       426.67
   14607.000     0.998047       725351       512.00
   14615.000     0.998242       725493       568.89
   14623.000     0.998437       725586       640.00
   14639.000     0.998633       725825       731.43
   14647.000     0.998828       725891       853.33
   14663.000     0.999023       726035      1024.00
   14671.000     0.999121       726093      1137.78
   14679.000     0.999219       726156      1280.00
   14687.000     0.999316       726222      1462.86
   14695.000     0.999414       726285      1706.67
   14711.000     0.999512       726404      2048.00
   14711.000     0.999561       726404      2275.56
   14719.000     0.999609       726435      2560.00
   14743.000     0.999658       726460      2925.71
   20303.000     0.999707       726496      3413.33
   21615.000     0.999756       726531      4096.00
   22175.000     0.999780       726549      4551.11
   23503.000     0.999805       726569      5120.00
   23743.000     0.999829       726587      5851.43
   25151.000     0.999854       726602      6826.67
   25823.000     0.999878       726620      8192.00
   27263.000     0.999890       726630      9102.22
   27311.000     0.999902       726638     10240.00
   27407.000     0.999915       726646     11702.86
   27455.000     0.999927       726655     13653.33
   27519.000     0.999939       726665     16384.00
   27535.000     0.999945       726670     18204.44
   27567.000     0.999951       726677     20480.00
   27567.000     0.999957       726677     23405.71
   27599.000     0.999963       726686     27306.67
   27599.000     0.999969       726686     32768.00
   27631.000     0.999973       726689     36408.89
   27647.000     0.999976       726691     40960.00
   27663.000     0.999979       726693     46811.43
   27679.000     0.999982       726696     54613.33
   27695.000     0.999985       726698     65536.00
   27727.000     0.999986       726699     72817.78
   27743.000     0.999988       726701     81920.00
   27743.000     0.999989       726701     93622.86
   27759.000     0.999991       726702    109226.67
   27775.000     0.999992       726703    131072.00
   27951.000     0.999993       726704    145635.56
   27951.000     0.999994       726704    163840.00
   27999.000     0.999995       726705    187245.71
   27999.000     0.999995       726705    218453.33
   28111.000     0.999996       726706    262144.00
   28111.000     0.999997       726706    291271.11
   28111.000     0.999997       726706    327680.00
   28287.000     0.999997       726707    374491.43
   28287.000     0.999998       726707    436906.67
   28287.000     0.999998       726707    524288.00
   28287.000     0.999998       726707    582542.22
   28287.000     0.999998       726707    655360.00
   28367.000     0.999999       726708    748982.86
   28367.000     1.000000       726708          inf
#[Mean    =    13761.100, StdDeviation   =      333.780]
#[Max     =    28367.000, Total count    =       726708]
#[Buckets =            5, SubBuckets     =         2048]
