       Value   Percentile   TotalCount 1/(1-Percentile)

      81.000     0.000000            1         1.00
     113.000     0.100000       144160         1.11
     118.000     0.200000       293224         1.25
     122.000     0.300000       444701         1.43
     125.000     0.400000       562911         1.67
     129.000     0.500000       712017         2.00
     131.000     0.550000       779250         2.22
     134.000     0.600000       869406         2.50
     136.000     0.650000       923357         2.86
     139.000     0.700000       994968         3.33
     142.000     0.750000      1056777         4.00
     144.000     0.775000      1093502         4.44
     146.000     0.800000      1126604         5.00
     149.000     0.825000      1170825         5.71
     151.000     0.850000      1196831         6.67
     154.000     0.875000      1231918         8.00
     156.000     0.887500      1252369         8.89
     158.000     0.900000      1271109        10.00
     160.000     0.912500      1287709        11.43
     162.000     0.925000      1302754        13.33
     164.000     0.937500      1316212        16.00
     166.000     0.943750      1328079        17.78
     167.000     0.950000      1333529        20.00
     169.000     0.956250      1343265        22.86
     171.000     0.962500      1351767        26.67
     174.000     0.968750      1362393        32.00
     175.000     0.971875      1365428        35.56
     177.000     0.975000      1370771        40.00
     178.000     0.978125      1373138        45.71
     180.000     0.981250      1377439        53.33
     183.000     0.984375      1382539        64.00
     184.000     0.985938      1384014        71.11
     186.000     0.987500      1386731        80.00
     188.000     0.989062      1389056        91.43
     190.000     0.990625      1391070       106.67
     192.000     0.992188      1392854       128.00
     193.000     0.992969      1393659       142.22
     195.000     0.993750      1395044       160.00
     197.000     0.994531      1396285       182.86
     199.000     0.995313      1397301       213.33
     201.000     0.996094      1398207       256.00
     202.000     0.996484      1398585       284.44
     204.000     0.996875      1399331       320.00
     205.000     0.997266      1399651       365.71
     207.000     0.997656      1400190       426.67
     210.000     0.998047      1400894       512.00
     211.000     0.998242      1401097       568.89
     212.000     0.998437      1401297       640.00
     214.000     0.998633      1401612       731.43
     216.000     0.998828      1401878       853.33
     218.000     0.999023      1402112      1024.00
     220.000     0.999121      1402299      1137.78
     221.000     0.999219      1402376      1280.00
     223.000     0.999316      1402519      1462.86
     225.000     0.999414      1402661      1706.67
     228.000     0.999512      1402785      2048.00
     230.000     0.999561      1402855      2275.56
     233.000     0.999609      1402943      2560.00
     235.000     0.999658      1402995      2925.71
     240.000     0.999707      1403065      3413.33
     247.000     0.999756      1403125      4096.00
     253.000     0.999780      1403159      4551.11
     268.000     0.999805      1403195      5120.00
     292.000     0.999829      1403228      5851.43
     349.000     0.999854      1403261      6826.67
     496.000     0.999878      1403295      8192.00
     696.000     0.999890      1403312      9102.22
    1173.000     0.999902      1403329     10240.00
    1686.000     0.999915      1403347     11702.86
    2759.000     0.999927      1403364     13653.33
    8107.000     0.999939      1403381     16384.00
   16399.000     0.999945      1403389     18204.44
   20639.000     0.999951      1403398     20480.00
   22383.000     0.999957      1403408     23405.71
   23903.000     0.999963      1403415     27306.67
   30847.000     0.999969      1403424     32768.00
   34015.000     0.999973      1403428     36408.89
   34783.000     0.999976      1403432     40960.00
   39583.000     0.999979      1403437     46811.43
   39935.000     0.999982      1403441     54613.33
   41279.000     0.999985      1403445     65536.00
   41951.000     0.999986      1403447     72817.78
   43039.000     0.999988      1403449     81920.00
   43295.000     0.999989      1403452     93622.86
   43487.000     0.999991      1403454    109226.67
   43583.000     0.999992      1403457    131072.00
   43583.000     0.999993      1403457    145635.56
   43775.000     0.999994      1403458    163840.00
   44479.000     0.999995      1403459    187245.71
   44543.000     0.999995      1403460    218453.33
   44895.000     0.999996      1403461    262144.00
   48351.000     0.999997      1403462    291271.11
   48351.000     0.999997      1403462    327680.00
   48799.000     0.999997      1403463    374491.43
   48799.000     0.999998      1403463    436906.67
   51263.000     0.999998      1403464    524288.00
   51263.000     0.999998      1403464    582542.22
   51263.000     0.999998      1403464    655360.00
   52767.000     0.999999      1403465    748982.86
   52767.000     0.999999      1403465    873813.33
   52767.000     0.999999      1403465   1048576.00
   52767.000     0.999999      1403465   1165084.44
   52767.000     0.999999      1403465   1310720.00
   54783.000     0.999999      1403466   1497965.71
   54783.000     1.000000      1403466          inf
#[Mean    =      134.754, StdDeviation   =      256.883]
#[Max     =    54783.000, Total count    =      1403466]
#[Buckets =            6, SubBuckets     =         2048]
