       Value   Percentile   TotalCount 1/(1-Percentile)

      80.000     0.000000            2         1.00
     571.000     0.100000       596180         1.11
    1129.000     0.200000      1190609         1.25
    1971.000     0.300000      1785125         1.43
    3221.000     0.400000      2380324         1.67
    4843.000     0.500000      2975836         2.00
    5759.000     0.550000      3272490         2.22
    6739.000     0.600000      3570460         2.50
    7779.000     0.650000      3867548         2.86
    8895.000     0.700000      4165434         3.33
   10127.000     0.750000      4463797         4.00
   10799.000     0.775000      4611364         4.44
   11535.000     0.800000      4760933         5.00
   12335.000     0.825000      4909382         5.71
   13199.000     0.850000      5057899         6.67
   14167.000     0.875000      5206266         8.00
   14695.000     0.887500      5280729         8.89
   15271.000     0.900000      5354827        10.00
   15911.000     0.912500      5429573        11.43
   16607.000     0.925000      5503782        13.33
   17407.000     0.937500      5578191        16.00
   17871.000     0.943750      5615929        17.78
   18367.000     0.950000      5652973        20.00
   18927.000     0.956250      5690234        22.86
   19551.000     0.962500      5726758        26.67
   20287.000     0.968750      5763844        32.00
   20719.000     0.971875      5782995        35.56
   21183.000     0.975000      5801244        40.00
   21695.000     0.978125      5819616        45.71
   22319.000     0.981250      5838441        53.33
   23055.000     0.984375      5856952        64.00
   23487.000     0.985938      5866384        71.11
   23967.000     0.987500      5875524        80.00
   24511.000     0.989062      5884857        91.43
   25151.000     0.990625      5893928       106.67
   25967.000     0.992188      5903351       128.00
   26447.000     0.992969      5907894       142.22
   27023.000     0.993750      5912607       160.00
   27695.000     0.994531      5917195       182.86
   28511.000     0.995313      5921820       213.33
   29679.000     0.996094      5926468       256.00
   30463.000     0.996484      5928812       284.44
   31455.000     0.996875      5931132       320.00
   32831.000     0.997266      5933471       365.71
   34783.000     0.997656      5935761       426.67
   38975.000     0.998047      5938089       512.00
   42175.000     0.998242      5939243       568.89
   48991.000     0.998437      5940406       640.00
   56959.000     0.998633      5941571       731.43
   63167.000     0.998828      5942731       853.33
   69695.000     0.999023      5943896      1024.00
   73727.000     0.999121      5944470      1137.78
   78399.000     0.999219      5945052      1280.00
   83711.000     0.999316      5945638      1462.86
   90111.000     0.999414      5946216      1706.67
   96767.000     0.999512      5946794      2048.00
  100607.000     0.999561      5947085      2275.56
  104831.000     0.999609      5947378      2560.00
  109119.000     0.999658      5947668      2925.71
  112127.000     0.999707      5947960      3413.33
  115775.000     0.999756      5948248      4096.00
  119039.000     0.999780      5948392      4551.11
  122495.000     0.999805      5948539      5120.00
  127359.000     0.999829      5948683      5851.43
  131711.000     0.999854      5948829      6826.67
  135807.000     0.999878      5948973      8192.00
  139263.000     0.999890      5949046      9102.22
  144383.000     0.999902      5949118     10240.00
  148095.000     0.999915      5949191     11702.86
  152831.000     0.999927      5949272     13653.33
  157311.000     0.999939      5949336     16384.00
  161919.000     0.999945      5949373     18204.44
  165247.000     0.999951      5949410     20480.00
  169087.000     0.999957      5949445     23405.71
  173695.000     0.999963      5949484     27306.67
  177535.000     0.999969      5949518     32768.00
  178559.000     0.999973      5949537     36408.89
  180351.000     0.999976      5949555     40960.00
  183039.000     0.999979      5949572     46811.43
  192639.000     0.999982      5949591     54613.33
  202239.000     0.999985      5949609     65536.00
  262911.000     0.999986      5949618     72817.78
  263679.000     0.999988      5949629     81920.00
  265471.000     0.999989      5949637     93622.86
  266751.000     0.999991      5949646    109226.67
  267519.000     0.999992      5949655    131072.00
  268031.000     0.999993      5949659    145635.56
  268543.000     0.999994      5949665    163840.00
  268799.000     0.999995      5949669    187245.71
  269311.000     0.999995      5949672    218453.33
  270591.000     0.999996      5949678    262144.00
  270847.000     0.999997      5949681    291271.11
  270847.000     0.999997      5949681    327680.00
  271359.000     0.999997      5949685    374491.43
  271615.000     0.999998      5949686    436906.67
  271871.000     0.999998      5949688    524288.00
  272383.000     0.999998      5949689    582542.22
  272639.000     0.999998      5949690    655360.00
  274687.000     0.999999      5949696    748982.86
  274687.000     0.999999      5949696    873813.33
  274687.000     0.999999      5949696   1048576.00
  274687.000     0.999999      5949696   1165084.44
  274687.000     0.999999      5949696   1310720.00
  274687.000     0.999999      5949696   1497965.71
  274687.000     0.999999      5949696   1747626.67
  277247.000     1.000000      5949697   2097152.00
  277247.000     1.000000      5949697   2330168.89
  277247.000     1.000000      5949697   2621440.00
  277759.000     1.000000      5949699   2995931.43
  277759.000     1.000000      5949699          inf
#[Mean    =     6670.289, StdDeviation   =     6931.741]
#[Max     =   277759.000, Total count    =      5949699]
#[Buckets =            9, SubBuckets     =         2048]
