       Value   Percentile   TotalCount 1/(1-Percentile)

      42.000     0.000000            1         1.00
      61.000     0.100000       240965         1.11
      65.000     0.200000       496926         1.25
      69.000     0.300000       714374         1.43
      73.000     0.400000      1008738         1.67
      75.000     0.500000      1226291         2.00
      76.000     0.550000      1308918         2.22
      78.000     0.600000      1464820         2.50
      79.000     0.650000      1560132         2.86
      81.000     0.700000      1711455         3.33
      83.000     0.750000      1790871         4.00
      85.000     0.775000      1856203         4.44
      87.000     0.800000      1918017         5.00
      89.000     0.825000      1966162         5.71
      92.000     0.850000      2018430         6.67
      96.000     0.875000      2088661         8.00
      97.000     0.887500      2108219         8.89
      99.000     0.900000      2150106        10.00
     100.000     0.912500      2171720        11.43
     102.000     0.925000      2211842        13.33
     103.000     0.937500      2227917        16.00
     104.000     0.943750      2240677        17.78
     106.000     0.950000      2257106        20.00
     109.000     0.956250      2270763        22.86
     114.000     0.962500      2287166        26.67
     119.000     0.968750      2301591        32.00
     122.000     0.971875      2308298        35.56
     125.000     0.975000      2314301        40.00
     130.000     0.978125      2322493        45.71
     139.000     0.981250      2329468        53.33
     158.000     0.984375      2336975        64.00
     162.000     0.985938      2341998        71.11
     163.000     0.987500      2346348        80.00
     164.000     0.989062      2352530        91.43
     164.000     0.990625      2352530       106.67
     165.000     0.992188      2358074       128.00
     165.000     0.992969      2358074       142.22
     166.000     0.993750      2361439       160.00
     166.000     0.994531      2361439       182.86
     167.000     0.995313      2362999       213.33
     170.000     0.996094      2364795       256.00
     171.000     0.996484      2365283       284.44
     173.000     0.996875      2366455       320.00
     175.000     0.997266      2367663       365.71
     176.000     0.997656      2368262       426.67
     178.000     0.998047      2369224       512.00
     179.000     0.998242      2369621       568.89
     180.000     0.998437      2369952       640.00
     182.000     0.998633      2370446       731.43
     185.000     0.998828      2370957       853.33
     188.000     0.999023      2371277      1024.00
     190.000     0.999121      2371518      1137.78
     192.000     0.999219      2371810      1280.00
     194.000     0.999316      2372115      1462.86
     195.000     0.999414      2372256      1706.67
     198.000     0.999512      2372471      2048.00
     200.000     0.999561      2372555      2275.56
     203.000     0.999609      2372702      2560.00
     206.000     0.999658      2372814      2925.71
     208.000     0.999707      2372899      3413.33
     211.000     0.999756      2373037      4096.00
     212.000     0.999780      2373079      4551.11
     214.000     0.999805      2373143      5120.00
     216.000     0.999829      2373206      5851.43
     218.000     0.999854      2373259      6826.67
     220.000     0.999878      2373322      8192.00
     221.000     0.999890      2373348      9102.22
     222.000     0.999902      2373369     10240.00
     224.000     0.999915      2373400     11702.86
     226.000     0.999927      2373435     13653.33
     227.000     0.999939      2373450     16384.00
     229.000     0.999945      2373474     18204.44
     230.000     0.999951      2373487     20480.00
     231.000     0.999957      2373496     23405.71
     233.000     0.999963      2373515     27306.67
     234.000     0.999969      2373527     32768.00
     235.000     0.999973      2373532     36408.89
     236.000     0.999976      2373538     40960.00
     238.000     0.999979      2373547     46811.43
     239.000     0.999982      2373552     54613.33
     240.000     0.999985      2373557     65536.00
     244.000     0.999986      2373561     72817.78
     252.000     0.999988      2373565     81920.00
     294.000     0.999989      2373568     93622.86
     331.000     0.999991      2373572    109226.67
     447.000     0.999992      2373575    131072.00
     476.000     0.999993      2373577    145635.56
     490.000     0.999994      2373579    163840.00
     509.000     0.999995      2373581    187245.71
     529.000     0.999995      2373583    218453.33
     530.000     0.999996      2373584    262144.00
     554.000     0.999997      2373585    291271.11
     714.000     0.999997      2373586    327680.00
     755.000     0.999997      2373587    374491.43
     791.000     0.999998      2373588    436906.67
     965.000     0.999998      2373589    524288.00
     965.000     0.999998      2373589    582542.22
     974.000     0.999998      2373590    655360.00
     974.000     0.999999      2373590    748982.86
     975.000     0.999999      2373591    873813.33
     975.000     0.999999      2373591   1048576.00
     975.000     0.999999      2373591   1165084.44
    1013.000     0.999999      2373592   1310720.00
    1013.000     0.999999      2373592   1497965.71
    1013.000     0.999999      2373592   1747626.67
    1013.000     1.000000      2373592   2097152.00
    1013.000     1.000000      2373592   2330168.89
    1039.000     1.000000      2373593   2621440.00
    1039.000     1.000000      2373593          inf
#[Mean    =       78.120, StdDeviation   =       18.711]
#[Max     =     1039.000, Total count    =      2373593]
#[Buckets =            1, SubBuckets     =         2048]
