       Value   Percentile   TotalCount 1/(1-Percentile)

      65.000     0.000000            3         1.00
      87.000     0.100000       162935         1.11
      95.000     0.200000       324564         1.25
     101.000     0.300000       479200         1.43
     106.000     0.400000       623198         1.67
     112.000     0.500000       784421         2.00
     115.000     0.550000       852984         2.22
     119.000     0.600000       938739         2.50
     122.000     0.650000       998313         2.86
     127.000     0.700000      1083423         3.33
     132.000     0.750000      1153116         4.00
     135.000     0.775000      1188804         4.44
     139.000     0.800000      1231325         5.00
     143.000     0.825000      1270985         5.71
     147.000     0.850000      1307339         6.67
     152.000     0.875000      1344800         8.00
     155.000     0.887500      1363840         8.89
     158.000     0.900000      1380064        10.00
     162.000     0.912500      1399131        11.43
     167.000     0.925000      1418285        13.33
     174.000     0.937500      1439321        16.00
     177.000     0.943750      1447571        17.78
     181.000     0.950000      1457398        20.00
     186.000     0.956250      1467232        22.86
     192.000     0.962500      1476493        26.67
     199.000     0.968750      1485105        32.00
     204.000     0.971875      1490185        35.56
     209.000     0.975000      1494870        40.00
     214.000     0.978125      1499475        45.71
     219.000     0.981250      1504449        53.33
     224.000     0.984375      1509669        64.00
     226.000     0.985938      1511591        71.11
     229.000     0.987500      1514327        80.00
     232.000     0.989062      1516675        91.43
     235.000     0.990625      1518746       106.67
     239.000     0.992188      1521162       128.00
     241.000     0.992969      1522238       142.22
     244.000     0.993750      1523620       160.00
     247.000     0.994531      1524811       182.86
     250.000     0.995313      1525820       213.33
     255.000     0.996094      1527233       256.00
     257.000     0.996484      1527704       284.44
     260.000     0.996875      1528370       320.00
     262.000     0.997266      1528820       365.71
     266.000     0.997656      1529508       426.67
     269.000     0.998047      1529993       512.00
     272.000     0.998242      1530405       568.89
     274.000     0.998437      1530630       640.00
     277.000     0.998633      1530943       731.43
     280.000     0.998828      1531197       853.33
     284.000     0.999023      1531495      1024.00
     287.000     0.999121      1531659      1137.78
     290.000     0.999219      1531807      1280.00
     293.000     0.999316      1531933      1462.86
     297.000     0.999414      1532094      1706.67
     303.000     0.999512      1532235      2048.00
     307.000     0.999561      1532320      2275.56
     310.000     0.999609      1532393      2560.00
     315.000     0.999658      1532474      2925.71
     319.000     0.999707      1532536      3413.33
     324.000     0.999756      1532608      4096.00
     327.000     0.999780      1532640      4551.11
     331.000     0.999805      1532683      5120.00
     334.000     0.999829      1532717      5851.43
     340.000     0.999854      1532757      6826.67
     346.000     0.999878      1532790      8192.00
     356.000     0.999890      1532810      9102.22
     364.000     0.999902      1532827     10240.00
     384.000     0.999915      1532846     11702.86
     415.000     0.999927      1532864     13653.33
     433.000     0.999939      1532884     16384.00
     439.000     0.999945      1532893     18204.44
     447.000     0.999951      1532902     20480.00
     470.000     0.999957      1532911     23405.71
     494.000     0.999963      1532921     27306.67
     519.000     0.999969      1532930     32768.00
     532.000     0.999973      1532934     36408.89
     557.000     0.999976      1532939     40960.00
     627.000     0.999979      1532944     46811.43
     739.000     0.999982      1532948     54613.33
    1184.000     0.999985      1532953     65536.00
    1201.000     0.999986      1532955     72817.78
    1311.000     0.999988      1532958     81920.00
    1411.000     0.999989      1532960     93622.86
    1441.000     0.999991      1532962    109226.67
    1526.000     0.999992      1532965    131072.00
    1541.000     0.999993      1532966    145635.56
    1556.000     0.999994      1532967    163840.00
    1590.000     0.999995      1532968    187245.71
    1595.000     0.999995      1532969    218453.33
    1624.000     0.999996      1532971    262144.00
    1624.000     0.999997      1532971    291271.11
    1653.000     0.999997      1532972    327680.00
    1653.000     0.999997      1532972    374491.43
    1716.000     0.999998      1532973    436906.67
    1754.000     0.999998      1532974    524288.00
    1754.000     0.999998      1532974    582542.22
    1754.000     0.999998      1532974    655360.00
    1754.000     0.999999      1532974    748982.86
    1803.000     0.999999      1532975    873813.33
    1803.000     0.999999      1532975   1048576.00
    1803.000     0.999999      1532975   1165084.44
    1803.000     0.999999      1532975   1310720.00
    1803.000     0.999999      1532975   1497965.71
    1877.000     0.999999      1532976   1747626.67
    1877.000     1.000000      1532976          inf
#[Mean    =      119.368, StdDeviation   =       32.262]
#[Max     =     1877.000, Total count    =      1532976]
#[Buckets =            1, SubBuckets     =         2048]
