       Value   Percentile   TotalCount 1/(1-Percentile)

      44.000     0.000000            2         1.00
     258.000     0.100000      1421296         1.11
     385.000     0.200000      2843053         1.25
     513.000     0.300000      4264291         1.43
     666.000     0.400000      5685135         1.67
     875.000     0.500000      7107209         2.00
    1019.000     0.550000      7816142         2.22
    1217.000     0.600000      8525854         2.50
    1525.000     0.650000      9234245         2.86
    2073.000     0.700000      9945152         3.33
    3049.000     0.750000     10654758         4.00
    3885.000     0.775000     11009973         4.44
    5251.000     0.800000     11364720         5.00
    7755.000     0.825000     11719820         5.71
   13015.000     0.850000     12075059         6.67
   17007.000     0.875000     12430359         8.00
   18799.000     0.887500     12608423         8.89
   20591.000     0.900000     12785392        10.00
   22463.000     0.912500     12963357        11.43
   24511.000     0.925000     13140670        13.33
   26959.000     0.937500     13318154        16.00
   28351.000     0.943750     13406911        17.78
   29823.000     0.950000     13496074        20.00
   31359.000     0.956250     13584146        22.86
   32991.000     0.962500     13673048        26.67
   34751.000     0.968750     13761832        32.00
   35711.000     0.971875     13806342        35.56
   36735.000     0.975000     13850673        40.00
   37887.000     0.978125     13895524        45.71
   39167.000     0.981250     13939442        53.33
   40671.000     0.984375     13984041        64.00
   41535.000     0.985938     14006079        71.11
   42495.000     0.987500     14028442        80.00
   43519.000     0.989062     14050677        91.43
   44575.000     0.990625     14072427       106.67
   45727.000     0.992188     14094601       128.00
   46367.000     0.992969     14106195       142.22
   46975.000     0.993750     14116866       160.00
   47647.000     0.994531     14128214       182.86
   48351.000     0.995313     14139044       213.33
   49151.000     0.996094     14150216       256.00
   49599.000     0.996484     14155792       284.44
   50079.000     0.996875     14161441       320.00
   50591.000     0.997266     14166797       365.71
   51199.000     0.997656     14172520       426.67
   51871.000     0.998047     14177925       512.00
   52255.000     0.998242     14180694       568.89
   52671.000     0.998437     14183550       640.00
   53119.000     0.998633     14186266       731.43
   53631.000     0.998828     14188983       853.33
   54271.000     0.999023     14191715      1024.00
   54687.000     0.999121     14193110      1137.78
   55167.000     0.999219     14194514      1280.00
   55743.000     0.999316     14195835      1462.86
   56511.000     0.999414     14197231      1706.67
   57471.000     0.999512     14198602      2048.00
   58175.000     0.999561     14199298      2275.56
   59135.000     0.999609     14199983      2560.00
   60543.000     0.999658     14200676      2925.71
   62367.000     0.999707     14201364      3413.33
   67007.000     0.999756     14202057      4096.00
   70399.000     0.999780     14202406      4551.11
   75135.000     0.999805     14202754      5120.00
   76479.000     0.999829     14203104      5851.43
   79039.000     0.999854     14203447      6826.67
   90815.000     0.999878     14203793      8192.00
   96767.000     0.999890     14203966      9102.22
  101375.000     0.999902     14204147     10240.00
  107967.000     0.999915     14204313     11702.86
  117119.000     0.999927     14204485     13653.33
  121087.000     0.999939     14204658     16384.00
  126591.000     0.999945     14204745     18204.44
  131839.000     0.999951     14204832     20480.00
  142207.000     0.999957     14204919     23405.71
  145407.000     0.999963     14205008     27306.67
  164991.000     0.999969     14205092     32768.00
  169471.000     0.999973     14205136     36408.89
  172927.000     0.999976     14205179     40960.00
  175743.000     0.999979     14205222     46811.43
  177279.000     0.999982     14205269     54613.33
  178047.000     0.999985     14205310     65536.00
  178559.000     0.999986     14205337     72817.78
  178943.000     0.999988     14205357     81920.00
  179455.000     0.999989     14205375     93622.86
  181375.000     0.999991     14205395    109226.67
  183551.000     0.999992     14205417    131072.00
  184319.000     0.999993     14205429    145635.56
  184959.000     0.999994     14205443    163840.00
  185215.000     0.999995     14205450    187245.71
  185471.000     0.999995     14205461    218453.33
  185983.000     0.999996     14205471    262144.00
  186367.000     0.999997     14205478    291271.11
  188543.000     0.999997     14205482    327680.00
  189695.000     0.999997     14205488    374491.43
  189951.000     0.999998     14205493    436906.67
  190335.000     0.999998     14205500    524288.00
  190463.000     0.999998     14205501    582542.22
  190591.000     0.999998     14205504    655360.00
  190719.000     0.999999     14205507    748982.86
  190847.000     0.999999     14205512    873813.33
  190847.000     0.999999     14205512   1048576.00
  190975.000     0.999999     14205514   1165084.44
  191103.000     0.999999     14205517   1310720.00
  191103.000     0.999999     14205517   1497965.71
  191103.000     0.999999     14205517   1747626.67
  191359.000     1.000000     14205520   2097152.00
  191359.000     1.000000     14205520   2330168.89
  191359.000     1.000000     14205520   2621440.00
  191615.000     1.000000     14205522   2995931.43
  191615.000     1.000000     14205522   3495253.33
  191615.000     1.000000     14205522   4194304.00
  191615.000     1.000000     14205522   4660337.78
  192511.000     1.000000     14205523   5242880.00
  192511.000     1.000000     14205523   5991862.86
  192511.000     1.000000     14205523   6990506.67
  193535.000     1.000000     14205524   8388608.00
  193535.000     1.000000     14205524   9320675.55
  193535.000     1.000000     14205524  10485760.00
  193535.000     1.000000     14205524  11983725.71
  193535.000     1.000000     14205524  13981013.34
  194047.000     1.000000     14205525  16777216.00
  194047.000     1.000000     14205525          inf
#[Mean    =     5242.378, StdDeviation   =    10056.843]
#[Max     =   194047.000, Total count    =     14205525]
#[Buckets =            8, SubBuckets     =         2048]
