       Value   Percentile   TotalCount 1/(1-Percentile)

     128.000     0.000000            1         1.00
    2559.000     0.100000        92042         1.11
    6219.000     0.200000       184127         1.25
   14695.000     0.300000       276123         1.43
   30495.000     0.400000       368110         1.67
   51231.000     0.500000       460130         2.00
   64799.000     0.550000       506181         2.22
   80767.000     0.600000       552180         2.50
   98047.000     0.650000       598237         2.86
  116351.000     0.700000       644374         3.33
  136191.000     0.750000       690321         4.00
  146943.000     0.775000       713445         4.44
  158207.000     0.800000       736295         5.00
  169599.000     0.825000       759451         5.71
  181119.000     0.850000       782352         6.67
  193535.000     0.875000       805333         8.00
  200447.000     0.887500       816773         8.89
  206975.000     0.900000       828258        10.00
  214271.000     0.912500       839902        11.43
  222079.000     0.925000       851342        13.33
  231039.000     0.937500       862832        16.00
  235647.000     0.943750       868494        17.78
  241023.000     0.950000       874311        20.00
  246527.000     0.956250       880009        22.86
  252671.000     0.962500       885764        26.67
  259839.000     0.968750       891567        32.00
  263935.000     0.971875       894481        35.56
  268031.000     0.975000       897335        40.00
  272895.000     0.978125       900237        45.71
  278527.000     0.981250       903105        53.33
  284415.000     0.984375       905910        64.00
  287743.000     0.985938       907331        71.11
  291839.000     0.987500       908810        80.00
  295679.000     0.989062       910217        91.43
  300287.000     0.990625       911681       106.67
  305407.000     0.992188       913106       128.00
  308479.000     0.992969       913806       142.22
  311807.000     0.993750       914537       160.00
  315647.000     0.994531       915245       182.86
  319743.000     0.995313       915960       213.33
  324351.000     0.996094       916681       256.00
  327423.000     0.996484       917049       284.44
  330239.000     0.996875       917407       320.00
  332799.000     0.997266       917742       365.71
  336639.000     0.997656       918122       426.67
  340735.000     0.998047       918464       512.00
  343551.000     0.998242       918648       568.89
  346623.000     0.998437       918828       640.00
  349183.000     0.998633       919003       731.43
  352255.000     0.998828       919183       853.33
  356095.000     0.999023       919369      1024.00
  357375.000     0.999121       919451      1137.78
  359423.000     0.999219       919540      1280.00
  361983.000     0.999316       919635      1462.86
  365055.000     0.999414       919720      1706.67
  368895.000     0.999512       919811      2048.00
  370943.000     0.999561       919855      2275.56
  373247.000     0.999609       919901      2560.00
  376319.000     0.999658       919946      2925.71
  378111.000     0.999707       919992      3413.33
  380415.000     0.999756       920038      4096.00
  381695.000     0.999780       920055      4551.11
  383743.000     0.999805       920078      5120.00
  385535.000     0.999829       920106      5851.43
  388095.000     0.999854       920126      6826.67
  389375.000     0.999878       920149      8192.00
  389631.000     0.999890       920156      9102.22
  391423.000     0.999902       920175     10240.00
  392703.000     0.999915       920180     11702.86
  394239.000     0.999927       920192     13653.33
  396543.000     0.999939       920201     16384.00
  397823.000     0.999945       920210     18204.44
  398591.000     0.999951       920214     20480.00
  399103.000     0.999957       920219     23405.71
  400127.000     0.999963       920225     27306.67
  400895.000     0.999969       920229     32768.00
  401407.000     0.999973       920233     36408.89
  402175.000     0.999976       920236     40960.00
  403455.000     0.999979       920239     46811.43
  403967.000     0.999982       920241     54613.33
  405503.000     0.999985       920243     65536.00
  407039.000     0.999986       920246     72817.78
  407039.000     0.999988       920246     81920.00
  409087.000     0.999989       920248     93622.86
  410111.000     0.999991       920249    109226.67
  410623.000     0.999992       920250    131072.00
  411647.000     0.999993       920251    145635.56
  413951.000     0.999994       920252    163840.00
  414463.000     0.999995       920253    187245.71
  414463.000     0.999995       920253    218453.33
  415487.000     0.999996       920254    262144.00
  415487.000     0.999997       920254    291271.11
  419071.000     0.999997       920255    327680.00
  419071.000     0.999997       920255    374491.43
  419071.000     0.999998       920255    436906.67
  419839.000     0.999998       920256    524288.00
  419839.000     0.999998       920256    582542.22
  419839.000     0.999998       920256    655360.00
  419839.000     0.999999       920256    748982.86
  419839.000     0.999999       920256    873813.33
  420351.000     0.999999       920257   1048576.00
  420351.000     1.000000       920257          inf
#[Mean    =    80860.284, StdDeviation   =    81404.165]
#[Max     =   420351.000, Total count    =       920257]
#[Buckets =            9, SubBuckets     =         2048]
