       Value   Percentile   TotalCount 1/(1-Percentile)

     111.000     0.000000            1         1.00
     957.000     0.100000       148890         1.11
    7283.000     0.200000       297788         1.25
   13247.000     0.300000       446693         1.43
   20639.000     0.400000       595686         1.67
   32255.000     0.500000       744497         2.00
   42015.000     0.550000       818934         2.22
   54335.000     0.600000       893417         2.50
   70335.000     0.650000       967870         2.86
   98751.000     0.700000      1042224         3.33
  149759.000     0.750000      1116738         4.00
  192383.000     0.775000      1153910         4.44
  249599.000     0.800000      1191151         5.00
  318975.000     0.825000      1228415         5.71
  395775.000     0.850000      1265598         6.67
  490239.000     0.875000      1302860         8.00
  548351.000     0.887500      1321421         8.89
  622079.000     0.900000      1340121        10.00
  702463.000     0.912500      1358650        11.43
  793599.000     0.925000      1377294        13.33
  895999.000     0.937500      1395842        16.00
  957951.000     0.943750      1405170        17.78
 1025535.000     0.950000      1414460        20.00
 1096703.000     0.956250      1423772        22.86
 1169407.000     0.962500      1433141        26.67
 1252351.000     0.968750      1442366        32.00
 1306623.000     0.971875      1447022        35.56
 1369087.000     0.975000      1451676        40.00
 1438719.000     0.978125      1456326        45.71
 1512447.000     0.981250      1460998        53.33
 1617919.000     0.984375      1465661        64.00
 1670143.000     0.985938      1467968        71.11
 1732607.000     0.987500      1470279        80.00
 1797119.000     0.989062      1472634        91.43
 1861631.000     0.990625      1474935       106.67
 1929215.000     0.992188      1477257       128.00
 1965055.000     0.992969      1478431       142.22
 2002943.000     0.993750      1479577       160.00
 2047999.000     0.994531      1480761       182.86
 2089983.000     0.995313      1481911       213.33
 2134015.000     0.996094      1483067       256.00
 2160639.000     0.996484      1483679       284.44
 2193407.000     0.996875      1484247       320.00
 2232319.000     0.997266      1484811       365.71
 2279423.000     0.997656      1485398       426.67
 2324479.000     0.998047      1485978       512.00
 2344959.000     0.998242      1486267       568.89
 2367487.000     0.998437      1486567       640.00
 2392063.000     0.998633      1486859       731.43
 2422783.000     0.998828      1487148       853.33
 2461695.000     0.999023      1487433      1024.00
 2482175.000     0.999121      1487575      1137.78
 2502655.000     0.999219      1487741      1280.00
 2519039.000     0.999316      1487882      1462.86
 2531327.000     0.999414      1488013      1706.67
 2547711.000     0.999512      1488160      2048.00
 2557951.000     0.999561      1488228      2275.56
 2568191.000     0.999609      1488306      2560.00
 2578431.000     0.999658      1488385      2925.71
 2586623.000     0.999707      1488451      3413.33
 2600959.000     0.999756      1488526      4096.00
 2611199.000     0.999780      1488565      4551.11
 2619391.000     0.999805      1488600      5120.00
 2625535.000     0.999829      1488629      5851.43
 2631679.000     0.999854      1488664      6826.67
 2641919.000     0.999878      1488710      8192.00
 2646015.000     0.999890      1488724      9102.22
 2652159.000     0.999902      1488743     10240.00
 2658303.000     0.999915      1488756     11702.86
 2664447.000     0.999927      1488776     13653.33
 2672639.000     0.999939      1488794     16384.00
 2674687.000     0.999945      1488801     18204.44
 2680831.000     0.999951      1488813     20480.00
 2684927.000     0.999957      1488824     23405.71
 2689023.000     0.999963      1488832     27306.67
 2693119.000     0.999969      1488839     32768.00
 2695167.000     0.999973      1488843     36408.89
 2697215.000     0.999976      1488846     40960.00
 2701311.000     0.999979      1488851     46811.43
 2705407.000     0.999982      1488859     54613.33
 2709503.000     0.999985      1488862     65536.00
 2709503.000     0.999986      1488862     72817.78
 2713599.000     0.999988      1488868     81920.00
 2713599.000     0.999989      1488868     93622.86
 2715647.000     0.999991      1488869    109226.67
 2719743.000     0.999992      1488872    131072.00
 2719743.000     0.999993      1488872    145635.56
 2721791.000     0.999994      1488873    163840.00
 2727935.000     0.999995      1488876    187245.71
 2727935.000     0.999995      1488876    218453.33
 2732031.000     0.999996      1488878    262144.00
 2732031.000     0.999997      1488878    291271.11
 2732031.000     0.999997      1488878    327680.00
 2736127.000     0.999997      1488880    374491.43
 2736127.000     0.999998      1488880    436906.67
 2736127.000     0.999998      1488880    524288.00
 2736127.000     0.999998      1488880    582542.22
 2736127.000     0.999998      1488880    655360.00
 2744319.000     0.999999      1488881    748982.86
 2744319.000     0.999999      1488881    873813.33
 2744319.000     0.999999      1488881   1048576.00
 2744319.000     0.999999      1488881   1165084.44
 2744319.000     0.999999      1488881   1310720.00
 2748415.000     0.999999      1488882   1497965.71
 2748415.000     1.000000      1488882          inf
#[Mean    =   188142.346, StdDeviation   =   369040.453]
#[Max     =  2748415.000, Total count    =      1488882]
#[Buckets =           12, SubBuckets     =         2048]
