       Value   Percentile   TotalCount 1/(1-Percentile)

     125.000     0.000000            2         1.00
     258.000     0.100000       287517         1.11
     356.000     0.200000       572771         1.25
     485.000     0.300000       858367         1.43
     713.000     0.400000      1143206         1.67
    1355.000     0.500000      1428336         2.00
    2151.000     0.550000      1571360         2.22
    3159.000     0.600000      1714120         2.50
    4595.000     0.650000      1856923         2.86
    6987.000     0.700000      1999812         3.33
   10095.000     0.750000      2142685         4.00
   13055.000     0.775000      2213922         4.44
   19327.000     0.800000      2285360         5.00
   34975.000     0.825000      2356740         5.71
   55615.000     0.850000      2428098         6.67
   89343.000     0.875000      2499680         8.00
   94399.000     0.887500      2535615         8.89
   98687.000     0.900000      2571300        10.00
  104895.000     0.912500      2606858        11.43
  120447.000     0.925000      2642428        13.33
  131007.000     0.937500      2678197        16.00
  136063.000     0.943750      2696023        17.78
  145791.000     0.950000      2713912        20.00
  169087.000     0.956250      2731630        22.86
  204671.000     0.962500      2749487        26.67
  228607.000     0.968750      2767406        32.00
  234751.000     0.971875      2776458        35.56
  240255.000     0.975000      2785303        40.00
  245759.000     0.978125      2794169        45.71
  252287.000     0.981250      2803164        53.33
  259711.000     0.984375      2812074        64.00
  263679.000     0.985938      2816597        71.11
  269823.000     0.987500      2820997        80.00
  276991.000     0.989062      2825512        91.43
  284671.000     0.990625      2829851       106.67
  295679.000     0.992188      2834293       128.00
  302079.000     0.992969      2836521       142.22
  308479.000     0.993750      2838778       160.00
  313855.000     0.994531      2841051       182.86
  319231.000     0.995313      2843234       213.33
  324863.000     0.996094      2845508       256.00
  327679.000     0.996484      2846570       284.44
  330751.000     0.996875      2847657       320.00
  334335.000     0.997266      2848771       365.71
  338687.000     0.997656      2849911       426.67
  343551.000     0.998047      2851038       512.00
  346367.000     0.998242      2851560       568.89
  349695.000     0.998437      2852125       640.00
  353535.000     0.998633      2852692       731.43
  357375.000     0.998828      2853246       853.33
  361471.000     0.999023      2853789      1024.00
  364287.000     0.999121      2854092      1137.78
  367103.000     0.999219      2854352      1280.00
  370431.000     0.999316      2854647      1462.86
  374015.000     0.999414      2854913      1706.67
  377599.000     0.999512      2855196      2048.00
  379391.000     0.999561      2855336      2275.56
  381695.000     0.999609      2855473      2560.00
  383999.000     0.999658      2855617      2925.71
  386303.000     0.999707      2855750      3413.33
  389631.000     0.999756      2855886      4096.00
  392447.000     0.999780      2855954      4551.11
  395519.000     0.999805      2856028      5120.00
  398591.000     0.999829      2856095      5851.43
  401151.000     0.999854      2856169      6826.67
  403967.000     0.999878      2856236      8192.00
  404735.000     0.999890      2856268      9102.22
  405503.000     0.999902      2856303     10240.00
  406527.000     0.999915      2856338     11702.86
  407295.000     0.999927      2856370     13653.33
  408831.000     0.999939      2856409     16384.00
  410111.000     0.999945      2856424     18204.44
  412159.000     0.999951      2856442     20480.00
  412927.000     0.999957      2856456     23405.71
  416767.000     0.999963      2856474     27306.67
  420863.000     0.999969      2856492     32768.00
  427263.000     0.999973      2856502     36408.89
  430847.000     0.999976      2856510     40960.00
  437759.000     0.999979      2856517     46811.43
  457727.000     0.999982      2856526     54613.33
  469247.000     0.999985      2856535     65536.00
  471807.000     0.999986      2856539     72817.78
  479999.000     0.999988      2856544     81920.00
  489215.000     0.999989      2856548     93622.86
  500735.000     0.999991      2856552    109226.67
  512255.000     0.999992      2856557    131072.00
  514559.000     0.999993      2856559    145635.56
  514815.000     0.999994      2856562    163840.00
  515071.000     0.999995      2856563    187245.71
  517119.000     0.999995      2856565    218453.33
  532479.000     0.999996      2856569    262144.00
  532479.000     0.999997      2856569    291271.11
  534527.000     0.999997      2856570    327680.00
  535039.000     0.999997      2856571    374491.43
  544255.000     0.999998      2856572    436906.67
  549375.000     0.999998      2856573    524288.00
  551423.000     0.999998      2856574    582542.22
  551423.000     0.999998      2856574    655360.00
  571903.000     0.999999      2856575    748982.86
  571903.000     0.999999      2856575    873813.33
  585215.000     0.999999      2856576   1048576.00
  585215.000     0.999999      2856576   1165084.44
  585215.000     0.999999      2856576   1310720.00
  609279.000     0.999999      2856577   1497965.71
  609279.000     0.999999      2856577   1747626.67
  609279.000     1.000000      2856577   2097152.00
  609279.000     1.000000      2856577   2330168.89
  609279.000     1.000000      2856577   2621440.00
  612351.000     1.000000      2856578   2995931.43
  612351.000     1.000000      2856578          inf
#[Mean    =    26021.683, StdDeviation   =    59401.612]
#[Max     =   612351.000, Total count    =      2856578]
#[Buckets =           10, SubBuckets     =         2048]
