       Value   Percentile   TotalCount 1/(1-Percentile)

     109.000     0.000000            1         1.00
     889.000     0.100000       579504         1.11
    1681.000     0.200000      1158586         1.25
    2973.000     0.300000      1737890         1.43
    4903.000     0.400000      2317657         1.67
    7367.000     0.500000      2896686         2.00
    8879.000     0.550000      3187033         2.22
   10719.000     0.600000      3476489         2.50
   13063.000     0.650000      3765623         2.86
   16063.000     0.700000      4054802         3.33
   19695.000     0.750000      4344978         4.00
   21711.000     0.775000      4490138         4.44
   23807.000     0.800000      4634544         5.00
   26015.000     0.825000      4779446         5.71
   28367.000     0.850000      4923557         6.67
   30927.000     0.875000      5068747         8.00
   32319.000     0.887500      5141256         8.89
   33823.000     0.900000      5214201        10.00
   35423.000     0.912500      5285778        11.43
   37215.000     0.925000      5358581        13.33
   39295.000     0.937500      5431115        16.00
   40415.000     0.943750      5466615        17.78
   41695.000     0.950000      5503523        20.00
   43103.000     0.956250      5538996        22.86
   44767.000     0.962500      5575653        26.67
   46687.000     0.968750      5611954        32.00
   47743.000     0.971875      5629534        35.56
   48959.000     0.975000      5647760        40.00
   50303.000     0.978125      5665762        45.71
   51839.000     0.981250      5683954        53.33
   53631.000     0.984375      5702112        64.00
   54591.000     0.985938      5711053        71.11
   55679.000     0.987500      5720206        80.00
   56831.000     0.989062      5729159        91.43
   58175.000     0.990625      5738310       106.67
   59647.000     0.992188      5747169       128.00
   60511.000     0.992969      5751756       142.22
   61439.000     0.993750      5756241       160.00
   62495.000     0.994531      5760863       182.86
   63647.000     0.995313      5765315       213.33
   64991.000     0.996094      5769860       256.00
   65727.000     0.996484      5772079       284.44
   66623.000     0.996875      5774321       320.00
   67583.000     0.997266      5776624       365.71
   68671.000     0.997656      5778902       426.67
   69951.000     0.998047      5781164       512.00
   70719.000     0.998242      5782255       568.89
   71615.000     0.998437      5783462       640.00
   72511.000     0.998633      5784516       731.43
   73535.000     0.998828      5785667       853.33
   74687.000     0.999023      5786782      1024.00
   75455.000     0.999121      5787380      1137.78
   76159.000     0.999219      5787946      1280.00
   76927.000     0.999316      5788468      1462.86
   78015.000     0.999414      5789054      1706.67
   79231.000     0.999512      5789587      2048.00
   79999.000     0.999561      5789877      2275.56
   80895.000     0.999609      5790152      2560.00
   81855.000     0.999658      5790437      2925.71
   82943.000     0.999707      5790730      3413.33
   84415.000     0.999756      5791003      4096.00
   85055.000     0.999780      5791148      4551.11
   85759.000     0.999805      5791285      5120.00
   86591.000     0.999829      5791426      5851.43
   87935.000     0.999854      5791587      6826.67
   88767.000     0.999878      5791710      8192.00
   89599.000     0.999890      5791781      9102.22
   90495.000     0.999902      5791849     10240.00
   91775.000     0.999915      5791924     11702.86
   93119.000     0.999927      5791990     13653.33
   94655.000     0.999939      5792077     16384.00
   94975.000     0.999945      5792097     18204.44
   95935.000     0.999951      5792140     20480.00
   96895.000     0.999957      5792167     23405.71
   98623.000     0.999963      5792203     27306.67
  100479.000     0.999969      5792239     32768.00
  101247.000     0.999973      5792255     36408.89
  102591.000     0.999976      5792275     40960.00
  105215.000     0.999979      5792292     46811.43
  110143.000     0.999982      5792309     54613.33
  111615.000     0.999985      5792331     65536.00
  111743.000     0.999986      5792336     72817.78
  111871.000     0.999988      5792358     81920.00
  111871.000     0.999989      5792358     93622.86
  111935.000     0.999991      5792369    109226.67
  112063.000     0.999992      5792377    131072.00
  112063.000     0.999993      5792377    145635.56
  112127.000     0.999994      5792386    163840.00
  112127.000     0.999995      5792386    187245.71
  112191.000     0.999995      5792395    218453.33
  112191.000     0.999996      5792395    262144.00
  112191.000     0.999997      5792395    291271.11
  112319.000     0.999997      5792399    327680.00
  112319.000     0.999997      5792399    374491.43
  112383.000     0.999998      5792403    436906.67
  112383.000     0.999998      5792403    524288.00
  112959.000     0.999998      5792406    582542.22
  112959.000     0.999998      5792406    655360.00
  114815.000     0.999999      5792407    748982.86
  114879.000     0.999999      5792409    873813.33
  114879.000     0.999999      5792409   1048576.00
  114943.000     0.999999      5792412   1165084.44
  114943.000     0.999999      5792412   1310720.00
  114943.000     0.999999      5792412   1497965.71
  114943.000     0.999999      5792412   1747626.67
  114943.000     1.000000      5792412   2097152.00
  114943.000     1.000000      5792412   2330168.89
  114943.000     1.000000      5792412   2621440.00
  116287.000     1.000000      5792413   2995931.43
  116287.000     1.000000      5792413   3495253.33
  116287.000     1.000000      5792413   4194304.00
  116287.000     1.000000      5792413   4660337.78
  116287.000     1.000000      5792413   5242880.00
  116415.000     1.000000      5792414   5991862.86
  116415.000     1.000000      5792414          inf
#[Mean    =    12887.094, StdDeviation   =    13887.261]
#[Max     =   116415.000, Total count    =      5792414]
#[Buckets =            7, SubBuckets     =         2048]
