       Value   Percentile   TotalCount 1/(1-Percentile)

      47.000     0.000000            1         1.00
     252.000     0.100000      1428211         1.11
     318.000     0.200000      2849526         1.25
     382.000     0.300000      4279485         1.43
     451.000     0.400000      5689399         1.67
     541.000     0.500000      7106461         2.00
     598.000     0.550000      7811722         2.22
     666.000     0.600000      8519195         2.50
     758.000     0.650000      9227293         2.86
     904.000     0.700000      9936679         3.33
    1105.000     0.750000     10647097         4.00
    1235.000     0.775000     11001542         4.44
    1390.000     0.800000     11355334         5.00
    1572.000     0.825000     11710578         5.71
    1777.000     0.850000     12066057         6.67
    2013.000     0.875000     12420539         8.00
    2153.000     0.887500     12598322         8.89
    2323.000     0.900000     12775814        10.00
    2541.000     0.912500     12952589        11.43
    2847.000     0.925000     13130203        13.33
    3299.000     0.937500     13307040        16.00
    3617.000     0.943750     13395832        17.78
    4043.000     0.950000     13484578        20.00
    4691.000     0.956250     13573154        22.86
    6003.000     0.962500     13661789        26.67
    9247.000     0.968750     13750423        32.00
   12455.000     0.971875     13794785        35.56
   18127.000     0.975000     13839132        40.00
   26207.000     0.978125     13883464        45.71
   39551.000     0.981250     13927841        53.33
   57791.000     0.984375     13972218        64.00
   67007.000     0.985938     13994352        71.11
   77247.000     0.987500     14016590        80.00
   93951.000     0.989062     14038793        91.43
  109695.000     0.990625     14060930       106.67
  125887.000     0.992188     14083090       128.00
  134655.000     0.992969     14094198       142.22
  144895.000     0.993750     14105319       160.00
  155263.000     0.994531     14116350       182.86
  168191.000     0.995313     14127414       213.33
  178303.000     0.996094     14138540       256.00
  183679.000     0.996484     14144091       284.44
  187903.000     0.996875     14149747       320.00
  190207.000     0.997266     14155208       365.71
  192255.000     0.997656     14160867       426.67
  194943.000     0.998047     14166210       512.00
  198143.000     0.998242     14169065       568.89
  201471.000     0.998437     14171766       640.00
  209023.000     0.998633     14174557       731.43
  221183.000     0.998828     14177317       853.33
  240639.000     0.999023     14180084      1024.00
  256511.000     0.999121     14181466      1137.78
  272127.000     0.999219     14182885      1280.00
  290303.000     0.999316     14184236      1462.86
  307967.000     0.999414     14185623      1706.67
  327423.000     0.999512     14187009      2048.00
  342271.000     0.999561     14187700      2275.56
  353279.000     0.999609     14188397      2560.00
  368383.000     0.999658     14189097      2925.71
  379135.000     0.999707     14189781      3413.33
  384767.000     0.999756     14190485      4096.00
  387583.000     0.999780     14190829      4551.11
  391423.000     0.999805     14191179      5120.00
  394239.000     0.999829     14191517      5851.43
  405759.000     0.999854     14191858      6826.67
  427775.000     0.999878     14192200      8192.00
  438015.000     0.999890     14192374      9102.22
  455679.000     0.999902     14192546     10240.00
  488191.000     0.999915     14192720     11702.86
  514303.000     0.999927     14192895     13653.33
  530943.000     0.999939     14193067     16384.00
  551423.000     0.999945     14193156     18204.44
  565247.000     0.999951     14193241     20480.00
  571903.000     0.999957     14193338     23405.71
  577535.000     0.999963     14193416     27306.67
  585215.000     0.999969     14193499     32768.00
  591871.000     0.999973     14193549     36408.89
  604159.000     0.999976     14193592     40960.00
  617471.000     0.999979     14193629     46811.43
  626687.000     0.999982     14193673     54613.33
  637951.000     0.999985     14193716     65536.00
  639487.000     0.999986     14193750     72817.78
  641023.000     0.999988     14193759     81920.00
  660479.000     0.999989     14193781     93622.86
  669183.000     0.999991     14193805    109226.67
  715263.000     0.999992     14193825    131072.00
  773119.000     0.999993     14193835    145635.56
  810495.000     0.999994     14193847    163840.00
  812031.000     0.999995     14193859    187245.71
  814079.000     0.999995     14193870    218453.33
  835583.000     0.999996     14193879    262144.00
  836607.000     0.999997     14193884    291271.11
  837631.000     0.999997     14193889    327680.00
  839679.000     0.999997     14193896    374491.43
  850431.000     0.999998     14193900    436906.67
  942591.000     0.999998     14193905    524288.00
  955903.000     0.999998     14193908    582542.22
  956927.000     0.999998     14193911    655360.00
  970239.000     0.999999     14193915    748982.86
  970751.000     0.999999     14193917    873813.33
  972287.000     0.999999     14193919   1048576.00
  991743.000     0.999999     14193920   1165084.44
  992255.000     0.999999     14193922   1310720.00
 1013759.000     0.999999     14193923   1497965.71
 1028095.000     0.999999     14193925   1747626.67
 1028607.000     1.000000     14193926   2097152.00
 1028607.000     1.000000     14193926   2330168.89
 1050623.000     1.000000     14193930   2621440.00
 1050623.000     1.000000     14193930   2995931.43
 1050623.000     1.000000     14193930   3495253.33
 1050623.000     1.000000     14193930   4194304.00
 1050623.000     1.000000     14193930   4660337.78
 1050623.000     1.000000     14193930   5242880.00
 1050623.000     1.000000     14193930   5991862.86
 1050623.000     1.000000     14193930   6990506.67
 1052671.000     1.000000     14193931   8388608.00
 1052671.000     1.000000     14193931   9320675.55
 1052671.000     1.000000     14193931  10485760.00
 1052671.000     1.000000     14193931  11983725.71
 1052671.000     1.000000     14193931  13981013.34
 1148927.000     1.000000     14193932  16777216.00
 1148927.000     1.000000     14193932          inf
#[Mean    =     3446.954, StdDeviation   =    19923.357]
#[Max     =  1148927.000, Total count    =     14193932]
#[Buckets =           11, SubBuckets     =         2048]
