       Value   Percentile   TotalCount 1/(1-Percentile)

      75.000     0.000000            1         1.00
     702.000     0.100000       889886         1.11
    1276.000     0.200000      1777759         1.25
    2193.000     0.300000      2666711         1.43
    3267.000     0.400000      3554953         1.67
    4383.000     0.500000      4443819         2.00
    5003.000     0.550000      4887080         2.22
    5659.000     0.600000      5331593         2.50
    6335.000     0.650000      5776129         2.86
    7031.000     0.700000      6220139         3.33
    7791.000     0.750000      6665032         4.00
    8215.000     0.775000      6887673         4.44
    8687.000     0.800000      7110361         5.00
    9231.000     0.825000      7330840         5.71
    9903.000     0.850000      7553996         6.67
   10767.000     0.875000      7775081         8.00
   11327.000     0.887500      7886132         8.89
   12023.000     0.900000      7997015        10.00
   12975.000     0.912500      8107793        11.43
   14399.000     0.925000      8218635        13.33
   16719.000     0.937500      8330012        16.00
   18351.000     0.943750      8385524        17.78
   20207.000     0.950000      8441008        20.00
   22143.000     0.956250      8496265        22.86
   24303.000     0.962500      8551986        26.67
   27039.000     0.968750      8607425        32.00
   28687.000     0.971875      8635184        35.56
   30671.000     0.975000      8662802        40.00
   33375.000     0.978125      8690848        45.71
   36927.000     0.981250      8718402        53.33
   41919.000     0.984375      8746218        64.00
   44927.000     0.985938      8759990        71.11
   48447.000     0.987500      8773912        80.00
   52607.000     0.989062      8787794        91.43
   57631.000     0.990625      8801629       106.67
   64095.000     0.992188      8815556       128.00
   67711.000     0.992969      8822460       142.22
   71935.000     0.993750      8829402       160.00
   76735.000     0.994531      8836379       182.86
   83007.000     0.995313      8843327       213.33
   90111.000     0.996094      8850255       256.00
   94655.000     0.996484      8853706       284.44
   99839.000     0.996875      8857178       320.00
  106111.000     0.997266      8860636       365.71
  113599.000     0.997656      8864104       426.67
  120959.000     0.998047      8867572       512.00
  125567.000     0.998242      8869319       568.89
  130431.000     0.998437      8871060       640.00
  136191.000     0.998633      8872813       731.43
  143743.000     0.998828      8874524       853.33
  154495.000     0.999023      8876244      1024.00
  159743.000     0.999121      8877114      1137.78
  165759.000     0.999219      8877986      1280.00
  174591.000     0.999316      8878848      1462.86
  184831.000     0.999414      8879722      1706.67
  199295.000     0.999512      8880583      2048.00
  215679.000     0.999561      8881015      2275.56
  236543.000     0.999609      8881449      2560.00
  247039.000     0.999658      8881885      2925.71
  263167.000     0.999707      8882319      3413.33
  288255.000     0.999756      8882754      4096.00
  292351.000     0.999780      8882970      4551.11
  306687.000     0.999805      8883190      5120.00
  342015.000     0.999829      8883401      5851.43
  403967.000     0.999854      8883622      6826.67
  418815.000     0.999878      8883835      8192.00
  426495.000     0.999890      8883944      9102.22
  432383.000     0.999902      8884059     10240.00
  434943.000     0.999915      8884167     11702.86
  436223.000     0.999927      8884279     13653.33
  440831.000     0.999939      8884378     16384.00
  444671.000     0.999945      8884431     18204.44
  554495.000     0.999951      8884486     20480.00
  562687.000     0.999957      8884541     23405.71
  564735.000     0.999963      8884601     27306.67
  567295.000     0.999969      8884648     32768.00
  568831.000     0.999973      8884675     36408.89
  572927.000     0.999976      8884704     40960.00
  584703.000     0.999979      8884731     46811.43
  639487.000     0.999982      8884758     54613.33
  641535.000     0.999985      8884785     65536.00
  642559.000     0.999986      8884802     72817.78
  643583.000     0.999988      8884811     81920.00
  645631.000     0.999989      8884861     93622.86
  645631.000     0.999991      8884861    109226.67
  645631.000     0.999992      8884861    131072.00
  645631.000     0.999993      8884861    145635.56
  646143.000     0.999994      8884907    163840.00
  646143.000     0.999995      8884907    187245.71
  646143.000     0.999995      8884907    218453.33
  646143.000     0.999996      8884907    262144.00
  646143.000     0.999997      8884907    291271.11
  646143.000     0.999997      8884907    327680.00
  646143.000     0.999997      8884907    374491.43
  646143.000     0.999998      8884907    436906.67
  646143.000     0.999998      8884907    524288.00
  646143.000     0.999998      8884907    582542.22
  646143.000     0.999998      8884907    655360.00
  646655.000     0.999999      8884919    748982.86
  646655.000     1.000000      8884919          inf
#[Mean    =     6859.739, StdDeviation   =    13206.709]
#[Max     =   646655.000, Total count    =      8884919]
#[Buckets =           10, SubBuckets     =         2048]
