       Value   Percentile   TotalCount 1/(1-Percentile)

     186.000     0.000000            1         1.00
    1353.000     0.100000       353160         1.11
    2823.000     0.200000       706500         1.25
    5203.000     0.300000      1059466         1.43
   11791.000     0.400000      1412799         1.67
   18463.000     0.500000      1765758         2.00
   20895.000     0.550000      1942503         2.22
   22959.000     0.600000      2119446         2.50
   25359.000     0.650000      2295671         2.86
   28351.000     0.700000      2472680         3.33
   31103.000     0.750000      2649046         4.00
   32623.000     0.775000      2737598         4.44
   34719.000     0.800000      2825200         5.00
   37535.000     0.825000      2913739         5.71
   40575.000     0.850000      3002271         6.67
   43551.000     0.875000      3090215         8.00
   45087.000     0.887500      3134328         8.89
   46783.000     0.900000      3178843        10.00
   48607.000     0.912500      3222547        11.43
   50655.000     0.925000      3266667        13.33
   53055.000     0.937500      3310775        16.00
   54463.000     0.943750      3332764        17.78
   56127.000     0.950000      3354939        20.00
   58207.000     0.956250      3377172        22.86
   60735.000     0.962500      3399127        26.67
   63903.000     0.968750      3421188        32.00
   65663.000     0.971875      3432133        35.56
   67519.000     0.975000      3443443        40.00
   69439.000     0.978125      3454129        45.71
   71743.000     0.981250      3465215        53.33
   75007.000     0.984375      3476289        64.00
   76991.000     0.985938      3481749        71.11
   79487.000     0.987500      3487320        80.00
   82943.000     0.989062      3492749        91.43
   87167.000     0.990625      3498293       106.67
   91583.000     0.992188      3503792       128.00
   93887.000     0.992969      3506578       142.22
   96255.000     0.993750      3509304       160.00
   98943.000     0.994531      3512064       182.86
  102399.000     0.995313      3514855       213.33
  107391.000     0.996094      3517594       256.00
  110911.000     0.996484      3518965       284.44
  115519.000     0.996875      3520347       320.00
  123135.000     0.997266      3521717       365.71
  133247.000     0.997656      3523115       426.67
  141823.000     0.998047      3524475       512.00
  145791.000     0.998242      3525171       568.89
  149375.000     0.998437      3525863       640.00
  154111.000     0.998633      3526543       731.43
  158591.000     0.998828      3527241       853.33
  164735.000     0.999023      3527929      1024.00
  167551.000     0.999121      3528276      1137.78
  169855.000     0.999219      3528614      1280.00
  172543.000     0.999316      3528970      1462.86
  175359.000     0.999414      3529312      1706.67
  179455.000     0.999512      3529645      2048.00
  183679.000     0.999561      3529821      2275.56
  188159.000     0.999609      3529993      2560.00
  217727.000     0.999658      3530162      2925.71
  233599.000     0.999707      3530335      3413.33
  244351.000     0.999756      3530507      4096.00
  249599.000     0.999780      3530594      4551.11
  252799.000     0.999805      3530683      5120.00
  256383.000     0.999829      3530766      5851.43
  259071.000     0.999854      3530854      6826.67
  262911.000     0.999878      3530939      8192.00
  265471.000     0.999890      3530982      9102.22
  267263.000     0.999902      3531030     10240.00
  269567.000     0.999915      3531070     11702.86
  271615.000     0.999927      3531117     13653.33
  274175.000     0.999939      3531157     16384.00
  274943.000     0.999945      3531178     18204.44
  275711.000     0.999951      3531198     20480.00
  277503.000     0.999957      3531224     23405.71
  278783.000     0.999963      3531241     27306.67
  280319.000     0.999969      3531266     32768.00
  280831.000     0.999973      3531280     36408.89
  281599.000     0.999976      3531284     40960.00
  282111.000     0.999979      3531294     46811.43
  282623.000     0.999982      3531310     54613.33
  283135.000     0.999985      3531316     65536.00
  284159.000     0.999986      3531324     72817.78
  284415.000     0.999988      3531328     81920.00
  284927.000     0.999989      3531332     93622.86
  285439.000     0.999991      3531338    109226.67
  285695.000     0.999992      3531344    131072.00
  286207.000     0.999993      3531346    145635.56
  286719.000     0.999994      3531349    163840.00
  287487.000     0.999995      3531351    187245.71
  287999.000     0.999995      3531353    218453.33
  288511.000     0.999996      3531357    262144.00
  288511.000     0.999997      3531357    291271.11
  290559.000     0.999997      3531361    327680.00
  290559.000     0.999997      3531361    374491.43
  290559.000     0.999998      3531361    436906.67
  291327.000     0.999998      3531363    524288.00
  291327.000     0.999998      3531363    582542.22
  291839.000     0.999998      3531364    655360.00
  292095.000     0.999999      3531366    748982.86
  292095.000     0.999999      3531366    873813.33
  292095.000     0.999999      3531366   1048576.00
  292095.000     0.999999      3531366   1165084.44
  292351.000     0.999999      3531367   1310720.00
  292351.000     0.999999      3531367   1497965.71
  292351.000     0.999999      3531367   1747626.67
  292607.000     1.000000      3531368   2097152.00
  292607.000     1.000000      3531368   2330168.89
  292607.000     1.000000      3531368   2621440.00
  292607.000     1.000000      3531368   2995931.43
  292607.000     1.000000      3531368   3495253.33
  293119.000     1.000000      3531369   4194304.00
  293119.000     1.000000      3531369          inf
#[Mean    =    21141.528, StdDeviation   =    20291.531]
#[Max     =   293119.000, Total count    =      3531369]
#[Buckets =            9, SubBuckets     =         2048]
