       Value   Percentile   TotalCount 1/(1-Percentile)

      62.000     0.000000            1         1.00
     629.000     0.100000       672162         1.11
    1095.000     0.200000      1342996         1.25
    1701.000     0.300000      2014192         1.43
    2505.000     0.400000      2685205         1.67
    3557.000     0.500000      3357153         2.00
    4179.000     0.550000      3692411         2.22
    4863.000     0.600000      4028585         2.50
    5599.000     0.650000      4364620         2.86
    6387.000     0.700000      4700300         3.33
    7235.000     0.750000      5035470         4.00
    7687.000     0.775000      5203357         4.44
    8159.000     0.800000      5370754         5.00
    8663.000     0.825000      5538287         5.71
    9207.000     0.850000      5707402         6.67
    9799.000     0.875000      5874946         8.00
   10119.000     0.887500      5958673         8.89
   10463.000     0.900000      6041800        10.00
   10839.000     0.912500      6125573        11.43
   11263.000     0.925000      6210244        13.33
   11735.000     0.937500      6293316        16.00
   12007.000     0.943750      6335891        17.78
   12295.000     0.950000      6377323        20.00
   12631.000     0.956250      6420096        22.86
   12999.000     0.962500      6461439        26.67
   13431.000     0.968750      6503457        32.00
   13679.000     0.971875      6524251        35.56
   13959.000     0.975000      6545329        40.00
   14271.000     0.978125      6566336        45.71
   14623.000     0.981250      6587031        53.33
   15039.000     0.984375      6608178        64.00
   15279.000     0.985938      6618613        71.11
   15543.000     0.987500      6629169        80.00
   15839.000     0.989062      6639722        91.43
   16167.000     0.990625      6650039       106.67
   16559.000     0.992188      6660519       128.00
   16799.000     0.992969      6666014       142.22
   17039.000     0.993750      6670950       160.00
   17327.000     0.994531      6676280       182.86
   17647.000     0.995313      6681461       213.33
   18047.000     0.996094      6686742       256.00
   18271.000     0.996484      6689354       284.44
   18527.000     0.996875      6692046       320.00
   18799.000     0.997266      6694584       365.71
   19119.000     0.997656      6697229       426.67
   19503.000     0.998047      6699802       512.00
   19727.000     0.998242      6701138       568.89
   19967.000     0.998437      6702426       640.00
   20255.000     0.998633      6703736       731.43
   20575.000     0.998828      6705011       853.33
   20959.000     0.999023      6706340      1024.00
   21167.000     0.999121      6706995      1137.78
   21391.000     0.999219      6707617      1280.00
   21679.000     0.999316      6708297      1462.86
   21983.000     0.999414      6708937      1706.67
   22367.000     0.999512      6709589      2048.00
   22591.000     0.999561      6709927      2275.56
   22831.000     0.999609      6710245      2560.00
   23119.000     0.999658      6710572      2925.71
   23423.000     0.999707      6710897      3413.33
   23823.000     0.999756      6711224      4096.00
   24095.000     0.999780      6711393      4551.11
   24383.000     0.999805      6711549      5120.00
   24719.000     0.999829      6711714      5851.43
   25135.000     0.999854      6711879      6826.67
   25663.000     0.999878      6712042      8192.00
   25999.000     0.999890      6712125      9102.22
   26303.000     0.999902      6712205     10240.00
   26703.000     0.999915      6712287     11702.86
   27151.000     0.999927      6712371     13653.33
   27727.000     0.999939      6712452     16384.00
   27935.000     0.999945      6712492     18204.44
   28351.000     0.999951      6712534     20480.00
   28815.000     0.999957      6712574     23405.71
   29423.000     0.999963      6712615     27306.67
   30191.000     0.999969      6712658     32768.00
   30655.000     0.999973      6712677     36408.89
   31375.000     0.999976      6712697     40960.00
   32383.000     0.999979      6712717     46811.43
   33247.000     0.999982      6712738     54613.33
   34015.000     0.999985      6712758     65536.00
   34783.000     0.999986      6712768     72817.78
   35775.000     0.999988      6712779     81920.00
   36159.000     0.999989      6712789     93622.86
   39039.000     0.999991      6712800    109226.67
   39487.000     0.999992      6712809    131072.00
   39711.000     0.999993      6712815    145635.56
   39807.000     0.999994      6712821    163840.00
   39967.000     0.999995      6712826    187245.71
   40031.000     0.999995      6712830    218453.33
   40191.000     0.999996      6712839    262144.00
   40191.000     0.999997      6712839    291271.11
   40223.000     0.999997      6712841    327680.00
   40319.000     0.999997      6712843    374491.43
   41183.000     0.999998      6712845    436906.67
   42879.000     0.999998      6712848    524288.00
   42911.000     0.999998      6712849    582542.22
   42943.000     0.999998      6712850    655360.00
   42975.000     0.999999      6712852    748982.86
   43103.000     0.999999      6712854    873813.33
   43103.000     0.999999      6712854   1048576.00
   43135.000     0.999999      6712856   1165084.44
   43135.000     0.999999      6712856   1310720.00
   43135.000     0.999999      6712856   1497965.71
   43167.000     0.999999      6712857   1747626.67
   43167.000     1.000000      6712857   2097152.00
   43615.000     1.000000      6712858   2330168.89
   43615.000     1.000000      6712858   2621440.00
   43615.000     1.000000      6712858   2995931.43
   43647.000     1.000000      6712859   3495253.33
   43647.000     1.000000      6712859   4194304.00
   43647.000     1.000000      6712859   4660337.78
   43647.000     1.000000      6712859   5242880.00
   43647.000     1.000000      6712859   5991862.86
   43743.000     1.000000      6712860   6990506.67
   43743.000     1.000000      6712860          inf
#[Mean    =     4696.861, StdDeviation   =     3960.503]
#[Max     =    43743.000, Total count    =      6712860]
#[Buckets =            6, SubBuckets     =         2048]
