       Value   Percentile   TotalCount 1/(1-Percentile)

     137.000     0.000000            1         1.00
     722.000     0.100000       347418         1.11
    1932.000     0.200000       694118         1.25
    5439.000     0.300000      1041131         1.43
   10463.000     0.400000      1388030         1.67
   16079.000     0.500000      1735277         2.00
   18911.000     0.550000      1909252         2.22
   21775.000     0.600000      2081975         2.50
   24543.000     0.650000      2256304         2.86
   27663.000     0.700000      2429400         3.33
   31535.000     0.750000      2602466         4.00
   33695.000     0.775000      2689806         4.44
   35583.000     0.800000      2776658         5.00
   37439.000     0.825000      2862774         5.71
   39423.000     0.850000      2949857         6.67
   41631.000     0.875000      3036961         8.00
   42911.000     0.887500      3079716         8.89
   44447.000     0.900000      3122988        10.00
   46111.000     0.912500      3166336        11.43
   48127.000     0.925000      3209699        13.33
   51103.000     0.937500      3253061        16.00
   53375.000     0.943750      3274932        17.78
   56351.000     0.950000      3296501        20.00
   60287.000     0.956250      3318142        22.86
   65599.000     0.962500      3339816        26.67
   73087.000     0.968750      3361513        32.00
   77503.000     0.971875      3372406        35.56
   82111.000     0.975000      3383241        40.00
   88383.000     0.978125      3394041        45.71
   95679.000     0.981250      3404871        53.33
  105727.000     0.984375      3415709        64.00
  111295.000     0.985938      3421079        71.11
  117567.000     0.987500      3426534        80.00
  124223.000     0.989062      3431938        91.43
  131327.000     0.990625      3437404       106.67
  140415.000     0.992188      3442816       128.00
  145535.000     0.992969      3445493       142.22
  151423.000     0.993750      3448199       160.00
  158207.000     0.994531      3450924       182.86
  164735.000     0.995313      3453618       213.33
  172287.000     0.996094      3456327       256.00
  177151.000     0.996484      3457683       284.44
  182527.000     0.996875      3459042       320.00
  188927.000     0.997266      3460388       365.71
  195199.000     0.997656      3461740       426.67
  201343.000     0.998047      3463099       512.00
  204799.000     0.998242      3463783       568.89
  209407.000     0.998437      3464473       640.00
  213631.000     0.998633      3465140       731.43
  219647.000     0.998828      3465826       853.33
  228095.000     0.999023      3466485      1024.00
  233343.000     0.999121      3466822      1137.78
  238207.000     0.999219      3467161      1280.00
  243711.000     0.999316      3467511      1462.86
  247679.000     0.999414      3467838      1706.67
  253183.000     0.999512      3468177      2048.00
  257791.000     0.999561      3468352      2275.56
  264191.000     0.999609      3468527      2560.00
  267775.000     0.999658      3468686      2925.71
  272127.000     0.999707      3468865      3413.33
  282367.000     0.999756      3469026      4096.00
  291071.000     0.999780      3469112      4551.11
  294911.000     0.999805      3469194      5120.00
  299263.000     0.999829      3469279      5851.43
  309759.000     0.999854      3469362      6826.67
  317951.000     0.999878      3469448      8192.00
  325119.000     0.999890      3469489      9102.22
  343551.000     0.999902      3469534     10240.00
  376575.000     0.999915      3469574     11702.86
  398335.000     0.999927      3469616     13653.33
  408575.000     0.999939      3469659     16384.00
  415999.000     0.999945      3469681     18204.44
  435711.000     0.999951      3469701     20480.00
  450047.000     0.999957      3469724     23405.71
  455167.000     0.999963      3469744     27306.67
  461055.000     0.999969      3469765     32768.00
  462591.000     0.999973      3469775     36408.89
  463871.000     0.999976      3469789     40960.00
  470015.000     0.999979      3469796     46811.43
  484863.000     0.999982      3469807     54613.33
  503039.000     0.999985      3469819     65536.00
  505855.000     0.999986      3469823     72817.78
  510463.000     0.999988      3469828     81920.00
  514303.000     0.999989      3469833     93622.86
  702463.000     0.999991      3469840    109226.67
  707071.000     0.999992      3469845    131072.00
  708607.000     0.999993      3469847    145635.56
  714239.000     0.999994      3469849    163840.00
  717311.000     0.999995      3469852    187245.71
  718335.000     0.999995      3469855    218453.33
  741887.000     0.999996      3469857    262144.00
  742911.000     0.999997      3469859    291271.11
  743423.000     0.999997      3469862    327680.00
  743423.000     0.999997      3469862    374491.43
  744447.000     0.999998      3469863    436906.67
  744959.000     0.999998      3469864    524288.00
  745983.000     0.999998      3469865    582542.22
  745983.000     0.999998      3469865    655360.00
  746495.000     0.999999      3469866    748982.86
  747007.000     0.999999      3469869    873813.33
  747007.000     0.999999      3469869   1048576.00
  747007.000     0.999999      3469869   1165084.44
  747007.000     0.999999      3469869   1310720.00
  747007.000     0.999999      3469869   1497965.71
  747007.000     0.999999      3469869   1747626.67
  747007.000     1.000000      3469869   2097152.00
  747007.000     1.000000      3469869   2330168.89
  747007.000     1.000000      3469869   2621440.00
  747007.000     1.000000      3469869   2995931.43
  748543.000     1.000000      3469870   3495253.33
  748543.000     1.000000      3469870          inf
#[Mean    =    21478.783, StdDeviation   =    25197.183]
#[Max     =   748543.000, Total count    =      3469870]
#[Buckets =           10, SubBuckets     =         2048]
