       Value   Percentile   TotalCount 1/(1-Percentile)

    6007.000     0.000000            1         1.00
   10695.000     0.100000        83941         1.11
   10903.000     0.200000       168439         1.25
   11063.000     0.300000       254311         1.43
   11215.000     0.400000       336505         1.67
   11383.000     0.500000       419349         2.00
   11479.000     0.550000       459495         2.22
   11599.000     0.600000       501115         2.50
   11775.000     0.650000       543131         2.86
   12023.000     0.700000       584079         3.33
   12391.000     0.750000       626358         4.00
   12607.000     0.775000       646989         4.44
   12863.000     0.800000       667663         5.00
   13167.000     0.825000       688654         5.71
   13511.000     0.850000       709351         6.67
   13871.000     0.875000       730099         8.00
   14055.000     0.887500       740893         8.89
   14215.000     0.900000       751010        10.00
   14359.000     0.912500       761318        11.43
   14519.000     0.925000       771834        13.33
   14687.000     0.937500       782202        16.00
   14783.000     0.943750       787441        17.78
   14895.000     0.950000       792613        20.00
   15047.000     0.956250       797955        22.86
   15231.000     0.962500       803158        26.67
   15415.000     0.968750       808330        32.00
   15527.000     0.971875       810919        35.56
   15663.000     0.975000       813606        40.00
   15815.000     0.978125       816126        45.71
   15975.000     0.981250       818791        53.33
   16167.000     0.984375       821262        64.00
   16303.000     0.985938       822596        71.11
   16431.000     0.987500       823855        80.00
   16575.000     0.989062       825203        91.43
   16783.000     0.990625       826521       106.67
   16991.000     0.992188       827772       128.00
   17119.000     0.992969       828436       142.22
   17215.000     0.993750       829124       160.00
   17311.000     0.994531       829810       182.86
   17519.000     0.995313       830391       213.33
   17807.000     0.996094       831036       256.00
   18159.000     0.996484       831372       284.44
   18543.000     0.996875       831700       320.00
   19359.000     0.997266       832001       365.71
   20543.000     0.997656       832335       426.67
   21263.000     0.998047       832654       512.00
   21631.000     0.998242       832822       568.89
   22031.000     0.998437       832982       640.00
   22911.000     0.998633       833141       731.43
   23535.000     0.998828       833304       853.33
   24127.000     0.999023       833476      1024.00
   24847.000     0.999121       833548      1137.78
   25423.000     0.999219       833630      1280.00
   25631.000     0.999316       833714      1462.86
   25935.000     0.999414       833794      1706.67
   26239.000     0.999512       833875      2048.00
   26415.000     0.999561       833917      2275.56
   26687.000     0.999609       833956      2560.00
   27007.000     0.999658       833996      2925.71
   27343.000     0.999707       834048      3413.33
   27999.000     0.999756       834080      4096.00
   28047.000     0.999780       834098      4551.11
   28175.000     0.999805       834123      5120.00
   28271.000     0.999829       834141      5851.43
   28431.000     0.999854       834159      6826.67
   28543.000     0.999878       834181      8192.00
   28943.000     0.999890       834192      9102.22
   29071.000     0.999902       834201     10240.00
   29279.000     0.999915       834219     11702.86
   29295.000     0.999927       834223     13653.33
   41247.000     0.999939       834240     16384.00
   41247.000     0.999945       834240     18204.44
   41279.000     0.999951       834244     20480.00
   41311.000     0.999957       834247     23405.71
   41375.000     0.999963       834253     27306.67
   41407.000     0.999969       834260     32768.00
   41407.000     0.999973       834260     36408.89
   41439.000     0.999976       834265     40960.00
   41439.000     0.999979       834265     46811.43
   41471.000     0.999982       834270     54613.33
   41471.000     0.999985       834270     65536.00
   41471.000     0.999986       834270     72817.78
   41503.000     0.999988       834276     81920.00
   41503.000     0.999989       834276     93622.86
   41503.000     0.999991       834276    109226.67
   41503.000     0.999992       834276    131072.00
   41503.000     0.999993       834276    145635.56
   41503.000     0.999994       834276    163840.00
   41535.000     0.999995       834281    187245.71
   41535.000     1.000000       834281          inf
#[Mean    =    11926.591, StdDeviation   =     1537.121]
#[Max     =    41535.000, Total count    =       834281]
#[Buckets =            6, SubBuckets     =         2048]
