       Value   Percentile   TotalCount 1/(1-Percentile)

      72.000     0.000000            1         1.00
     825.000     0.100000       631984         1.11
    1558.000     0.200000      1263799         1.25
    2565.000     0.300000      1895369         1.43
    3875.000     0.400000      2527111         1.67
    5415.000     0.500000      3159272         2.00
    6231.000     0.550000      3474662         2.22
    7067.000     0.600000      3791274         2.50
    7907.000     0.650000      4106486         2.86
    8767.000     0.700000      4422497         3.33
    9663.000     0.750000      4740495         4.00
   10127.000     0.775000      4898286         4.44
   10615.000     0.800000      5056203         5.00
   11135.000     0.825000      5213647         5.71
   11703.000     0.850000      5370569         6.67
   12351.000     0.875000      5528268         8.00
   12719.000     0.887500      5606743         8.89
   13135.000     0.900000      5686638        10.00
   13599.000     0.912500      5765256        11.43
   14135.000     0.925000      5843478        13.33
   14775.000     0.937500      5922991        16.00
   15143.000     0.943750      5962163        17.78
   15559.000     0.950000      6002038        20.00
   16031.000     0.956250      6041125        22.86
   16575.000     0.962500      6081215        26.67
   17199.000     0.968750      6120119        32.00
   17567.000     0.971875      6139714        35.56
   17983.000     0.975000      6159429        40.00
   18463.000     0.978125      6179545        45.71
   19023.000     0.981250      6199173        53.33
   19695.000     0.984375      6218569        64.00
   20111.000     0.985938      6228569        71.11
   20575.000     0.987500      6238327        80.00
   21135.000     0.989062      6248415        91.43
   21775.000     0.990625      6258102       106.67
   22607.000     0.992188      6268058       128.00
   23119.000     0.992969      6272859       142.22
   23743.000     0.993750      6277840       160.00
   24463.000     0.994531      6282738       182.86
   25375.000     0.995313      6287732       213.33
   26607.000     0.996094      6292645       256.00
   27343.000     0.996484      6295084       284.44
   28319.000     0.996875      6297523       320.00
   29631.000     0.997266      6299988       365.71
   31567.000     0.997656      6302467       426.67
   34207.000     0.998047      6304939       512.00
   36415.000     0.998242      6306162       568.89
   38591.000     0.998437      6307406       640.00
   40863.000     0.998633      6308638       731.43
   44223.000     0.998828      6309869       853.33
   48543.000     0.999023      6311097      1024.00
   50591.000     0.999121      6311709      1137.78
   53183.000     0.999219      6312336      1280.00
   55423.000     0.999316      6312948      1462.86
   57535.000     0.999414      6313567      1706.67
   62495.000     0.999512      6314177      2048.00
   64831.000     0.999561      6314485      2275.56
   67007.000     0.999609      6314801      2560.00
   68991.000     0.999658      6315108      2925.71
   72319.000     0.999707      6315412      3413.33
   75135.000     0.999756      6315719      4096.00
   77183.000     0.999780      6315873      4551.11
   79551.000     0.999805      6316034      5120.00
   80319.000     0.999829      6316202      5851.43
   81727.000     0.999854      6316336      6826.67
   83711.000     0.999878      6316493      8192.00
   85247.000     0.999890      6316572      9102.22
   86079.000     0.999902      6316647     10240.00
   88383.000     0.999915      6316724     11702.86
   91391.000     0.999927      6316803     13653.33
   93503.000     0.999939      6316876     16384.00
   94591.000     0.999945      6316916     18204.44
   96191.000     0.999951      6316954     20480.00
  100543.000     0.999957      6316993     23405.71
  102591.000     0.999963      6317031     27306.67
  103743.000     0.999969      6317069     32768.00
  104767.000     0.999973      6317091     36408.89
  107967.000     0.999976      6317107     40960.00
  110079.000     0.999979      6317127     46811.43
  117503.000     0.999982      6317146     54613.33
  124159.000     0.999985      6317165     65536.00
  133887.000     0.999986      6317177     72817.78
  134527.000     0.999988      6317184     81920.00
  137471.000     0.999989      6317194     93622.86
  141055.000     0.999991      6317204    109226.67
  143871.000     0.999992      6317215    131072.00
  145279.000     0.999993      6317218    145635.56
  146687.000     0.999994      6317223    163840.00
  150399.000     0.999995      6317228    187245.71
  157823.000     0.999995      6317233    218453.33
  159999.000     0.999996      6317237    262144.00
  160895.000     0.999997      6317240    291271.11
  161023.000     0.999997      6317242    327680.00
  163711.000     0.999997      6317245    374491.43
  164735.000     0.999998      6317247    436906.67
  168191.000     0.999998      6317249    524288.00
  172287.000     0.999998      6317251    582542.22
  172415.000     0.999998      6317252    655360.00
  176383.000     0.999999      6317253    748982.86
  176639.000     0.999999      6317254    873813.33
  180479.000     0.999999      6317255   1048576.00
  185087.000     0.999999      6317259   1165084.44
  185087.000     0.999999      6317259   1310720.00
  185087.000     0.999999      6317259   1497965.71
  185087.000     0.999999      6317259   1747626.67
  185087.000     1.000000      6317259   2097152.00
  185087.000     1.000000      6317259   2330168.89
  185087.000     1.000000      6317259   2621440.00
  185087.000     1.000000      6317259   2995931.43
  191487.000     1.000000      6317260   3495253.33
  191487.000     1.000000      6317260   4194304.00
  191487.000     1.000000      6317260   4660337.78
  191487.000     1.000000      6317260   5242880.00
  191487.000     1.000000      6317260   5991862.86
  192383.000     1.000000      6317261   6990506.67
  192383.000     1.000000      6317261          inf
#[Mean    =     6433.111, StdDeviation   =     5464.810]
#[Max     =   192383.000, Total count    =      6317261]
#[Buckets =            8, SubBuckets     =         2048]
