       Value   Percentile   TotalCount 1/(1-Percentile)

      94.000     0.000000            1         1.00
     744.000     0.100000       911745         1.11
    1447.000     0.200000      1823129         1.25
    2315.000     0.300000      2734581         1.43
    3177.000     0.400000      3647532         1.67
    4107.000     0.500000      4559435         2.00
    4635.000     0.550000      5015253         2.22
    5187.000     0.600000      5470474         2.50
    5743.000     0.650000      5926897         2.86
    6299.000     0.700000      6379737         3.33
    6891.000     0.750000      6835959         4.00
    7211.000     0.775000      7065202         4.44
    7551.000     0.800000      7292856         5.00
    7919.000     0.825000      7518925         5.71
    8327.000     0.850000      7747038         6.67
    8783.000     0.875000      7974803         8.00
    9039.000     0.887500      8090215         8.89
    9311.000     0.900000      8203799        10.00
    9615.000     0.912500      8318437        11.43
    9943.000     0.925000      8430027        13.33
   10327.000     0.937500      8544273        16.00
   10543.000     0.943750      8600842        17.78
   10783.000     0.950000      8658216        20.00
   11055.000     0.956250      8716009        22.86
   11359.000     0.962500      8772327        26.67
   11719.000     0.968750      8828898        32.00
   11935.000     0.971875      8858084        35.56
   12167.000     0.975000      8885983        40.00
   12439.000     0.978125      8914443        45.71
   12759.000     0.981250      8942748        53.33
   13143.000     0.984375      8971012        64.00
   13375.000     0.985938      8985474        71.11
   13639.000     0.987500      8999711        80.00
   13951.000     0.989062      9013996        91.43
   14319.000     0.990625      9028082       106.67
   14783.000     0.992188      9042339       128.00
   15063.000     0.992969      9049458       142.22
   15383.000     0.993750      9056547       160.00
   15767.000     0.994531      9063683       182.86
   16215.000     0.995313      9070755       213.33
   16783.000     0.996094      9077983       256.00
   17103.000     0.996484      9081461       284.44
   17471.000     0.996875      9084938       320.00
   17919.000     0.997266      9088572       365.71
   18447.000     0.997656      9092128       426.67
   19087.000     0.998047      9095668       512.00
   19439.000     0.998242      9097388       568.89
   19903.000     0.998437      9099219       640.00
   20383.000     0.998633      9100954       731.43
   20959.000     0.998828      9102725       853.33
   21615.000     0.999023      9104518      1024.00
   21999.000     0.999121      9105410      1137.78
   22431.000     0.999219      9106293      1280.00
   22943.000     0.999316      9107190      1462.86
   23567.000     0.999414      9108072      1706.67
   24351.000     0.999512      9108955      2048.00
   24831.000     0.999561      9109401      2275.56
   25423.000     0.999609      9109844      2560.00
   26079.000     0.999658      9110292      2925.71
   26847.000     0.999707      9110738      3413.33
   27759.000     0.999756      9111179      4096.00
   28271.000     0.999780      9111402      4551.11
   28863.000     0.999805      9111625      5120.00
   29503.000     0.999829      9111851      5851.43
   30287.000     0.999854      9112070      6826.67
   31199.000     0.999878      9112291      8192.00
   31759.000     0.999890      9112403      9102.22
   32399.000     0.999902      9112518     10240.00
   33055.000     0.999915      9112627     11702.86
   33791.000     0.999927      9112738     13653.33
   34623.000     0.999939      9112848     16384.00
   35103.000     0.999945      9112902     18204.44
   35583.000     0.999951      9112959     20480.00
   36127.000     0.999957      9113015     23405.71
   36703.000     0.999963      9113069     27306.67
   37375.000     0.999969      9113124     32768.00
   37695.000     0.999973      9113152     36408.89
   38111.000     0.999976      9113180     40960.00
   38527.000     0.999979      9113208     46811.43
   39071.000     0.999982      9113236     54613.33
   39615.000     0.999985      9113265     65536.00
   39871.000     0.999986      9113280     72817.78
   40159.000     0.999988      9113292     81920.00
   40607.000     0.999989      9113305     93622.86
   40959.000     0.999991      9113320    109226.67
   41311.000     0.999992      9113335    131072.00
   41503.000     0.999993      9113340    145635.56
   41631.000     0.999994      9113348    163840.00
   41759.000     0.999995      9113356    187245.71
   42047.000     0.999995      9113361    218453.33
   42783.000     0.999996      9113368    262144.00
   42911.000     0.999997      9113371    291271.11
   43007.000     0.999997      9113376    327680.00
   43135.000     0.999997      9113378    374491.43
   43519.000     0.999998      9113382    436906.67
   43711.000     0.999998      9113385    524288.00
   44031.000     0.999998      9113387    582542.22
   44319.000     0.999998      9113389    655360.00
   44543.000     0.999999      9113390    748982.86
   44831.000     0.999999      9113392    873813.33
   45503.000     0.999999      9113394   1048576.00
   45759.000     0.999999      9113395   1165084.44
   46015.000     0.999999      9113396   1310720.00
   46015.000     0.999999      9113396   1497965.71
   46239.000     0.999999      9113398   1747626.67
   46239.000     1.000000      9113398   2097152.00
   46367.000     1.000000      9113399   2330168.89
   46367.000     1.000000      9113399   2621440.00
   46367.000     1.000000      9113399   2995931.43
   46623.000     1.000000      9113400   3495253.33
   46623.000     1.000000      9113400   4194304.00
   47647.000     1.000000      9113401   4660337.78
   47647.000     1.000000      9113401   5242880.00
   47647.000     1.000000      9113401   5991862.86
   47647.000     1.000000      9113401   6990506.67
   47647.000     1.000000      9113401   8388608.00
   48671.000     1.000000      9113402   9320675.55
   48671.000     1.000000      9113402          inf
#[Mean    =     4693.667, StdDeviation   =     3417.970]
#[Max     =    48671.000, Total count    =      9113402]
#[Buckets =            6, SubBuckets     =         2048]
