       Value   Percentile   TotalCount 1/(1-Percentile)

      50.000     0.000000            1         1.00
     155.000     0.100000       546560         1.11
     210.000     0.200000      1092540         1.25
     275.000     0.300000      1633719         1.43
     368.000     0.400000      2179361         1.67
     534.000     0.500000      2720371         2.00
     694.000     0.550000      2990980         2.22
    1004.000     0.600000      3263455         2.50
    1527.000     0.650000      3534988         2.86
    2391.000     0.700000      3806959         3.33
    3755.000     0.750000      4078826         4.00
    4743.000     0.775000      4214582         4.44
    6455.000     0.800000      4350439         5.00
   19471.000     0.825000      4486372         5.71
   54495.000     0.850000      4622371         6.67
   63071.000     0.875000      4758315         8.00
   67967.000     0.900000      4896048        10.00
   70015.000     0.912500      4963029        11.43
   72127.000     0.925000      5031650        13.33
   74431.000     0.937500      5099716        16.00
   75647.000     0.943750      5133071        17.78
   77055.000     0.950000      5166419        20.00
   78719.000     0.956250      5200163        22.86
   80767.000     0.962500      5234179        26.67
   83647.000     0.968750      5268473        32.00
   85503.000     0.971875      5285297        35.56
   87423.000     0.975000      5302154        40.00
   89535.000     0.978125      5319347        45.71
   91711.000     0.981250      5336494        53.33
   93887.000     0.984375      5353197        64.00
   96319.000     0.987500      5370396        80.00
   97599.000     0.989063      5378575        91.43
   99071.000     0.990625      5387342       106.67
  100607.000     0.992188      5395664       128.00
  102591.000     0.993750      5404170       160.00
  103743.000     0.994531      5408352       182.86
  105151.000     0.995313      5412634       213.33
  106943.000     0.996094      5416789       256.00
  108031.000     0.996484      5419012       284.44
  109247.000     0.996875      5421076       320.00
  110783.000     0.997266      5423206       365.71
  112767.000     0.997656      5425286       426.67
  115711.000     0.998047      5427408       512.00
  117503.000     0.998242      5428472       568.89
  119423.000     0.998437      5429546       640.00
  121663.000     0.998633      5430604       731.43
  124095.000     0.998828      5431669       853.33
  126527.000     0.999023      5432724      1024.00
  128447.000     0.999121      5433248      1137.78
  130367.000     0.999219      5433771      1280.00
  133247.000     0.999316      5434322      1462.86
  136831.000     0.999414      5434851      1706.67
  138879.000     0.999512      5435369      2048.00
  140543.000     0.999561      5435635      2275.56
  142591.000     0.999609      5435897      2560.00
  143999.000     0.999658      5436161      2925.71
  145407.000     0.999707      5436429      3413.33
  148863.000     0.999756      5436691      4096.00
  151679.000     0.999805      5436962      5120.00
  153215.000     0.999829      5437090      5851.43
  156543.000     0.999854      5437229      6826.67
  158335.000     0.999878      5437357      8192.00
  161535.000     0.999902      5437491     10240.00
  162687.000     0.999915      5437565     11702.86
  163839.000     0.999927      5437622     13653.33
  165503.000     0.999939      5437688     16384.00
  167167.000     0.999951      5437754     20480.00
  168191.000     0.999957      5437791     23405.71
  168831.000     0.999963      5437821     27306.67
  169599.000     0.999969      5437853     32768.00
  169855.000     0.999973      5437870     36408.89
  170239.000     0.999976      5437891     40960.00
  170623.000     0.999979      5437908     46811.43
  171007.000     0.999982      5437921     54613.33
  171263.000     0.999985      5437936     65536.00
  171391.000     0.999986      5437944     72817.78
  171647.000     0.999988      5437953     81920.00
  171903.000     0.999989      5437964     93622.86
  172287.000     0.999991      5437970    109226.67
  173055.000     0.999992      5437979    131072.00
  173311.000     0.999993      5437981    145635.56
  173695.000     0.999994      5437985    163840.00
  174079.000     0.999995      5437990    187245.71
  175743.000     0.999995      5437994    218453.33
  178943.000     0.999996      5437998    262144.00
  179071.000     0.999997      5438000    291271.11
  179455.000     0.999997      5438004    327680.00
  179455.000     0.999997      5438004    374491.43
  183039.000     0.999998      5438006    436906.67
  183807.000     0.999998      5438008    524288.00
  184063.000     0.999998      5438009    582542.22
  184319.000     0.999998      5438010    655360.00
  184447.000     0.999999      5438011    748982.86
  184703.000     0.999999      5438012    873813.33
  184831.000     0.999999      5438013   1048576.00
  185087.000     0.999999      5438014   1165084.44
  185087.000     0.999999      5438014   1310720.00
  185727.000     0.999999      5438015   1497965.71
  185727.000     0.999999      5438015   1747626.67
  186239.000     1.000000      5438016   2097152.00
  186239.000     1.000000      5438016   2330168.89
  186239.000     1.000000      5438016   2621440.00
  186495.000     1.000000      5438017   2995931.43
  186495.000     1.000000      5438017   3495253.33
  186495.000     1.000000      5438017   4194304.00
  186495.000     1.000000      5438017   4660337.78
  186495.000     1.000000      5438017   5242880.00
  186751.000     1.000000      5438018   5991862.86
  186751.000     1.000000      5438018          inf
#[Mean    =    13186.767, StdDeviation   =    27223.432]
#[Max     =   186751.000, Total count    =      5438018]
#[Buckets =            8, SubBuckets     =         2048]
