       Value   Percentile   TotalCount 1/(1-Percentile)

      94.000     0.000000            1         1.00
     785.000     0.100000       849019         1.11
    1025.000     0.200000      1699762         1.25
    1254.000     0.300000      2546427         1.43
    1507.000     0.400000      3395604         1.67
    1813.000     0.500000      4241511         2.00
    1999.000     0.550000      4665517         2.22
    2217.000     0.600000      5090112         2.50
    2479.000     0.650000      5515662         2.86
    2801.000     0.700000      5938803         3.33
    3215.000     0.750000      6362875         4.00
    3473.000     0.775000      6574519         4.44
    3781.000     0.800000      6786222         5.00
    4163.000     0.825000      6998072         5.71
    4659.000     0.850000      7211253         6.67
    5331.000     0.875000      7422263         8.00
    5779.000     0.887500      7528623         8.89
    6347.000     0.900000      7634551        10.00
    7091.000     0.912500      7740524        11.43
    8135.000     0.925000      7846456        13.33
    9703.000     0.937500      7952559        16.00
   10847.000     0.943750      8005521        17.78
   12375.000     0.950000      8058413        20.00
   14479.000     0.956250      8111435        22.86
   17327.000     0.962500      8164552        26.67
   21439.000     0.968750      8217530        32.00
   24367.000     0.971875      8243981        35.56
   27983.000     0.975000      8270466        40.00
   32799.000     0.978125      8296983        45.71
   38719.000     0.981250      8323516        53.33
   47103.000     0.984375      8350029        64.00
   52223.000     0.985938      8363226        71.11
   59487.000     0.987500      8376487        80.00
   67903.000     0.989062      8389741        91.43
   77503.000     0.990625      8403054       106.67
   90623.000     0.992188      8416243       128.00
   98239.000     0.992969      8422896       142.22
  107647.000     0.993750      8429488       160.00
  119935.000     0.994531      8436127       182.86
  133375.000     0.995313      8442797       213.33
  145791.000     0.996094      8449380       256.00
  153343.000     0.996484      8452703       284.44
  163199.000     0.996875      8455988       320.00
  174591.000     0.997266      8459327       365.71
  186111.000     0.997656      8462635       426.67
  198911.000     0.998047      8465942       512.00
  205695.000     0.998242      8467600       568.89
  215167.000     0.998437      8469246       640.00
  224127.000     0.998633      8470913       731.43
  238335.000     0.998828      8472568       853.33
  251007.000     0.999023      8474224      1024.00
  258687.000     0.999121      8475048      1137.78
  271615.000     0.999219      8475875      1280.00
  280319.000     0.999316      8476709      1462.86
  289279.000     0.999414      8477555      1706.67
  295167.000     0.999512      8478375      2048.00
  301567.000     0.999561      8478767      2275.56
  311295.000     0.999609      8479183      2560.00
  318719.000     0.999658      8479600      2925.71
  324351.000     0.999707      8480020      3413.33
  331007.000     0.999756      8480426      4096.00
  336383.000     0.999780      8480633      4551.11
  340479.000     0.999805      8480846      5120.00
  344831.000     0.999829      8481054      5851.43
  351487.000     0.999854      8481253      6826.67
  358143.000     0.999878      8481459      8192.00
  360703.000     0.999890      8481565      9102.22
  363263.000     0.999902      8481671     10240.00
  367615.000     0.999915      8481773     11702.86
  369663.000     0.999927      8481873     13653.33
  376063.000     0.999939      8481982     16384.00
  379135.000     0.999945      8482035     18204.44
  381439.000     0.999951      8482080     20480.00
  384767.000     0.999957      8482134     23405.71
  387583.000     0.999963      8482185     27306.67
  396543.000     0.999969      8482236     32768.00
  411135.000     0.999973      8482263     36408.89
  434687.000     0.999976      8482287     40960.00
  443903.000     0.999979      8482313     46811.43
  453119.000     0.999982      8482339     54613.33
  461311.000     0.999985      8482365     65536.00
  467711.000     0.999986      8482378     72817.78
  470783.000     0.999988      8482391     81920.00
  475135.000     0.999989      8482405     93622.86
  476671.000     0.999991      8482418    109226.67
  479487.000     0.999992      8482432    131072.00
  480767.000     0.999993      8482436    145635.56
  482047.000     0.999994      8482445    163840.00
  482815.000     0.999995      8482450    187245.71
  485119.000     0.999995      8482457    218453.33
  485631.000     0.999996      8482462    262144.00
  486143.000     0.999997      8482465    291271.11
  486655.000     0.999997      8482471    327680.00
  486911.000     0.999997      8482473    374491.43
  487423.000     0.999998      8482475    436906.67
  488191.000     0.999998      8482479    524288.00
  488447.000     0.999998      8482480    582542.22
  491007.000     0.999998      8482482    655360.00
  491519.000     0.999999      8482483    748982.86
  492543.000     0.999999      8482486    873813.33
  492543.000     0.999999      8482486   1048576.00
  493311.000     0.999999      8482487   1165084.44
  493567.000     0.999999      8482488   1310720.00
  494591.000     0.999999      8482489   1497965.71
  495615.000     0.999999      8482490   1747626.67
  495615.000     1.000000      8482490   2097152.00
  496127.000     1.000000      8482491   2330168.89
  496127.000     1.000000      8482491   2621440.00
  496383.000     1.000000      8482492   2995931.43
  496383.000     1.000000      8482492   3495253.33
  496383.000     1.000000      8482492   4194304.00
  496895.000     1.000000      8482493   4660337.78
  496895.000     1.000000      8482493   5242880.00
  496895.000     1.000000      8482493   5991862.86
  496895.000     1.000000      8482493   6990506.67
  496895.000     1.000000      8482493   8388608.00
  498943.000     1.000000      8482494   9320675.55
  498943.000     1.000000      8482494          inf
#[Mean    =     4847.814, StdDeviation   =    17127.261]
#[Max     =   498943.000, Total count    =      8482494]
#[Buckets =            9, SubBuckets     =         2048]
