       Value   Percentile   TotalCount 1/(1-Percentile)

      81.000     0.000000            1         1.00
     318.000     0.100000       748339         1.11
     445.000     0.200000      1489637         1.25
     666.000     0.300000      2232954         1.43
    1255.000     0.400000      2975986         1.67
    2817.000     0.500000      3720178         2.00
    3885.000     0.550000      4092459         2.22
    4743.000     0.600000      4464791         2.50
    5563.000     0.650000      4837546         2.86
    6567.000     0.700000      5208168         3.33
    8015.000     0.750000      5580577         4.00
    9007.000     0.775000      5766347         4.44
   10287.000     0.800000      5952763         5.00
   12023.000     0.825000      6138025         5.71
   14711.000     0.850000      6324209         6.67
   18287.000     0.875000      6510189         8.00
   20559.000     0.887500      6603461         8.89
   23423.000     0.900000      6696075        10.00
   26479.000     0.912500      6788958        11.43
   29263.000     0.925000      6882487        13.33
   31631.000     0.937500      6975347        16.00
   32831.000     0.943750      7022317        17.78
   34175.000     0.950000      7068494        20.00
   35999.000     0.956250      7114466        22.86
   39231.000     0.962500      7161145        26.67
   43967.000     0.968750      7207521        32.00
   45823.000     0.971875      7230862        35.56
   47423.000     0.975000      7254090        40.00
   49055.000     0.978125      7277537        45.71
   50687.000     0.981250      7300714        53.33
   52831.000     0.984375      7323851        64.00
   54271.000     0.985938      7335440        71.11
   56255.000     0.987500      7347071        80.00
   59487.000     0.989062      7358562        91.43
   64543.000     0.990625      7370239       106.67
   71295.000     0.992188      7381867       128.00
   75711.000     0.992969      7387693       142.22
   81279.000     0.993750      7393446       160.00
   88319.000     0.994531      7399257       182.86
   96703.000     0.995313      7405064       213.33
  108479.000     0.996094      7410889       256.00
  117439.000     0.996484      7413788       284.44
  127039.000     0.996875      7416692       320.00
  151167.000     0.997266      7419588       365.71
  190463.000     0.997656      7422497       426.67
  257919.000     0.998047      7425403       512.00
  306687.000     0.998242      7426852       568.89
  383999.000     0.998437      7428306       640.00
  470527.000     0.998633      7429764       731.43
  539647.000     0.998828      7431213       853.33
  634879.000     0.999023      7432668      1024.00
  727039.000     0.999121      7433395      1137.78
  828927.000     0.999219      7434120      1280.00
  925695.000     0.999316      7434847      1462.86
 1085439.000     0.999414      7435575      1706.67
 1260543.000     0.999512      7436302      2048.00
 1295359.000     0.999561      7436672      2275.56
 1321983.000     0.999609      7437024      2560.00
 1351679.000     0.999658      7437389      2925.71
 1471487.000     0.999707      7437753      3413.33
 1490943.000     0.999756      7438131      4096.00
 1531903.000     0.999780      7438296      4551.11
 1627135.000     0.999805      7438477      5120.00
 1857535.000     0.999829      7438659      5851.43
 2037759.000     0.999854      7438848      6826.67
 2045951.000     0.999878      7439035      8192.00
 2050047.000     0.999890      7439127      9102.22
 2055167.000     0.999902      7439213     10240.00
 2060287.000     0.999915      7439313     11702.86
 2066431.000     0.999927      7439399     13653.33
 2076671.000     0.999939      7439477     16384.00
 2080767.000     0.999945      7439526     18204.44
 2089983.000     0.999951      7439567     20480.00
 2101247.000     0.999957      7439616     23405.71
 2129919.000     0.999963      7439662     27306.67
 2144255.000     0.999969      7439703     32768.00
 2158591.000     0.999973      7439727     36408.89
 2166783.000     0.999976      7439749     40960.00
 2181119.000     0.999979      7439774     46811.43
 2207743.000     0.999982      7439794     54613.33
 2215935.000     0.999985      7439819     65536.00
 2236415.000     0.999986      7439834     72817.78
 2238463.000     0.999988      7439840     81920.00
 2287615.000     0.999989      7439851     93622.86
 2322431.000     0.999991      7439863    109226.67
 2342911.000     0.999992      7439874    131072.00
 2347007.000     0.999993      7439879    145635.56
 2349055.000     0.999994      7439885    163840.00
 2353151.000     0.999995      7439892    187245.71
 2357247.000     0.999995      7439897    218453.33
 2359295.000     0.999996      7439902    262144.00
 2363391.000     0.999997      7439905    291271.11
 2367487.000     0.999997      7439911    327680.00
 2367487.000     0.999997      7439911    374491.43
 2369535.000     0.999998      7439915    436906.67
 2371583.000     0.999998      7439917    524288.00
 2375679.000     0.999998      7439918    582542.22
 2377727.000     0.999998      7439921    655360.00
 2377727.000     0.999999      7439921    748982.86
 2379775.000     0.999999      7439922    873813.33
 2383871.000     0.999999      7439923   1048576.00
 2385919.000     0.999999      7439927   1165084.44
 2385919.000     0.999999      7439927   1310720.00
 2385919.000     0.999999      7439927   1497965.71
 2385919.000     0.999999      7439927   1747626.67
 2385919.000     1.000000      7439927   2097152.00
 2385919.000     1.000000      7439927   2330168.89
 2392063.000     1.000000      7439929   2621440.00
 2392063.000     1.000000      7439929   2995931.43
 2392063.000     1.000000      7439929   3495253.33
 2392063.000     1.000000      7439929   4194304.00
 2392063.000     1.000000      7439929   4660337.78
 2392063.000     1.000000      7439929   5242880.00
 2392063.000     1.000000      7439929   5991862.86
 2392063.000     1.000000      7439929   6990506.67
 2396159.000     1.000000      7439930   8388608.00
 2396159.000     1.000000      7439930          inf
#[Mean    =     9376.638, StdDeviation   =    46459.551]
#[Max     =  2396159.000, Total count    =      7439930]
#[Buckets =           12, SubBuckets     =         2048]
