       Value   Percentile   TotalCount 1/(1-Percentile)

      72.000     0.000000            1         1.00
     621.000     0.100000       643964         1.11
    1010.000     0.200000      1288343         1.25
    1448.000     0.300000      1930507         1.43
    1998.000     0.400000      2574622         1.67
    2755.000     0.500000      3217999         2.00
    3247.000     0.550000      3539031         2.22
    3835.000     0.600000      3860593         2.50
    4523.000     0.650000      4182493         2.86
    5339.000     0.700000      4504267         3.33
    6331.000     0.750000      4826579         4.00
    6911.000     0.775000      4987430         4.44
    7547.000     0.800000      5147329         5.00
    8271.000     0.825000      5309480         5.71
    9071.000     0.850000      5470269         6.67
    9959.000     0.875000      5630556         8.00
   10447.000     0.887500      5711070         8.89
   10975.000     0.900000      5790782        10.00
   11551.000     0.912500      5871179        11.43
   12191.000     0.925000      5951703        13.33
   12935.000     0.937500      6032665        16.00
   13351.000     0.943750      6072829        17.78
   13815.000     0.950000      6112815        20.00
   14327.000     0.956250      6152654        22.86
   14951.000     0.962500      6193228        26.67
   15687.000     0.968750      6233205        32.00
   16135.000     0.971875      6253227        35.56
   16655.000     0.975000      6273707        40.00
   17247.000     0.978125      6293385        45.71
   17999.000     0.981250      6313486        53.33
   19023.000     0.984375      6333747        64.00
   19695.000     0.985938      6343607        71.11
   20575.000     0.987500      6353785        80.00
   21759.000     0.989062      6363787        91.43
   23695.000     0.990625      6373775       106.67
   27631.000     0.992188      6383831       128.00
   30735.000     0.992969      6388830       142.22
   35103.000     0.993750      6393884       160.00
   40959.000     0.994531      6398882       182.86
   49023.000     0.995313      6403909       213.33
   59007.000     0.996094      6408953       256.00
   65855.000     0.996484      6411454       284.44
   73919.000     0.996875      6413975       320.00
   86527.000     0.997266      6416479       365.71
   96767.000     0.997656      6419013       426.67
  113919.000     0.998047      6421507       512.00
  122559.000     0.998242      6422763       568.89
  130431.000     0.998437      6424015       640.00
  140031.000     0.998633      6425272       731.43
  153471.000     0.998828      6426559       853.33
  162687.000     0.999023      6427788      1024.00
  166655.000     0.999121      6428423      1137.78
  172031.000     0.999219      6429042      1280.00
  180351.000     0.999316      6429677      1462.86
  191871.000     0.999414      6430302      1706.67
  207103.000     0.999512      6430926      2048.00
  213503.000     0.999561      6431243      2275.56
  219263.000     0.999609      6431567      2560.00
  222591.000     0.999658      6431874      2925.71
  228607.000     0.999707      6432186      3413.33
  232831.000     0.999756      6432507      4096.00
  234623.000     0.999780      6432656      4551.11
  241279.000     0.999805      6432815      5120.00
  246655.000     0.999829      6432972      5851.43
  249855.000     0.999854      6433131      6826.67
  253695.000     0.999878      6433282      8192.00
  255743.000     0.999890      6433369      9102.22
  260607.000     0.999902      6433440     10240.00
  265727.000     0.999915      6433522     11702.86
  267519.000     0.999927      6433598     13653.33
  273151.000     0.999939      6433682     16384.00
  274687.000     0.999945      6433719     18204.44
  276223.000     0.999951      6433755     20480.00
  282111.000     0.999957      6433794     23405.71
  288511.000     0.999963      6433837     27306.67
  293887.000     0.999969      6433876     32768.00
  299519.000     0.999973      6433892     36408.89
  300543.000     0.999976      6433910     40960.00
  306687.000     0.999979      6433932     46811.43
  312063.000     0.999982      6433950     54613.33
  319743.000     0.999985      6433975     65536.00
  319999.000     0.999986      6433979     72817.78
  321023.000     0.999988      6433993     81920.00
  322047.000     0.999989      6434005     93622.86
  324607.000     0.999991      6434011    109226.67
  331263.000     0.999992      6434018    131072.00
  332799.000     0.999993      6434023    145635.56
  353535.000     0.999994      6434028    163840.00
  356863.000     0.999995      6434033    187245.71
  375039.000     0.999995      6434038    218453.33
  384767.000     0.999996      6434043    262144.00
  389631.000     0.999997      6434045    291271.11
  393215.000     0.999997      6434049    327680.00
  396543.000     0.999997      6434051    374491.43
  397823.000     0.999998      6434056    436906.67
  397823.000     0.999998      6434056    524288.00
  397823.000     0.999998      6434056    582542.22
  407295.000     0.999998      6434058    655360.00
  413695.000     0.999999      6434059    748982.86
  414975.000     0.999999      6434060    873813.33
  415231.000     0.999999      6434061   1048576.00
  416255.000     0.999999      6434062   1165084.44
  418303.000     0.999999      6434063   1310720.00
  418303.000     0.999999      6434063   1497965.71
  432639.000     0.999999      6434064   1747626.67
  432639.000     1.000000      6434064   2097152.00
  446463.000     1.000000      6434065   2330168.89
  446463.000     1.000000      6434065   2621440.00
  446463.000     1.000000      6434065   2995931.43
  447999.000     1.000000      6434067   3495253.33
  447999.000     1.000000      6434067          inf
#[Mean    =     4958.720, StdDeviation   =     9756.225]
#[Max     =   447999.000, Total count    =      6434067]
#[Buckets =            9, SubBuckets     =         2048]
