       Value   Percentile   TotalCount 1/(1-Percentile)

    1396.000     0.000000            1         1.00
    9887.000     0.100000       104681         1.11
    9975.000     0.200000       199223         1.25
   10031.000     0.300000       303189         1.43
   10071.000     0.400000       407768         1.67
   10103.000     0.500000       502111         2.00
   10119.000     0.550000       552087         2.22
   10135.000     0.600000       596452         2.50
   10159.000     0.650000       658270         2.86
   10175.000     0.700000       695626         3.33
   10199.000     0.750000       744757         4.00
   10215.000     0.775000       773737         4.44
   10231.000     0.800000       798578         5.00
   10247.000     0.825000       818871         5.71
   10271.000     0.850000       845053         6.67
   10295.000     0.875000       867893         8.00
   10311.000     0.887500       880112         8.89
   10327.000     0.900000       891457        10.00
   10351.000     0.912500       907214        11.43
   10367.000     0.925000       916982        13.33
   10391.000     0.937500       928310        16.00
   10407.000     0.943750       934999        17.78
   10423.000     0.950000       941843        20.00
   10439.000     0.956250       947687        22.86
   10463.000     0.962500       954536        26.67
   10487.000     0.968750       960351        32.00
   10503.000     0.971875       963358        35.56
   10519.000     0.975000       966412        40.00
   10535.000     0.978125       969081        45.71
   10559.000     0.981250       972247        53.33
   10599.000     0.984375       975190        64.00
   10623.000     0.985938       976294        71.11
   10655.000     0.987500       977805        80.00
   10863.000     0.989062       979347        91.43
   13015.000     0.990625       980896       106.67
   13359.000     0.992188       982497       128.00
   13455.000     0.992969       983246       142.22
   13519.000     0.993750       983988       160.00
   13575.000     0.994531       984818       182.86
   13623.000     0.995313       985559       213.33
   13695.000     0.996094       986401       256.00
   13719.000     0.996484       986712       284.44
   13751.000     0.996875       987093       320.00
   13783.000     0.997266       987515       365.71
   13807.000     0.997656       987895       426.67
   13855.000     0.998047       988314       512.00
   13871.000     0.998242       988471       568.89
   13895.000     0.998437       988705       640.00
   13911.000     0.998633       988850       731.43
   13935.000     0.998828       989045       853.33
   13967.000     0.999023       989230      1024.00
   13983.000     0.999121       989347      1137.78
   13999.000     0.999219       989424      1280.00
   14031.000     0.999316       989500      1462.86
   14063.000     0.999414       989600      1706.67
   14127.000     0.999512       989696      2048.00
   14159.000     0.999561       989752      2275.56
   14359.000     0.999609       989789      2560.00
   14791.000     0.999658       989845      2925.71
   14823.000     0.999707       989889      3413.33
   15239.000     0.999756       989935      4096.00
   16607.000     0.999780       989960      4551.11
   16671.000     0.999805       989995      5120.00
   16719.000     0.999829       990010      5851.43
   16751.000     0.999854       990029      6826.67
   16783.000     0.999878       990058      8192.00
   16799.000     0.999890       990076      9102.22
   16831.000     0.999902       990098     10240.00
   16831.000     0.999915       990098     11702.86
   16847.000     0.999927       990115     13653.33
   16847.000     0.999939       990115     16384.00
   16863.000     0.999945       990140     18204.44
   16863.000     0.999951       990140     20480.00
   16863.000     0.999957       990140     23405.71
   16863.000     0.999963       990140     27306.67
   16895.000     0.999969       990156     32768.00
   16895.000     0.999973       990156     36408.89
   16895.000     0.999976       990156     40960.00
   16895.000     0.999979       990156     46811.43
   16895.000     0.999982       990156     54613.33
   16927.000     0.999985       990167     65536.00
   16927.000     0.999986       990167     72817.78
   16927.000     0.999988       990167     81920.00
   16927.000     0.999989       990167     93622.86
   16927.000     0.999991       990167    109226.67
   16927.000     0.999992       990167    131072.00
   16991.000     0.999993       990174    145635.56
   16991.000     1.000000       990174          inf
#[Mean    =    10096.621, StdDeviation   =      523.585]
#[Max     =    16991.000, Total count    =       990174]
#[Buckets =            5, SubBuckets     =         2048]
