       Value   Percentile   TotalCount 1/(1-Percentile)

      92.000     0.000000            2         1.00
     115.000     0.100000         6370         1.11
     124.000     0.200000        13153         1.25
     134.000     0.300000        19605         1.43
     140.000     0.400000        25508         1.67
     151.000     0.500000        32377         2.00
     155.000     0.550000        35394         2.22
     158.000     0.600000        39751         2.50
     159.000     0.650000        43592         2.86
     160.000     0.700000        47095         3.33
     161.000     0.750000        49428         4.00
     161.000     0.775000        49428         4.44
     162.000     0.800000        50746         5.00
     164.000     0.825000        52539         5.71
     166.000     0.850000        53871         6.67
     169.000     0.875000        55615         8.00
     170.000     0.887500        56270         8.89
     171.000     0.900000        56828        10.00
     173.000     0.912500        57835        11.43
     174.000     0.925000        58353        13.33
     176.000     0.937500        59510        16.00
     177.000     0.943750        60157        17.78
     177.000     0.950000        60157        20.00
     178.000     0.956250        60652        22.86
     179.000     0.962500        61010        26.67
     180.000     0.968750        61218        32.00
     181.000     0.971875        61374        35.56
     182.000     0.975000        61485        40.00
     185.000     0.978125        61704        45.71
     188.000     0.981250        61961        53.33
     190.000     0.984375        62112        64.00
     192.000     0.985938        62212        71.11
     194.000     0.987500        62269        80.00
     198.000     0.989062        62417        91.43
     200.000     0.990625        62499       106.67
     202.000     0.992188        62628       128.00
     202.000     0.992969        62628       142.22
     203.000     0.993750        62699       160.00
     204.000     0.994531        62769       182.86
     204.000     0.995313        62769       213.33
     205.000     0.996094        62827       256.00
     206.000     0.996484        62886       284.44
     206.000     0.996875        62886       320.00
     206.000     0.997266        62886       365.71
     207.000     0.997656        62928       426.67
     208.000     0.998047        62948       512.00
     208.000     0.998242        62948       568.89
     209.000     0.998437        62961       640.00
     210.000     0.998633        62981       731.43
     211.000     0.998828        62995       853.33
     212.000     0.999023        63009      1024.00
     212.000     0.999121        63009      1137.78
     212.000     0.999219        63009      1280.00
     213.000     0.999316        63016      1462.86
     215.000     0.999414        63026      1706.67
     216.000     0.999512        63030      2048.00
     216.000     0.999561        63030      2275.56
     217.000     0.999609        63034      2560.00
     218.000     0.999658        63037      2925.71
     219.000     0.999707        63039      3413.33
     222.000     0.999756        63042      4096.00
     231.000     0.999780        63045      4551.11
     231.000     0.999805        63045      5120.00
     250.000     0.999829        63047      5851.43
     251.000     0.999854        63048      6826.67
     286.000     0.999878        63050      8192.00
     335.000     0.999890        63051      9102.22
     335.000     0.999902        63051     10240.00
     347.000     0.999915        63052     11702.86
     427.000     0.999927        63053     13653.33
     577.000     0.999939        63054     16384.00
     577.000     0.999945        63054     18204.44
     577.000     0.999951        63054     20480.00
     674.000     0.999957        63055     23405.71
     674.000     0.999963        63055     27306.67
    1297.000     0.999969        63056     32768.00
    1297.000     0.999973        63056     36408.89
    1297.000     0.999976        63056     40960.00
    1297.000     0.999979        63056     46811.43
    1297.000     0.999982        63056     54613.33
    2227.000     0.999985        63057     65536.00
    2227.000     1.000000        63057          inf
#[Mean    =      146.178, StdDeviation   =       23.846]
#[Max     =     2227.000, Total count    =        63057]
#[Buckets =            2, SubBuckets     =         2048]
