       Value   Percentile   TotalCount 1/(1-Percentile)

     138.000     0.000000            3         1.00
     653.000     0.100000       332021         1.11
     959.000     0.200000       663277         1.25
    1285.000     0.300000       993687         1.43
    1625.000     0.400000      1325099         1.67
    2059.000     0.500000      1656144         2.00
    2335.000     0.550000      1822650         2.22
    2603.000     0.600000      1988077         2.50
    2903.000     0.650000      2153032         2.86
    3587.000     0.700000      2318393         3.33
    7119.000     0.750000      2483816         4.00
   12351.000     0.775000      2566675         4.44
   16895.000     0.800000      2649610         5.00
   24255.000     0.825000      2732303         5.71
   35743.000     0.850000      2815044         6.67
   52159.000     0.875000      2897794         8.00
   59551.000     0.887500      2939179         8.89
   71231.000     0.900000      2980585        10.00
   88255.000     0.912500      3022014        11.43
  103039.000     0.925000      3063531        13.33
  112447.000     0.937500      3104764        16.00
  121855.000     0.943750      3125550        17.78
  132991.000     0.950000      3146187        20.00
  153215.000     0.956250      3166915        22.86
  175487.000     0.962500      3187651        26.67
  200447.000     0.968750      3208318        32.00
  212607.000     0.971875      3218624        35.56
  223871.000     0.975000      3228956        40.00
  236415.000     0.978125      3239324        45.71
  250367.000     0.981250      3249682        53.33
  267775.000     0.984375      3260132        64.00
  272895.000     0.985938      3265256        71.11
  275967.000     0.987500      3270430        80.00
  279039.000     0.989062      3275865        91.43
  282367.000     0.990625      3280828       106.67
  289791.000     0.992188      3285939       128.00
  295679.000     0.992969      3288463       142.22
  302079.000     0.993750      3291090       160.00
  308223.000     0.994531      3293646       182.86
  314367.000     0.995313      3296265       213.33
  321791.000     0.996094      3298818       256.00
  325887.000     0.996484      3300105       284.44
  331519.000     0.996875      3301442       320.00
  339199.000     0.997266      3302696       365.71
  347903.000     0.997656      3304020       426.67
  363519.000     0.998047      3305288       512.00
  371967.000     0.998242      3305927       568.89
  378111.000     0.998437      3306590       640.00
  386559.000     0.998633      3307233       731.43
  399615.000     0.998828      3307869       853.33
  412671.000     0.999023      3308519      1024.00
  419071.000     0.999121      3308844      1137.78
  423423.000     0.999219      3309174      1280.00
  427007.000     0.999316      3309516      1462.86
  429055.000     0.999414      3309818      1706.67
  431359.000     0.999512      3310135      2048.00
  432895.000     0.999561      3310309      2275.56
  434431.000     0.999609      3310481      2560.00
  435711.000     0.999658      3310627      2925.71
  437759.000     0.999707      3310784      3413.33
  448511.000     0.999756      3310941      4096.00
  460543.000     0.999780      3311020      4551.11
  480767.000     0.999805      3311101      5120.00
  498431.000     0.999829      3311182      5851.43
  521215.000     0.999854      3311262      6826.67
  543743.000     0.999878      3311344      8192.00
  550911.000     0.999890      3311386      9102.22
  565759.000     0.999902      3311424     10240.00
  581119.000     0.999915      3311465     11702.86
  618495.000     0.999927      3311505     13653.33
  652799.000     0.999939      3311546     16384.00
  671231.000     0.999945      3311566     18204.44
  687615.000     0.999951      3311586     20480.00
  734207.000     0.999957      3311607     23405.71
  767999.000     0.999963      3311626     27306.67
  794111.000     0.999969      3311646     32768.00
  811519.000     0.999973      3311657     36408.89
  818175.000     0.999976      3311667     40960.00
  824831.000     0.999979      3311678     46811.43
  831999.000     0.999982      3311688     54613.33
  844287.000     0.999985      3311697     65536.00
  847871.000     0.999986      3311704     72817.78
  849407.000     0.999988      3311707     81920.00
  852479.000     0.999989      3311713     93622.86
  855551.000     0.999991      3311717    109226.67
  861183.000     0.999992      3311723    131072.00
  862207.000     0.999993      3311728    145635.56
  862207.000     0.999994      3311728    163840.00
  863743.000     0.999995      3311730    187245.71
  864767.000     0.999995      3311732    218453.33
  866303.000     0.999996      3311736    262144.00
  866303.000     0.999997      3311736    291271.11
  866815.000     0.999997      3311737    327680.00
  867327.000     0.999997      3311740    374491.43
  867327.000     0.999998      3311740    436906.67
  867839.000     0.999998      3311741    524288.00
  868351.000     0.999998      3311742    582542.22
  868351.000     0.999998      3311742    655360.00
  872447.000     0.999999      3311743    748982.86
  901119.000     0.999999      3311744    873813.33
  901119.000     0.999999      3311744   1048576.00
 1026047.000     0.999999      3311745   1165084.44
 1026047.000     0.999999      3311745   1310720.00
 1026047.000     0.999999      3311745   1497965.71
 1077247.000     0.999999      3311746   1747626.67
 1077247.000     1.000000      3311746   2097152.00
 1077247.000     1.000000      3311746   2330168.89
 1077247.000     1.000000      3311746   2621440.00
 1077247.000     1.000000      3311746   2995931.43
 1279999.000     1.000000      3311747   3495253.33
 1279999.000     1.000000      3311747          inf
#[Mean    =    22423.158, StdDeviation   =    55859.502]
#[Max     =  1279999.000, Total count    =      3311747]
#[Buckets =           11, SubBuckets     =         2048]
