       Value   Percentile   TotalCount 1/(1-Percentile)

      50.000     0.000000            1         1.00
     339.000     0.100000      1351386         1.11
     461.000     0.200000      2702633         1.25
     577.000     0.300000      4055177         1.43
     704.000     0.400000      5410245         1.67
     840.000     0.500000      6758407         2.00
     918.000     0.550000      7433295         2.22
    1011.000     0.600000      8112993         2.50
    1119.000     0.650000      8785296         2.86
    1242.000     0.700000      9462150         3.33
    1395.000     0.750000     10136051         4.00
    1509.000     0.775000     10472804         4.44
    1696.000     0.800000     10808987         5.00
    2091.000     0.825000     11147219         5.71
    2665.000     0.850000     11484966         6.67
    3309.000     0.875000     11822738         8.00
    3733.000     0.887500     11991646         8.89
    4211.000     0.900000     12160376        10.00
    4703.000     0.912500     12329981        11.43
    5247.000     0.925000     12498917        13.33
    5935.000     0.937500     12666904        16.00
    6387.000     0.943750     12751174        17.78
    7083.000     0.950000     12835940        20.00
    8123.000     0.956250     12920105        22.86
    9575.000     0.962500     13004751        26.67
   11831.000     0.968750     13088934        32.00
   13255.000     0.971875     13131325        35.56
   14711.000     0.975000     13173544        40.00
   16239.000     0.978125     13215571        45.71
   18095.000     0.981250     13257898        53.33
   21295.000     0.984375     13300148        64.00
   24431.000     0.985938     13321148        71.11
   29263.000     0.987500     13342259        80.00
   36319.000     0.989062     13363358        91.43
   47455.000     0.990625     13384471       106.67
   59519.000     0.992188     13405590       128.00
   67327.000     0.992969     13416203       142.22
   76159.000     0.993750     13426741       160.00
   89151.000     0.994531     13437245       182.86
   99263.000     0.995313     13447839       213.33
  115199.000     0.996094     13458352       256.00
  125055.000     0.996484     13463642       284.44
  131455.000     0.996875     13468940       320.00
  143231.000     0.997266     13474212       365.71
  154111.000     0.997656     13479511       426.67
  162431.000     0.998047     13484775       512.00
  171135.000     0.998242     13487384       568.89
  182783.000     0.998437     13490046       640.00
  186111.000     0.998633     13492763       731.43
  188671.000     0.998828     13495295       853.33
  190975.000     0.999023     13498015      1024.00
  192127.000     0.999121     13499361      1137.78
  193919.000     0.999219     13500636      1280.00
  196479.000     0.999316     13501896      1462.86
  203263.000     0.999414     13503215      1706.67
  211967.000     0.999512     13504533      2048.00
  222207.000     0.999561     13505197      2275.56
  228351.000     0.999609     13505866      2560.00
  244095.000     0.999658     13506514      2925.71
  284927.000     0.999707     13507191      3413.33
  299775.000     0.999756     13507835      4096.00
  303615.000     0.999780     13508165      4551.11
  311807.000     0.999805     13508501      5120.00
  315135.000     0.999829     13508840      5851.43
  322047.000     0.999854     13509169      6826.67
  351743.000     0.999878     13509489      8192.00
  359423.000     0.999890     13509641      9102.22
  368127.000     0.999902     13509806     10240.00
  386303.000     0.999915     13510005     11702.86
  387071.000     0.999927     13510158     13653.33
  393471.000     0.999939     13510307     16384.00
  396799.000     0.999945     13510384     18204.44
  445695.000     0.999951     13510469     20480.00
  448767.000     0.999957     13510552     23405.71
  470015.000     0.999963     13510640     27306.67
  497407.000     0.999969     13510713     32768.00
  532479.000     0.999973     13510756     36408.89
  560639.000     0.999976     13510821     40960.00
  561151.000     0.999979     13510894     46811.43
  561151.000     0.999982     13510894     54613.33
  561663.000     0.999985     13510955     65536.00
  561663.000     0.999986     13510955     72817.78
  562175.000     0.999988     13510978     81920.00
  569855.000     0.999989     13510983     93622.86
  571903.000     0.999991     13511002    109226.67
  573951.000     0.999992     13511022    131072.00
  574463.000     0.999993     13511035    145635.56
  619007.000     0.999994     13511043    163840.00
  632319.000     0.999995     13511054    187245.71
  642559.000     0.999995     13511064    218453.33
  650239.000     0.999996     13511074    262144.00
  650751.000     0.999997     13511081    291271.11
  651263.000     0.999997     13511084    327680.00
  652287.000     0.999997     13511090    374491.43
  652799.000     0.999998     13511095    436906.67
  656383.000     0.999998     13511102    524288.00
  656383.000     0.999998     13511102    582542.22
  658943.000     0.999998     13511105    655360.00
  659455.000     0.999999     13511107    748982.86
  659967.000     0.999999     13511111    873813.33
  668159.000     0.999999     13511115   1048576.00
  668159.000     0.999999     13511115   1165084.44
  668159.000     0.999999     13511115   1310720.00
  673791.000     0.999999     13511117   1497965.71
  674303.000     0.999999     13511118   1747626.67
  690687.000     1.000000     13511122   2097152.00
  690687.000     1.000000     13511122   2330168.89
  690687.000     1.000000     13511122   2621440.00
  690687.000     1.000000     13511122   2995931.43
  690687.000     1.000000     13511122   3495253.33
  690687.000     1.000000     13511122   4194304.00
  700927.000     1.000000     13511123   4660337.78
  700927.000     1.000000     13511123   5242880.00
  700927.000     1.000000     13511123   5991862.86
  733695.000     1.000000     13511124   6990506.67
  733695.000     1.000000     13511124   8388608.00
  733695.000     1.000000     13511124   9320675.55
  733695.000     1.000000     13511124  10485760.00
  733695.000     1.000000     13511124  11983725.71
  734207.000     1.000000     13511125  13981013.34
  734207.000     1.000000     13511125          inf
#[Mean    =     2859.783, StdDeviation   =    13414.997]
#[Max     =   734207.000, Total count    =     13511125]
#[Buckets =           10, SubBuckets     =         2048]
