       Value   Percentile   TotalCount 1/(1-Percentile)

     984.000     0.000000            1         1.00
    8879.000     0.100000       109367         1.11
    9023.000     0.200000       219896         1.25
    9103.000     0.300000       334829         1.43
    9159.000     0.400000       448324         1.67
    9207.000     0.500000       555310         2.00
    9231.000     0.550000       607827         2.22
    9255.000     0.600000       655088         2.50
    9279.000     0.650000       704839         2.86
    9311.000     0.700000       765204         3.33
    9343.000     0.750000       814439         4.00
    9367.000     0.775000       847705         4.44
    9383.000     0.800000       868155         5.00
    9407.000     0.825000       894601         5.71
    9439.000     0.850000       924042         6.67
    9479.000     0.875000       953486         8.00
    9495.000     0.887500       963216         8.89
    9519.000     0.900000       977506        10.00
    9543.000     0.912500       992543        11.43
    9567.000     0.925000      1005262        13.33
    9599.000     0.937500      1017738        16.00
    9623.000     0.943750      1025275        17.78
    9639.000     0.950000      1030252        20.00
    9671.000     0.956250      1038039        22.86
    9695.000     0.962500      1043451        26.67
    9735.000     0.968750      1050078        32.00
    9767.000     0.971875      1053586        35.56
    9807.000     0.975000      1056892        40.00
    9895.000     0.978125      1060302        45.71
   10503.000     0.981250      1063609        53.33
   11711.000     0.984375      1067037        64.00
   11831.000     0.985938      1068719        71.11
   11935.000     0.987500      1070388        80.00
   12039.000     0.989062      1072259        91.43
   12103.000     0.990625      1073897       106.67
   12175.000     0.992188      1075461       128.00
   12223.000     0.992969      1076457       142.22
   12263.000     0.993750      1077183       160.00
   12319.000     0.994531      1078081       182.86
   12383.000     0.995313      1078976       213.33
   12439.000     0.996094      1079833       256.00
   12463.000     0.996484      1080125       284.44
   12519.000     0.996875      1080575       320.00
   12551.000     0.997266      1080994       365.71
   12599.000     0.997656      1081436       426.67
   12639.000     0.998047      1081834       512.00
   12671.000     0.998242      1082069       568.89
   12695.000     0.998437      1082255       640.00
   12743.000     0.998633      1082451       731.43
   13191.000     0.998828      1082659       853.33
   17535.000     0.999023      1082883      1024.00
   29343.000     0.999121      1083000      1137.78
   29375.000     0.999219      1083175      1280.00
   29391.000     0.999316      1083302      1462.86
   29391.000     0.999414      1083302      1706.67
   29887.000     0.999512      1083404      2048.00
   29999.000     0.999561      1083454      2275.56
   30047.000     0.999609      1083512      2560.00
   30095.000     0.999658      1083563      2925.71
   30111.000     0.999707      1083724      3413.33
   30111.000     0.999756      1083724      4096.00
   30111.000     0.999780      1083724      4551.11
   30111.000     0.999805      1083724      5120.00
   30127.000     0.999829      1083802      5851.43
   30127.000     0.999854      1083802      6826.67
   30127.000     0.999878      1083802      8192.00
   30143.000     0.999890      1083866      9102.22
   30143.000     0.999902      1083866     10240.00
   30143.000     0.999915      1083866     11702.86
   30143.000     0.999927      1083866     13653.33
   30143.000     0.999939      1083866     16384.00
   32351.000     0.999945      1083869     18204.44
   32543.000     0.999951      1083876     20480.00
   32623.000     0.999957      1083883     23405.71
   32639.000     0.999963      1083891     27306.67
   32719.000     0.999969      1083898     32768.00
   32735.000     0.999973      1083907     36408.89
   32735.000     0.999976      1083907     40960.00
   32735.000     0.999979      1083907     46811.43
   32863.000     0.999982      1083923     54613.33
   32863.000     0.999985      1083923     65536.00
   32863.000     0.999986      1083923     72817.78
   32863.000     0.999988      1083923     81920.00
   32863.000     0.999989      1083923     93622.86
   32863.000     0.999991      1083923    109226.67
   32863.000     0.999992      1083923    131072.00
   32863.000     0.999993      1083923    145635.56
   32863.000     0.999994      1083923    163840.00
   32863.000     0.999995      1083923    187245.71
   32959.000     0.999995      1083928    218453.33
   32959.000     1.000000      1083928          inf
#[Mean    =     9223.799, StdDeviation   =      840.233]
#[Max     =    32959.000, Total count    =      1083928]
#[Buckets =            6, SubBuckets     =         2048]
