       Value   Percentile   TotalCount 1/(1-Percentile)

     136.000     0.000000            1         1.00
    1457.000     0.100000       351122         1.11
    2883.000     0.200000       702252         1.25
    5367.000     0.300000      1053562         1.43
    8543.000     0.400000      1404511         1.67
   11791.000     0.500000      1755600         2.00
   13327.000     0.550000      1931967         2.22
   14999.000     0.600000      2107334         2.50
   17375.000     0.650000      2282914         2.86
   20495.000     0.700000      2458159         3.33
   24911.000     0.750000      2633729         4.00
   27583.000     0.775000      2721418         4.44
   30575.000     0.800000      2809302         5.00
   33663.000     0.825000      2896815         5.71
   37151.000     0.850000      2985038         6.67
   41823.000     0.875000      3072410         8.00
   44895.000     0.887500      3116413         8.89
   48767.000     0.900000      3160324        10.00
   53535.000     0.912500      3204089        11.43
   59519.000     0.925000      3247827        13.33
   67455.000     0.937500      3291796        16.00
   72191.000     0.943750      3313703        17.78
   77503.000     0.950000      3335756        20.00
   84287.000     0.956250      3357721        22.86
   92543.000     0.962500      3379555        26.67
  102015.000     0.968750      3401475        32.00
  107391.000     0.971875      3412459        35.56
  113599.000     0.975000      3423414        40.00
  120511.000     0.978125      3434369        45.71
  128191.000     0.981250      3445381        53.33
  137215.000     0.984375      3456306        64.00
  142335.000     0.985938      3461814        71.11
  147839.000     0.987500      3467302        80.00
  153727.000     0.989062      3472813        91.43
  160511.000     0.990625      3478299       106.67
  168191.000     0.992188      3483794       128.00
  172415.000     0.992969      3486479       142.22
  177535.000     0.993750      3489261       160.00
  182655.000     0.994531      3491992       182.86
  188415.000     0.995313      3494727       213.33
  194431.000     0.996094      3497440       256.00
  198271.000     0.996484      3498835       284.44
  202239.000     0.996875      3500190       320.00
  206847.000     0.997266      3501582       365.71
  211583.000     0.997656      3502925       426.67
  216703.000     0.998047      3504313       512.00
  219775.000     0.998242      3505012       568.89
  223487.000     0.998437      3505701       640.00
  228223.000     0.998633      3506355       731.43
  233215.000     0.998828      3507046       853.33
  240767.000     0.999023      3507728      1024.00
  244607.000     0.999121      3508070      1137.78
  250879.000     0.999219      3508411      1280.00
  258175.000     0.999316      3508761      1462.86
  264703.000     0.999414      3509107      1706.67
  273407.000     0.999512      3509440      2048.00
  280575.000     0.999561      3509613      2275.56
  291583.000     0.999609      3509784      2560.00
  304383.000     0.999658      3509955      2925.71
  318719.000     0.999707      3510129      3413.33
  360959.000     0.999756      3510298      4096.00
  369919.000     0.999780      3510384      4551.11
  380159.000     0.999805      3510474      5120.00
  386047.000     0.999829      3510558      5851.43
  393471.000     0.999854      3510640      6826.67
  407295.000     0.999878      3510726      8192.00
  417279.000     0.999890      3510769      9102.22
  423423.000     0.999902      3510812     10240.00
  431615.000     0.999915      3510855     11702.86
  448511.000     0.999927      3510897     13653.33
  467455.000     0.999939      3510940     16384.00
  479999.000     0.999945      3510962     18204.44
  493567.000     0.999951      3510983     20480.00
  511487.000     0.999957      3511004     23405.71
  527359.000     0.999963      3511026     27306.67
  534527.000     0.999969      3511047     32768.00
  539647.000     0.999973      3511058     36408.89
  544767.000     0.999976      3511071     40960.00
  546815.000     0.999979      3511079     46811.43
  549375.000     0.999982      3511091     54613.33
  551423.000     0.999985      3511101     65536.00
  551935.000     0.999986      3511106     72817.78
  556543.000     0.999988      3511112     81920.00
  560127.000     0.999989      3511118     93622.86
  562175.000     0.999991      3511123    109226.67
  565247.000     0.999992      3511128    131072.00
  566271.000     0.999993      3511130    145635.56
  569343.000     0.999994      3511134    163840.00
  571391.000     0.999995      3511136    187245.71
  573439.000     0.999995      3511138    218453.33
  574975.000     0.999996      3511141    262144.00
  575999.000     0.999997      3511142    291271.11
  577535.000     0.999997      3511144    327680.00
  579071.000     0.999997      3511146    374491.43
  579071.000     0.999998      3511146    436906.67
  580095.000     0.999998      3511148    524288.00
  580095.000     0.999998      3511148    582542.22
  580607.000     0.999998      3511149    655360.00
  581631.000     0.999999      3511150    748982.86
  581631.000     0.999999      3511150    873813.33
  582143.000     0.999999      3511151   1048576.00
  582143.000     0.999999      3511151   1165084.44
  583167.000     0.999999      3511152   1310720.00
  583167.000     0.999999      3511152   1497965.71
  583167.000     0.999999      3511152   1747626.67
  584191.000     1.000000      3511153   2097152.00
  584191.000     1.000000      3511153   2330168.89
  584191.000     1.000000      3511153   2621440.00
  584191.000     1.000000      3511153   2995931.43
  584191.000     1.000000      3511153   3495253.33
  585215.000     1.000000      3511154   4194304.00
  585215.000     1.000000      3511154          inf
#[Mean    =    21161.949, StdDeviation   =    30382.364]
#[Max     =   585215.000, Total count    =      3511154]
#[Buckets =           10, SubBuckets     =         2048]
