       Value   Percentile   TotalCount 1/(1-Percentile)

     150.000     0.000000            1         1.00
     519.000     0.100000       473454         1.11
     984.000     0.200000       945593         1.25
    1844.000     0.300000      1418416         1.43
    3167.000     0.400000      1891406         1.67
    5575.000     0.500000      2363976         2.00
    7487.000     0.550000      2600738         2.22
   11023.000     0.600000      2837090         2.50
   16527.000     0.650000      3073971         2.86
   19983.000     0.700000      3309781         3.33
   23887.000     0.750000      3545947         4.00
   26767.000     0.775000      3664705         4.44
   29695.000     0.800000      3782681         5.00
   31823.000     0.825000      3900967         5.71
   34175.000     0.850000      4019541         6.67
   37503.000     0.875000      4136925         8.00
   38943.000     0.887500      4197315         8.89
   40159.000     0.900000      4255386        10.00
   41439.000     0.912500      4315361        11.43
   43039.000     0.925000      4373833        13.33
   45535.000     0.937500      4432661        16.00
   47423.000     0.943750      4462378        17.78
   49855.000     0.950000      4491574        20.00
   51935.000     0.956250      4521353        22.86
   54015.000     0.962500      4550650        26.67
   55935.000     0.968750      4580406        32.00
   56927.000     0.971875      4595116        35.56
   57983.000     0.975000      4610047        40.00
   58847.000     0.978125      4624609        45.71
   59711.000     0.981250      4639516        53.33
   60575.000     0.984375      4654151        64.00
   61087.000     0.985938      4661535        71.11
   62015.000     0.987500      4668891        80.00
   64511.000     0.989062      4676199        91.43
   71423.000     0.990625      4683560       106.67
   81663.000     0.992188      4690941       128.00
   88895.000     0.992969      4694638       142.22
   95743.000     0.993750      4698332       160.00
  103167.000     0.994531      4702004       182.86
  110207.000     0.995313      4705740       213.33
  117823.000     0.996094      4709402       256.00
  122239.000     0.996484      4711241       284.44
  127551.000     0.996875      4713103       320.00
  133375.000     0.997266      4714944       365.71
  140543.000     0.997656      4716797       426.67
  148351.000     0.998047      4718643       512.00
  152575.000     0.998242      4719557       568.89
  156415.000     0.998437      4720471       640.00
  163199.000     0.998633      4721398       731.43
  171775.000     0.998828      4722321       853.33
  179967.000     0.999023      4723251      1024.00
  184191.000     0.999121      4723706      1137.78
  189311.000     0.999219      4724166      1280.00
  195199.000     0.999316      4724628      1462.86
  204671.000     0.999414      4725088      1706.67
  218751.000     0.999512      4725550      2048.00
  226559.000     0.999561      4725787      2275.56
  231423.000     0.999609      4726014      2560.00
  237951.000     0.999658      4726244      2925.71
  247807.000     0.999707      4726473      3413.33
  265215.000     0.999756      4726704      4096.00
  278527.000     0.999780      4726822      4551.11
  289279.000     0.999805      4726934      5120.00
  299263.000     0.999829      4727050      5851.43
  306687.000     0.999854      4727166      6826.67
  321535.000     0.999878      4727280      8192.00
  333567.000     0.999890      4727338      9102.22
  349951.000     0.999902      4727396     10240.00
  394495.000     0.999915      4727455     11702.86
  396543.000     0.999927      4727512     13653.33
  419583.000     0.999939      4727569     16384.00
  447743.000     0.999945      4727598     18204.44
  551423.000     0.999951      4727633     20480.00
  555519.000     0.999957      4727657     23405.71
  557567.000     0.999963      4727697     27306.67
  648703.000     0.999969      4727713     32768.00
  662015.000     0.999973      4727731     36408.89
  662527.000     0.999976      4727744     40960.00
  663551.000     0.999979      4727761     46811.43
  664063.000     0.999982      4727773     54613.33
  664575.000     0.999985      4727785     65536.00
  665087.000     0.999986      4727801     72817.78
  665087.000     0.999988      4727801     81920.00
  665599.000     0.999989      4727815     93622.86
  665599.000     0.999991      4727815    109226.67
  666111.000     0.999992      4727830    131072.00
  666111.000     0.999993      4727830    145635.56
  666111.000     0.999994      4727830    163840.00
  666623.000     0.999995      4727834    187245.71
  681983.000     0.999995      4727836    218453.33
  693759.000     0.999996      4727839    262144.00
  713727.000     0.999997      4727841    291271.11
  715263.000     0.999997      4727844    327680.00
  715775.000     0.999997      4727845    374491.43
  717311.000     0.999998      4727848    436906.67
  717311.000     0.999998      4727848    524288.00
  719871.000     0.999998      4727849    582542.22
  720383.000     0.999998      4727850    655360.00
  721919.000     0.999999      4727851    748982.86
  723455.000     0.999999      4727852    873813.33
  724991.000     0.999999      4727853   1048576.00
  724991.000     0.999999      4727853   1165084.44
  735743.000     0.999999      4727854   1310720.00
  735743.000     0.999999      4727854   1497965.71
  742399.000     0.999999      4727855   1747626.67
  742399.000     1.000000      4727855   2097152.00
  742399.000     1.000000      4727855   2330168.89
  742911.000     1.000000      4727856   2621440.00
  742911.000     1.000000      4727856   2995931.43
  742911.000     1.000000      4727856   3495253.33
  742911.000     1.000000      4727856   4194304.00
  742911.000     1.000000      4727856   4660337.78
  743423.000     1.000000      4727857   5242880.00
  743423.000     1.000000      4727857          inf
#[Mean    =    14837.682, StdDeviation   =    20076.533]
#[Max     =   743423.000, Total count    =      4727857]
#[Buckets =           10, SubBuckets     =         2048]
