       Value   Percentile   TotalCount 1/(1-Percentile)

     203.000     0.000000            1         1.00
     904.000     0.100000       349052         1.11
    2547.000     0.200000       698065         1.25
    6643.000     0.300000      1047255         1.43
   10751.000     0.400000      1396175         1.67
   15103.000     0.500000      1745537         2.00
   17887.000     0.550000      1920569         2.22
   20911.000     0.600000      2094794         2.50
   24463.000     0.650000      2269440         2.86
   28367.000     0.700000      2443609         3.33
   32511.000     0.750000      2617751         4.00
   34783.000     0.775000      2705616         4.44
   36927.000     0.800000      2792595         5.00
   39359.000     0.825000      2880319         5.71
   41951.000     0.850000      2967423         6.67
   44543.000     0.875000      3054736         8.00
   45919.000     0.887500      3098539         8.89
   47103.000     0.900000      3141372        10.00
   48415.000     0.912500      3185369        11.43
   50047.000     0.925000      3229018        13.33
   52735.000     0.937500      3272334        16.00
   54591.000     0.943750      3294070        17.78
   56287.000     0.950000      3316080        20.00
   57791.000     0.956250      3337843        22.86
   59775.000     0.962500      3359584        26.67
   61791.000     0.968750      3381384        32.00
   62943.000     0.971875      3392165        35.56
   64575.000     0.975000      3403091        40.00
   67583.000     0.978125      3413998        45.71
   72703.000     0.981250      3424962        53.33
   79935.000     0.984375      3435788        64.00
   84095.000     0.985938      3441254        71.11
   89215.000     0.987500      3446705        80.00
   95167.000     0.989062      3452146        91.43
  101695.000     0.990625      3457609       106.67
  109887.000     0.992188      3463054       128.00
  114879.000     0.992969      3465780       142.22
  120703.000     0.993750      3468500       160.00
  128511.000     0.994531      3471224       182.86
  139135.000     0.995313      3473977       213.33
  149375.000     0.996094      3476704       256.00
  155391.000     0.996484      3478065       284.44
  161407.000     0.996875      3479419       320.00
  167935.000     0.997266      3480780       365.71
  174975.000     0.997656      3482133       426.67
  189055.000     0.998047      3483494       512.00
  198655.000     0.998242      3484180       568.89
  206079.000     0.998437      3484868       640.00
  213887.000     0.998633      3485547       731.43
  221439.000     0.998828      3486228       853.33
  229375.000     0.999023      3486910      1024.00
  237311.000     0.999121      3487245      1137.78
  250239.000     0.999219      3487585      1280.00
  267775.000     0.999316      3487926      1462.86
  294143.000     0.999414      3488269      1706.67
  323583.000     0.999512      3488607      2048.00
  350207.000     0.999561      3488779      2275.56
  392191.000     0.999609      3488948      2560.00
  453119.000     0.999658      3489119      2925.71
  531967.000     0.999707      3489290      3413.33
  586239.000     0.999756      3489459      4096.00
  601087.000     0.999780      3489545      4551.11
  616959.000     0.999805      3489630      5120.00
  633343.000     0.999829      3489716      5851.43
  647167.000     0.999854      3489803      6826.67
  663551.000     0.999878      3489885      8192.00
  670207.000     0.999890      3489928      9102.22
  678399.000     0.999902      3489976     10240.00
  681983.000     0.999915      3490013     11702.86
  690687.000     0.999927      3490058     13653.33
  697855.000     0.999939      3490103     16384.00
  700415.000     0.999945      3490124     18204.44
  702975.000     0.999951      3490145     20480.00
  712191.000     0.999957      3490162     23405.71
  757759.000     0.999963      3490184     27306.67
  793087.000     0.999969      3490205     32768.00
  796671.000     0.999973      3490216     36408.89
  813055.000     0.999976      3490229     40960.00
  814591.000     0.999979      3490237     46811.43
  816127.000     0.999982      3490250     54613.33
  818175.000     0.999985      3490259     65536.00
  819711.000     0.999986      3490264     72817.78
  828927.000     0.999988      3490270     81920.00
  839167.000     0.999989      3490274     93622.86
  882687.000     0.999991      3490281    109226.67
  888319.000     0.999992      3490285    131072.00
  892927.000     0.999993      3490288    145635.56
  899071.000     0.999994      3490290    163840.00
  902655.000     0.999995      3490293    187245.71
  905215.000     0.999995      3490296    218453.33
  908287.000     0.999996      3490298    262144.00
  909311.000     0.999997      3490301    291271.11
  909311.000     0.999997      3490301    327680.00
  909823.000     0.999997      3490302    374491.43
  912895.000     0.999998      3490304    436906.67
  914943.000     0.999998      3490305    524288.00
  922623.000     0.999998      3490306    582542.22
  922623.000     0.999998      3490306    655360.00
  924159.000     0.999999      3490308    748982.86
  924159.000     0.999999      3490308    873813.33
  924159.000     0.999999      3490308   1048576.00
  927743.000     0.999999      3490309   1165084.44
  927743.000     0.999999      3490309   1310720.00
  927743.000     0.999999      3490309   1497965.71
 1021951.000     0.999999      3490310   1747626.67
 1021951.000     1.000000      3490310   2097152.00
 1021951.000     1.000000      3490310   2330168.89
 1021951.000     1.000000      3490310   2621440.00
 1021951.000     1.000000      3490310   2995931.43
 1022975.000     1.000000      3490311   3495253.33
 1022975.000     1.000000      3490311          inf
#[Mean    =    21358.279, StdDeviation   =    25246.402]
#[Max     =  1022975.000, Total count    =      3490311]
#[Buckets =           10, SubBuckets     =         2048]
