       Value   Percentile   TotalCount 1/(1-Percentile)

      65.000     0.000000            1         1.00
      98.000     0.100000       149637         1.11
     105.000     0.200000       289321         1.25
     111.000     0.300000       429595         1.43
     117.000     0.400000       570993         1.67
     124.000     0.500000       728780         2.00
     127.000     0.550000       791521         2.22
     131.000     0.600000       868752         2.50
     135.000     0.650000       937971         2.86
     139.000     0.700000       999271         3.33
     144.000     0.750000      1065554         4.00
     148.000     0.775000      1110884         4.44
     151.000     0.800000      1141132         5.00
     155.000     0.825000      1176324         5.71
     160.000     0.850000      1213162         6.67
     165.000     0.875000      1243545         8.00
     169.000     0.887500      1264200         8.89
     172.000     0.900000      1277750        10.00
     177.000     0.912500      1296838        11.43
     183.000     0.925000      1315528        13.33
     190.000     0.937500      1332581        16.00
     194.000     0.943750      1340656        17.78
     199.000     0.950000      1349403        20.00
     205.000     0.956250      1358103        22.86
     213.000     0.962500      1367399        26.67
     222.000     0.968750      1375322        32.00
     229.000     0.971875      1380190        35.56
     236.000     0.975000      1384202        40.00
     246.000     0.978125      1388931        45.71
     257.000     0.981250      1393019        53.33
     273.000     0.984375      1397492        64.00
     284.000     0.985938      1399819        71.11
     296.000     0.987500      1401979        80.00
     310.000     0.989062      1404121        91.43
     327.000     0.990625      1406398       106.67
     345.000     0.992188      1408563       128.00
     355.000     0.992969      1409703       142.22
     365.000     0.993750      1410832       160.00
     375.000     0.994531      1411910       182.86
     386.000     0.995313      1413044       213.33
     397.000     0.996094      1414138       256.00
     403.000     0.996484      1414652       284.44
     410.000     0.996875      1415237       320.00
     417.000     0.997266      1415790       365.71
     425.000     0.997656      1416343       426.67
     434.000     0.998047      1416878       512.00
     439.000     0.998242      1417153       568.89
     444.000     0.998437      1417410       640.00
     451.000     0.998633      1417720       731.43
     457.000     0.998828      1417957       853.33
     466.000     0.999023      1418238      1024.00
     471.000     0.999121      1418387      1137.78
     477.000     0.999219      1418527      1280.00
     484.000     0.999316      1418676      1462.86
     492.000     0.999414      1418801      1706.67
     501.000     0.999512      1418931      2048.00
     507.000     0.999561      1419010      2275.56
     512.000     0.999609      1419071      2560.00
     520.000     0.999658      1419136      2925.71
     528.000     0.999707      1419208      3413.33
     539.000     0.999756      1419275      4096.00
     546.000     0.999780      1419309      4551.11
     555.000     0.999805      1419346      5120.00
     568.000     0.999829      1419379      5851.43
     584.000     0.999854      1419413      6826.67
     605.000     0.999878      1419447      8192.00
     622.000     0.999890      1419466      9102.22
     639.000     0.999902      1419484     10240.00
     662.000     0.999915      1419499     11702.86
     706.000     0.999927      1419517     13653.33
    1285.000     0.999939      1419534     16384.00
    1869.000     0.999945      1419543     18204.44
    1911.000     0.999951      1419551     20480.00
    1933.000     0.999957      1419560     23405.71
    1958.000     0.999963      1419569     27306.67
    1982.000     0.999969      1419577     32768.00
    1989.000     0.999973      1419583     36408.89
    2010.000     0.999976      1419586     40960.00
    2017.000     0.999979      1419590     46811.43
    2042.000     0.999982      1419595     54613.33
    2059.000     0.999985      1419599     65536.00
    2079.000     0.999986      1419601     72817.78
    2119.000     0.999988      1419603     81920.00
    2309.000     0.999989      1419605     93622.86
    2553.000     0.999991      1419608    109226.67
    2627.000     0.999992      1419610    131072.00
    2637.000     0.999993      1419611    145635.56
    2639.000     0.999994      1419612    163840.00
    2641.000     0.999995      1419614    187245.71
    2641.000     0.999995      1419614    218453.33
    2645.000     0.999996      1419615    262144.00
    2681.000     0.999997      1419616    291271.11
    2681.000     0.999997      1419616    327680.00
    2719.000     0.999997      1419617    374491.43
    2719.000     0.999998      1419617    436906.67
    2801.000     0.999998      1419618    524288.00
    2801.000     0.999998      1419618    582542.22
    2801.000     0.999998      1419618    655360.00
    2859.000     0.999999      1419619    748982.86
    2859.000     0.999999      1419619    873813.33
    2859.000     0.999999      1419619   1048576.00
    2859.000     0.999999      1419619   1165084.44
    2859.000     0.999999      1419619   1310720.00
    2943.000     0.999999      1419620   1497965.71
    2943.000     1.000000      1419620          inf
#[Mean    =      132.901, StdDeviation   =       44.617]
#[Max     =     2943.000, Total count    =      1419620]
#[Buckets =            2, SubBuckets     =         2048]
