       Value   Percentile   TotalCount 1/(1-Percentile)

      82.000     0.000000            1         1.00
     643.000     0.100000       471874         1.11
    1015.000     0.200000       943279         1.25
    1442.000     0.300000      1415742         1.43
    1992.000     0.400000      1887252         1.67
    2785.000     0.500000      2358902         2.00
    3355.000     0.550000      2594495         2.22
    4127.000     0.600000      2829932         2.50
    5207.000     0.650000      3065705         2.86
    6683.000     0.700000      3301860         3.33
    8527.000     0.750000      3537872         4.00
    9559.000     0.775000      3655937         4.44
   10631.000     0.800000      3773584         5.00
   11735.000     0.825000      3891214         5.71
   12895.000     0.850000      4009458         6.67
   14135.000     0.875000      4127361         8.00
   14791.000     0.887500      4186071         8.89
   15487.000     0.900000      4245289        10.00
   16231.000     0.912500      4304052        11.43
   17039.000     0.925000      4363356        13.33
   17935.000     0.937500      4422122        16.00
   18431.000     0.943750      4451578        17.78
   18975.000     0.950000      4481041        20.00
   19567.000     0.956250      4510441        22.86
   20207.000     0.962500      4539564        26.67
   20959.000     0.968750      4569359        32.00
   21375.000     0.971875      4584113        35.56
   21839.000     0.975000      4598773        40.00
   22351.000     0.978125      4613372        45.71
   22927.000     0.981250      4628093        53.33
   23583.000     0.984375      4642744        64.00
   23967.000     0.985938      4650105        71.11
   24399.000     0.987500      4657595        80.00
   24863.000     0.989062      4664783        91.43
   25407.000     0.990625      4672107       106.67
   26063.000     0.992188      4679520       128.00
   26415.000     0.992969      4683186       142.22
   26831.000     0.993750      4686886       160.00
   27279.000     0.994531      4690513       182.86
   27823.000     0.995313      4694242       213.33
   28463.000     0.996094      4697871       256.00
   28847.000     0.996484      4699766       284.44
   29247.000     0.996875      4701546       320.00
   29759.000     0.997266      4703414       365.71
   30303.000     0.997656      4705223       426.67
   31007.000     0.998047      4707099       512.00
   31423.000     0.998242      4708004       568.89
   31903.000     0.998437      4708929       640.00
   32431.000     0.998633      4709843       731.43
   33119.000     0.998828      4710782       853.33
   33951.000     0.999023      4711695      1024.00
   34463.000     0.999121      4712136      1137.78
   35071.000     0.999219      4712606      1280.00
   35807.000     0.999316      4713059      1462.86
   36927.000     0.999414      4713528      1706.67
   38271.000     0.999512      4713982      2048.00
   38975.000     0.999561      4714209      2275.56
   39839.000     0.999609      4714435      2560.00
   41183.000     0.999658      4714663      2925.71
   43999.000     0.999707      4714896      3413.33
   47263.000     0.999756      4715126      4096.00
   49791.000     0.999780      4715239      4551.11
   51135.000     0.999805      4715356      5120.00
   53023.000     0.999829      4715471      5851.43
   57567.000     0.999854      4715585      6826.67
   65375.000     0.999878      4715700      8192.00
   67455.000     0.999890      4715758      9102.22
   69951.000     0.999902      4715815     10240.00
   79551.000     0.999915      4715872     11702.86
   83967.000     0.999927      4715930     13653.33
   89983.000     0.999939      4715989     16384.00
   91391.000     0.999945      4716016     18204.44
   94463.000     0.999951      4716046     20480.00
   95423.000     0.999957      4716074     23405.71
   97087.000     0.999963      4716104     27306.67
   97663.000     0.999969      4716132     32768.00
   98303.000     0.999973      4716146     36408.89
   98559.000     0.999976      4716164     40960.00
  100095.000     0.999979      4716175     46811.43
  100671.000     0.999982      4716190     54613.33
  102591.000     0.999985      4716204     65536.00
  103487.000     0.999986      4716214     72817.78
  103615.000     0.999988      4716219     81920.00
  103935.000     0.999989      4716225     93622.86
  104319.000     0.999991      4716234    109226.67
  104383.000     0.999992      4716240    131072.00
  104639.000     0.999993      4716243    145635.56
  104831.000     0.999994      4716247    163840.00
  105343.000     0.999995      4716251    187245.71
  106367.000     0.999995      4716254    218453.33
  106495.000     0.999996      4716258    262144.00
  106687.000     0.999997      4716259    291271.11
  106879.000     0.999997      4716263    327680.00
  106879.000     0.999997      4716263    374491.43
  107519.000     0.999998      4716265    436906.67
  107583.000     0.999998      4716267    524288.00
  107583.000     0.999998      4716267    582542.22
  107647.000     0.999998      4716269    655360.00
  107647.000     0.999999      4716269    748982.86
  107711.000     0.999999      4716271    873813.33
  107711.000     0.999999      4716271   1048576.00
  107711.000     0.999999      4716271   1165084.44
  107967.000     0.999999      4716272   1310720.00
  107967.000     0.999999      4716272   1497965.71
  108607.000     0.999999      4716273   1747626.67
  108607.000     1.000000      4716273   2097152.00
  108607.000     1.000000      4716273   2330168.89
  109695.000     1.000000      4716274   2621440.00
  109695.000     1.000000      4716274   2995931.43
  109695.000     1.000000      4716274   3495253.33
  109695.000     1.000000      4716274   4194304.00
  109695.000     1.000000      4716274   4660337.78
  110143.000     1.000000      4716275   5242880.00
  110143.000     1.000000      4716275          inf
#[Mean    =     5678.382, StdDeviation   =     6302.167]
#[Max     =   110143.000, Total count    =      4716275]
#[Buckets =            7, SubBuckets     =         2048]
