       Value   Percentile   TotalCount 1/(1-Percentile)

     248.000     0.000000            1         1.00
    2537.000     0.100000       349785         1.11
    3969.000     0.200000       699671         1.25
    7663.000     0.300000      1049449         1.43
   12247.000     0.400000      1399116         1.67
   16463.000     0.500000      1748656         2.00
   18959.000     0.550000      1924374         2.22
   21599.000     0.600000      2098947         2.50
   24607.000     0.650000      2273680         2.86
   28911.000     0.700000      2448390         3.33
   33503.000     0.750000      2623868         4.00
   35455.000     0.775000      2710735         4.44
   37247.000     0.800000      2799287         5.00
   38975.000     0.825000      2886206         5.71
   40767.000     0.850000      2973227         6.67
   42815.000     0.875000      3060251         8.00
   43999.000     0.887500      3105010         8.89
   45279.000     0.900000      3148187        10.00
   46687.000     0.912500      3192281        11.43
   48095.000     0.925000      3235498        13.33
   49727.000     0.937500      3279361        16.00
   50719.000     0.943750      3301083        17.78
   51903.000     0.950000      3322813        20.00
   53247.000     0.956250      3344349        22.86
   54687.000     0.962500      3366236        26.67
   56319.000     0.968750      3388285        32.00
   57407.000     0.971875      3399107        35.56
   59711.000     0.975000      3409913        40.00
   64255.000     0.978125      3420854        45.71
   69375.000     0.981250      3431787        53.33
   75519.000     0.984375      3442689        64.00
   78527.000     0.985938      3448152        71.11
   81663.000     0.987500      3453677        80.00
   85567.000     0.989062      3459073        91.43
   90751.000     0.990625      3464517       106.67
   96575.000     0.992188      3469980       128.00
   99647.000     0.992969      3472704       142.22
  103743.000     0.993750      3475436       160.00
  108223.000     0.994531      3478197       182.86
  113983.000     0.995313      3480901       213.33
  120831.000     0.996094      3483648       256.00
  124607.000     0.996484      3485028       284.44
  127807.000     0.996875      3486361       320.00
  131583.000     0.997266      3487730       365.71
  134911.000     0.997656      3489096       426.67
  138879.000     0.998047      3490474       512.00
  141183.000     0.998242      3491155       568.89
  143999.000     0.998437      3491853       640.00
  146687.000     0.998633      3492534       731.43
  149759.000     0.998828      3493208       853.33
  153087.000     0.999023      3493888      1024.00
  154751.000     0.999121      3494248      1137.78
  156927.000     0.999219      3494562      1280.00
  159743.000     0.999316      3494915      1462.86
  163711.000     0.999414      3495256      1706.67
  168063.000     0.999512      3495584      2048.00
  169983.000     0.999561      3495758      2275.56
  172671.000     0.999609      3495926      2560.00
  175743.000     0.999658      3496103      2925.71
  178431.000     0.999707      3496275      3413.33
  182527.000     0.999756      3496447      4096.00
  184703.000     0.999780      3496523      4551.11
  186879.000     0.999805      3496609      5120.00
  190591.000     0.999829      3496696      5851.43
  194559.000     0.999854      3496778      6826.67
  204031.000     0.999878      3496865      8192.00
  211199.000     0.999890      3496906      9102.22
  219647.000     0.999902      3496949     10240.00
  223103.000     0.999915      3496992     11702.86
  230143.000     0.999927      3497034     13653.33
  233471.000     0.999939      3497077     16384.00
  236799.000     0.999945      3497098     18204.44
  239871.000     0.999951      3497120     20480.00
  242815.000     0.999957      3497141     23405.71
  244735.000     0.999963      3497163     27306.67
  246143.000     0.999969      3497184     32768.00
  248703.000     0.999973      3497194     36408.89
  252415.000     0.999976      3497205     40960.00
  254591.000     0.999979      3497216     46811.43
  255743.000     0.999982      3497230     54613.33
  256511.000     0.999985      3497238     65536.00
  256895.000     0.999986      3497243     72817.78
  257663.000     0.999988      3497249     81920.00
  258047.000     0.999989      3497253     93622.86
  258815.000     0.999991      3497258    109226.67
  265983.000     0.999992      3497264    131072.00
  266495.000     0.999993      3497266    145635.56
  268031.000     0.999994      3497269    163840.00
  270079.000     0.999995      3497272    187245.71
  271871.000     0.999995      3497274    218453.33
  274687.000     0.999996      3497277    262144.00
  275711.000     0.999997      3497280    291271.11
  275711.000     0.999997      3497280    327680.00
  275967.000     0.999997      3497281    374491.43
  276735.000     0.999998      3497283    436906.67
  277503.000     0.999998      3497286    524288.00
  277503.000     0.999998      3497286    582542.22
  277503.000     0.999998      3497286    655360.00
  277503.000     0.999999      3497286    748982.86
  277503.000     0.999999      3497286    873813.33
  277759.000     0.999999      3497287   1048576.00
  277759.000     0.999999      3497287   1165084.44
  279039.000     0.999999      3497288   1310720.00
  279039.000     0.999999      3497288   1497965.71
  279039.000     0.999999      3497288   1747626.67
  279295.000     1.000000      3497289   2097152.00
  279295.000     1.000000      3497289   2330168.89
  279295.000     1.000000      3497289   2621440.00
  279295.000     1.000000      3497289   2995931.43
  279295.000     1.000000      3497289   3495253.33
  279551.000     1.000000      3497290   4194304.00
  279551.000     1.000000      3497290          inf
#[Mean    =    21350.986, StdDeviation   =    19411.259]
#[Max     =   279551.000, Total count    =      3497290]
#[Buckets =            9, SubBuckets     =         2048]
