       Value   Percentile   TotalCount 1/(1-Percentile)

      90.000     0.000000            1         1.00
     451.000     0.100000       567582         1.11
    1145.000     0.200000      1133155         1.25
    3393.000     0.300000      1699422         1.43
    6007.000     0.400000      2266278         1.67
    9479.000     0.500000      2832144         2.00
   11159.000     0.550000      3115341         2.22
   13359.000     0.600000      3398972         2.50
   15279.000     0.650000      3681692         2.86
   17007.000     0.700000      3966402         3.33
   18655.000     0.750000      4249234         4.00
   19455.000     0.775000      4389738         4.44
   20271.000     0.800000      4533063         5.00
   21087.000     0.825000      4673320         5.71
   22047.000     0.850000      4814981         6.67
   23263.000     0.875000      4956464         8.00
   24063.000     0.887500      5027886         8.89
   25023.000     0.900000      5098168        10.00
   26335.000     0.912500      5168697        11.43
   28015.000     0.925000      5239434        13.33
   29871.000     0.937500      5310533        16.00
   31119.000     0.943750      5345551        17.78
   32511.000     0.950000      5381090        20.00
   34079.000     0.956250      5416523        22.86
   36031.000     0.962500      5451997        26.67
   38399.000     0.968750      5487443        32.00
   39807.000     0.971875      5504805        35.56
   41503.000     0.975000      5522683        40.00
   43615.000     0.978125      5540410        45.71
   46175.000     0.981250      5557917        53.33
   49407.000     0.984375      5575607        64.00
   51199.000     0.985938      5584475        71.11
   53215.000     0.987500      5593326        80.00
   55583.000     0.989062      5602187        91.43
   58495.000     0.990625      5611009       106.67
   62399.000     0.992188      5619858       128.00
   64895.000     0.992969      5624301       142.22
   67775.000     0.993750      5628714       160.00
   71231.000     0.994531      5633148       182.86
   75327.000     0.995313      5637551       213.33
   81215.000     0.996094      5641977       256.00
   84863.000     0.996484      5644194       284.44
   88831.000     0.996875      5646403       320.00
   94207.000     0.997266      5648600       365.71
  101887.000     0.997656      5650813       426.67
  111551.000     0.998047      5653022       512.00
  120063.000     0.998242      5654129       568.89
  133375.000     0.998437      5655236       640.00
  178687.000     0.998633      5656346       731.43
  336895.000     0.998828      5657447       853.33
  524031.000     0.999023      5658553      1024.00
  614911.000     0.999121      5659108      1137.78
  635903.000     0.999219      5659657      1280.00
  677887.000     0.999316      5660221      1462.86
  790527.000     0.999414      5660765      1706.67
  954367.000     0.999512      5661318      2048.00
 1055743.000     0.999561      5661593      2275.56
 1117183.000     0.999609      5661870      2560.00
 1251327.000     0.999658      5662149      2925.71
 1314815.000     0.999707      5662428      3413.33
 1375231.000     0.999756      5662701      4096.00
 1401855.000     0.999780      5662842      4551.11
 1426431.000     0.999805      5662980      5120.00
 1686527.000     0.999829      5663122      5851.43
 1729535.000     0.999854      5663254      6826.67
 1827839.000     0.999878      5663397      8192.00
 1881087.000     0.999890      5663462      9102.22
 1955839.000     0.999902      5663529     10240.00
 1970175.000     0.999915      5663603     11702.86
 1979391.000     0.999927      5663674     13653.33
 2085887.000     0.999939      5663737     16384.00
 2252799.000     0.999945      5663771     18204.44
 2271231.000     0.999951      5663807     20480.00
 2349055.000     0.999957      5663847     23405.71
 2387967.000     0.999963      5663876     27306.67
 2400255.000     0.999969      5663910     32768.00
 2402303.000     0.999973      5663933     36408.89
 2754559.000     0.999976      5663944     40960.00
 2779135.000     0.999979      5663968     46811.43
 2785279.000     0.999982      5663981     54613.33
 2789375.000     0.999985      5663997     65536.00
 2793471.000     0.999986      5664007     72817.78
 2795519.000     0.999988      5664014     81920.00
 2797567.000     0.999989      5664030     93622.86
 2799615.000     0.999991      5664042    109226.67
 2799615.000     0.999992      5664042    131072.00
 2801663.000     0.999993      5664044    145635.56
 2805759.000     0.999994      5664048    163840.00
 2813951.000     0.999995      5664052    187245.71
 2979839.000     0.999995      5664058    218453.33
 2985983.000     0.999996      5664061    262144.00
 2994175.000     0.999997      5664063    291271.11
 3004415.000     0.999997      5664065    327680.00
 3006463.000     0.999997      5664067    374491.43
 3395583.000     0.999998      5664070    436906.67
 3405823.000     0.999998      5664072    524288.00
 3407871.000     0.999998      5664073    582542.22
 3411967.000     0.999998      5664075    655360.00
 3411967.000     0.999999      5664075    748982.86
 3414015.000     0.999999      5664076    873813.33
 3416063.000     0.999999      5664077   1048576.00
 3418111.000     0.999999      5664078   1165084.44
 3418111.000     0.999999      5664078   1310720.00
 3420159.000     0.999999      5664079   1497965.71
 3420159.000     0.999999      5664079   1747626.67
 3422207.000     1.000000      5664081   2097152.00
 3422207.000     1.000000      5664081   2330168.89
 3422207.000     1.000000      5664081   2621440.00
 3422207.000     1.000000      5664081   2995931.43
 3422207.000     1.000000      5664081   3495253.33
 3422207.000     1.000000      5664081   4194304.00
 3422207.000     1.000000      5664081   4660337.78
 3422207.000     1.000000      5664081   5242880.00
 3424255.000     1.000000      5664082   5991862.86
 3424255.000     1.000000      5664082          inf
#[Mean    =    13226.665, StdDeviation   =    41083.004]
#[Max     =  3424255.000, Total count    =      5664082]
#[Buckets =           12, SubBuckets     =         2048]
