       Value   Percentile   TotalCount 1/(1-Percentile)

     118.000     0.000000            1         1.00
     457.000     0.100000       336146         1.11
     630.000     0.200000       673468         1.25
     886.000     0.300000      1008395         1.43
    1437.000     0.400000      1344137         1.67
    7839.000     0.500000      1679915         2.00
   12055.000     0.550000      1848056         2.22
   15775.000     0.600000      2015866         2.50
   20239.000     0.650000      2184266         2.86
   24591.000     0.700000      2352032         3.33
   29087.000     0.750000      2519919         4.00
   33471.000     0.775000      2603832         4.44
   40031.000     0.800000      2687915         5.00
   45407.000     0.825000      2771806         5.71
   50015.000     0.850000      2855804         6.67
   56415.000     0.875000      2939966         8.00
   60319.000     0.887500      2981804         8.89
   65215.000     0.900000      3023816        10.00
   70271.000     0.912500      3066100        11.43
   76095.000     0.925000      3107820        13.33
   81983.000     0.937500      3149848        16.00
   85567.000     0.943750      3170872        17.78
   89663.000     0.950000      3191793        20.00
   93503.000     0.956250      3212913        22.86
   98431.000     0.962500      3233948        26.67
  104383.000     0.968750      3254893        32.00
  107391.000     0.971875      3265311        35.56
  110847.000     0.975000      3275842        40.00
  114943.000     0.978125      3286334        45.71
  119423.000     0.981250      3296807        53.33
  125439.000     0.984375      3307216        64.00
  131071.000     0.985938      3312495        71.11
  140287.000     0.987500      3317735        80.00
  149631.000     0.989062      3323039        91.43
  158591.000     0.990625      3328262       106.67
  166655.000     0.992188      3333499       128.00
  170495.000     0.992969      3336157       142.22
  174719.000     0.993750      3338741       160.00
  179327.000     0.994531      3341407       182.86
  185215.000     0.995313      3343988       213.33
  191615.000     0.996094      3346622       256.00
  194431.000     0.996484      3347919       284.44
  198015.000     0.996875      3349229       320.00
  203263.000     0.997266      3350525       365.71
  209791.000     0.997656      3351841       426.67
  220287.000     0.998047      3353150       512.00
  227327.000     0.998242      3353804       568.89
  236799.000     0.998437      3354466       640.00
  245887.000     0.998633      3355113       731.43
  258815.000     0.998828      3355770       853.33
  272639.000     0.999023      3356427      1024.00
  276479.000     0.999121      3356764      1137.78
  279551.000     0.999219      3357096      1280.00
  282623.000     0.999316      3357410      1462.86
  286719.000     0.999414      3357754      1706.67
  290303.000     0.999512      3358067      2048.00
  292351.000     0.999561      3358232      2275.56
  294399.000     0.999609      3358401      2560.00
  296447.000     0.999658      3358573      2925.71
  298495.000     0.999707      3358735      3413.33
  301311.000     0.999756      3358888      4096.00
  302847.000     0.999780      3358976      4551.11
  304127.000     0.999805      3359054      5120.00
  305407.000     0.999829      3359146      5851.43
  306687.000     0.999854      3359218      6826.67
  308479.000     0.999878      3359301      8192.00
  309503.000     0.999890      3359345      9102.22
  310527.000     0.999902      3359383     10240.00
  311807.000     0.999915      3359422     11702.86
  313855.000     0.999927      3359466     13653.33
  316415.000     0.999939      3359506     16384.00
  317951.000     0.999945      3359527     18204.44
  319487.000     0.999951      3359556     20480.00
  319743.000     0.999957      3359566     23405.71
  322047.000     0.999963      3359583     27306.67
  335359.000     0.999969      3359604     32768.00
  343551.000     0.999973      3359614     36408.89
  350463.000     0.999976      3359624     40960.00
  352767.000     0.999979      3359635     46811.43
  361983.000     0.999982      3359648     54613.33
  365055.000     0.999985      3359667     65536.00
  365055.000     0.999986      3359667     72817.78
  365055.000     0.999988      3359667     81920.00
  365311.000     0.999989      3359679     93622.86
  365311.000     0.999991      3359679    109226.67
  365567.000     0.999992      3359682    131072.00
  366335.000     0.999993      3359683    145635.56
  367103.000     0.999994      3359690    163840.00
  367103.000     0.999995      3359690    187245.71
  369151.000     0.999995      3359691    218453.33
  370943.000     0.999996      3359697    262144.00
  370943.000     0.999997      3359697    291271.11
  370943.000     0.999997      3359697    327680.00
  371199.000     0.999997      3359702    374491.43
  371199.000     0.999998      3359702    436906.67
  371199.000     0.999998      3359702    524288.00
  371199.000     0.999998      3359702    582542.22
  371199.000     0.999998      3359702    655360.00
  371199.000     0.999999      3359702    748982.86
  372223.000     0.999999      3359703    873813.33
  372223.000     0.999999      3359703   1048576.00
  372991.000     0.999999      3359704   1165084.44
  372991.000     0.999999      3359704   1310720.00
  372991.000     0.999999      3359704   1497965.71
  440319.000     0.999999      3359705   1747626.67
  440319.000     1.000000      3359705   2097152.00
  440319.000     1.000000      3359705   2330168.89
  440319.000     1.000000      3359705   2621440.00
  440319.000     1.000000      3359705   2995931.43
  441087.000     1.000000      3359706   3495253.33
  441087.000     1.000000      3359706          inf
#[Mean    =    22097.018, StdDeviation   =    33288.603]
#[Max     =   441087.000, Total count    =      3359706]
#[Buckets =            9, SubBuckets     =         2048]
