       Value   Percentile   TotalCount 1/(1-Percentile)

     167.000     0.000000            1         1.00
   14775.000     0.100000       279326         1.11
   17343.000     0.200000       558084         1.25
   19551.000     0.300000       836869         1.43
   21775.000     0.400000      1115927         1.67
   24111.000     0.500000      1396297         2.00
   25359.000     0.550000      1534164         2.22
   26735.000     0.600000      1673937         2.50
   28223.000     0.650000      1812983         2.86
   29871.000     0.700000      1952260         3.33
   31711.000     0.750000      2092379         4.00
   32719.000     0.775000      2161863         4.44
   33855.000     0.800000      2232811         5.00
   35103.000     0.825000      2301788         5.71
   36511.000     0.850000      2370672         6.67
   38207.000     0.875000      2440778         8.00
   39199.000     0.887500      2475655         8.89
   40319.000     0.900000      2510888        10.00
   41567.000     0.912500      2544940        11.43
   43103.000     0.925000      2580291        13.33
   44991.000     0.937500      2614970        16.00
   46111.000     0.943750      2632239        17.78
   47423.000     0.950000      2649817        20.00
   48959.000     0.956250      2667043        22.86
   50879.000     0.962500      2684450        26.67
   53471.000     0.968750      2701796        32.00
   55263.000     0.971875      2710564        35.56
   57375.000     0.975000      2719306        40.00
   60031.000     0.978125      2727983        45.71
   63327.000     0.981250      2736662        53.33
   67391.000     0.984375      2745484        64.00
   69631.000     0.985938      2749762        71.11
   72255.000     0.987500      2754141        80.00
   75327.000     0.989062      2758456        91.43
   79423.000     0.990625      2762834       106.67
   85759.000     0.992188      2767171       128.00
   90239.000     0.992969      2769353       142.22
   95295.000     0.993750      2771526       160.00
  101759.000     0.994531      2773697       182.86
  110271.000     0.995313      2775873       213.33
  118975.000     0.996094      2778056       256.00
  123135.000     0.996484      2779153       284.44
  127871.000     0.996875      2780241       320.00
  132095.000     0.997266      2781334       365.71
  135935.000     0.997656      2782455       426.67
  140287.000     0.998047      2783503       512.00
  143103.000     0.998242      2784057       568.89
  146047.000     0.998437      2784586       640.00
  150527.000     0.998633      2785132       731.43
  157951.000     0.998828      2785675       853.33
  164735.000     0.999023      2786226      1024.00
  168319.000     0.999121      2786497      1137.78
  171775.000     0.999219      2786770      1280.00
  174719.000     0.999316      2787036      1462.86
  178559.000     0.999414      2787313      1706.67
  183295.000     0.999512      2787583      2048.00
  185599.000     0.999561      2787721      2275.56
  187775.000     0.999609      2787852      2560.00
  191487.000     0.999658      2787993      2925.71
  196095.000     0.999707      2788124      3413.33
  201343.000     0.999756      2788264      4096.00
  205439.000     0.999780      2788329      4551.11
  208895.000     0.999805      2788400      5120.00
  210687.000     0.999829      2788468      5851.43
  212607.000     0.999854      2788533      6826.67
  214783.000     0.999878      2788604      8192.00
  216447.000     0.999890      2788635      9102.22
  219135.000     0.999902      2788669     10240.00
  222079.000     0.999915      2788703     11702.86
  225663.000     0.999927      2788737     13653.33
  231295.000     0.999939      2788771     16384.00
  235135.000     0.999945      2788788     18204.44
  284159.000     0.999951      2788807     20480.00
  287999.000     0.999957      2788823     23405.71
  296703.000     0.999963      2788839     27306.67
  311295.000     0.999969      2788856     32768.00
  314367.000     0.999973      2788865     36408.89
  316159.000     0.999976      2788875     40960.00
  317695.000     0.999979      2788882     46811.43
  318975.000     0.999982      2788894     54613.33
  319743.000     0.999985      2788900     65536.00
  320511.000     0.999986      2788904     72817.78
  321279.000     0.999988      2788907     81920.00
  322815.000     0.999989      2788912     93622.86
  326655.000     0.999991      2788916    109226.67
  328447.000     0.999992      2788920    131072.00
  331007.000     0.999993      2788922    145635.56
  331775.000     0.999994      2788924    163840.00
  339199.000     0.999995      2788927    187245.71
  344319.000     0.999995      2788929    218453.33
  359167.000     0.999996      2788931    262144.00
  359935.000     0.999997      2788932    291271.11
  360447.000     0.999997      2788933    327680.00
  382463.000     0.999997      2788934    374491.43
  382719.000     0.999998      2788935    436906.67
  383231.000     0.999998      2788936    524288.00
  383487.000     0.999998      2788937    582542.22
  383487.000     0.999998      2788937    655360.00
  384767.000     0.999999      2788939    748982.86
  384767.000     0.999999      2788939    873813.33
  384767.000     0.999999      2788939   1048576.00
  384767.000     0.999999      2788939   1165084.44
  384767.000     0.999999      2788939   1310720.00
  385535.000     0.999999      2788940   1497965.71
  385535.000     0.999999      2788940   1747626.67
  385535.000     1.000000      2788940   2097152.00
  385535.000     1.000000      2788940   2330168.89
  385535.000     1.000000      2788940   2621440.00
  385791.000     1.000000      2788941   2995931.43
  385791.000     1.000000      2788941          inf
#[Mean    =    26851.970, StdDeviation   =    14206.487]
#[Max     =   385791.000, Total count    =      2788941]
#[Buckets =            9, SubBuckets     =         2048]
