       Value   Percentile   TotalCount 1/(1-Percentile)

     151.000     0.000000            1         1.00
     792.000     0.100000       353416         1.11
    1154.000     0.200000       707090         1.25
    1738.000     0.300000      1060044         1.43
    2301.000     0.400000      1413517         1.67
    2731.000     0.500000      1767085         2.00
    2971.000     0.550000      1943068         2.22
    3289.000     0.600000      2119660         2.50
    3853.000     0.650000      2296478         2.86
    6883.000     0.700000      2472858         3.33
   15503.000     0.750000      2649551         4.00
   19887.000     0.775000      2737849         4.44
   24831.000     0.800000      2826240         5.00
   33151.000     0.825000      2914438         5.71
   41023.000     0.850000      3002668         6.67
   50815.000     0.875000      3091070         8.00
   55935.000     0.887500      3135139         8.89
   63999.000     0.900000      3179397        10.00
   74239.000     0.912500      3223666        11.43
   88703.000     0.925000      3267688        13.33
  111295.000     0.937500      3311854        16.00
  116991.000     0.943750      3333858        17.78
  127423.000     0.950000      3355957        20.00
  143103.000     0.956250      3378274        22.86
  155135.000     0.962500      3400307        26.67
  164095.000     0.968750      3422186        32.00
  168831.000     0.971875      3433336        35.56
  173695.000     0.975000      3444465        40.00
  179071.000     0.978125      3455402        45.71
  187135.000     0.981250      3466405        53.33
  194559.000     0.984375      3477496        64.00
  199039.000     0.985938      3483014        71.11
  203135.000     0.987500      3488420        80.00
  211071.000     0.989062      3493949        91.43
  221823.000     0.990625      3499434       106.67
  231423.000     0.992188      3505013       128.00
  235263.000     0.992969      3507737       142.22
  240127.000     0.993750      3510520       160.00
  245375.000     0.994531      3513241       182.86
  250751.000     0.995313      3516040       213.33
  257151.000     0.996094      3518781       256.00
  261247.000     0.996484      3520126       284.44
  269055.000     0.996875      3521525       320.00
  282111.000     0.997266      3522905       365.71
  288511.000     0.997656      3524282       426.67
  295423.000     0.998047      3525648       512.00
  301311.000     0.998242      3526351       568.89
  304127.000     0.998437      3527112       640.00
  307199.000     0.998633      3527728       731.43
  313343.000     0.998828      3528406       853.33
  320511.000     0.999023      3529140      1024.00
  322559.000     0.999121      3529468      1137.78
  327167.000     0.999219      3529796      1280.00
  333567.000     0.999316      3530132      1462.86
  339455.000     0.999414      3530485      1706.67
  347391.000     0.999512      3530827      2048.00
  350975.000     0.999561      3530999      2275.56
  356351.000     0.999609      3531172      2560.00
  363775.000     0.999658      3531336      2925.71
  375295.000     0.999707      3531508      3413.33
  389887.000     0.999756      3531684      4096.00
  397823.000     0.999780      3531767      4551.11
  406527.000     0.999805      3531853      5120.00
  415743.000     0.999829      3531940      5851.43
  428543.000     0.999854      3532025      6826.67
  433919.000     0.999878      3532117      8192.00
  441855.000     0.999890      3532154      9102.22
  463871.000     0.999902      3532198     10240.00
  481535.000     0.999915      3532241     11702.86
  505087.000     0.999927      3532285     13653.33
  524799.000     0.999939      3532327     16384.00
  532991.000     0.999945      3532349     18204.44
  540159.000     0.999951      3532370     20480.00
  546815.000     0.999957      3532393     23405.71
  553471.000     0.999963      3532415     27306.67
  560639.000     0.999969      3532437     32768.00
  563711.000     0.999973      3532445     36408.89
  566271.000     0.999976      3532456     40960.00
  569855.000     0.999979      3532468     46811.43
  572415.000     0.999982      3532478     54613.33
  574975.000     0.999985      3532492     65536.00
  575487.000     0.999986      3532496     72817.78
  575999.000     0.999988      3532499     81920.00
  577023.000     0.999989      3532505     93622.86
  577535.000     0.999991      3532512    109226.67
  578047.000     0.999992      3532518    131072.00
  578047.000     0.999993      3532518    145635.56
  578559.000     0.999994      3532523    163840.00
  579071.000     0.999995      3532529    187245.71
  579071.000     0.999995      3532529    218453.33
  579071.000     0.999996      3532529    262144.00
  579583.000     0.999997      3532530    291271.11
  580095.000     0.999997      3532533    327680.00
  580095.000     0.999997      3532533    374491.43
  580607.000     0.999998      3532537    436906.67
  580607.000     0.999998      3532537    524288.00
  580607.000     0.999998      3532537    582542.22
  580607.000     0.999998      3532537    655360.00
  581119.000     0.999999      3532538    748982.86
  581119.000     0.999999      3532538    873813.33
  584703.000     0.999999      3532539   1048576.00
  584703.000     0.999999      3532539   1165084.44
  585727.000     0.999999      3532540   1310720.00
  585727.000     0.999999      3532540   1497965.71
  585727.000     0.999999      3532540   1747626.67
  611839.000     1.000000      3532541   2097152.00
  611839.000     1.000000      3532541   2330168.89
  611839.000     1.000000      3532541   2621440.00
  611839.000     1.000000      3532541   2995931.43
  611839.000     1.000000      3532541   3495253.33
  612863.000     1.000000      3532542   4194304.00
  612863.000     1.000000      3532542          inf
#[Mean    =    21130.617, StdDeviation   =    45498.940]
#[Max     =   612863.000, Total count    =      3532542]
#[Buckets =           10, SubBuckets     =         2048]
