       Value   Percentile   TotalCount 1/(1-Percentile)

     109.000     0.000000            1         1.00
     619.000     0.100000       984949         1.11
     885.000     0.200000      1971160         1.25
    1198.000     0.300000      2956457         1.43
    1550.000     0.400000      3938969         1.67
    1894.000     0.500000      4923661         2.00
    2075.000     0.550000      5416491         2.22
    2277.000     0.600000      5908950         2.50
    2509.000     0.650000      6403201         2.86
    2777.000     0.700000      6894594         3.33
    3107.000     0.750000      7386571         4.00
    3309.000     0.775000      7632870         4.44
    3545.000     0.800000      7879149         5.00
    3829.000     0.825000      8124992         5.71
    4191.000     0.850000      8371899         6.67
    4667.000     0.875000      8617371         8.00
    4967.000     0.887500      8739537         8.89
    5327.000     0.900000      8862238        10.00
    5763.000     0.912500      8986128        11.43
    6299.000     0.925000      9108543        13.33
    6987.000     0.937500      9231548        16.00
    7427.000     0.943750      9293427        17.78
    7935.000     0.950000      9354587        20.00
    8559.000     0.956250      9416345        22.86
    9351.000     0.962500      9477915        26.67
   10407.000     0.968750      9539404        32.00
   11095.000     0.971875      9570028        35.56
   11959.000     0.975000      9600770        40.00
   13111.000     0.978125      9631485        45.71
   14847.000     0.981250      9662315        53.33
   17695.000     0.984375      9693010        64.00
   19935.000     0.985938      9708383        71.11
   22927.000     0.987500      9723747        80.00
   27663.000     0.989062      9739152        91.43
   34687.000     0.990625      9754534       106.67
   42815.000     0.992188      9769906       128.00
   47903.000     0.992969      9777617       142.22
   53759.000     0.993750      9785296       160.00
   61247.000     0.994531      9792981       182.86
   70655.000     0.995313      9800697       213.33
   84351.000     0.996094      9808359       256.00
   91199.000     0.996484      9812214       284.44
   99391.000     0.996875      9816058       320.00
  109119.000     0.997266      9819895       365.71
  121855.000     0.997656      9823747       426.67
  139647.000     0.998047      9827620       512.00
  150015.000     0.998242      9829512       568.89
  170111.000     0.998437      9831430       640.00
  185343.000     0.998633      9833362       731.43
  204671.000     0.998828      9835282       853.33
  226687.000     0.999023      9837212      1024.00
  239359.000     0.999121      9838171      1137.78
  250623.000     0.999219      9839127      1280.00
  268031.000     0.999316      9840094      1462.86
  286207.000     0.999414      9841045      1706.67
  303871.000     0.999512      9842007      2048.00
  318975.000     0.999561      9842500      2275.56
  335359.000     0.999609      9842976      2560.00
  358911.000     0.999658      9843454      2925.71
  373503.000     0.999707      9843933      3413.33
  400383.000     0.999756      9844423      4096.00
  403967.000     0.999780      9844655      4551.11
  422399.000     0.999805      9844896      5120.00
  433663.000     0.999829      9845142      5851.43
  457215.000     0.999854      9845377      6826.67
  501759.000     0.999878      9845618      8192.00
  519679.000     0.999890      9845733      9102.22
  572415.000     0.999902      9845864     10240.00
  616959.000     0.999915      9845973     11702.86
  671231.000     0.999927      9846097     13653.33
  769023.000     0.999939      9846217     16384.00
  810495.000     0.999945      9846277     18204.44
  839167.000     0.999951      9846336     20480.00
  847359.000     0.999957      9846395     23405.71
  956415.000     0.999963      9846472     27306.67
  965119.000     0.999969      9846517     32768.00
  991231.000     0.999973      9846547     36408.89
 1007103.000     0.999976      9846576     40960.00
 1042431.000     0.999979      9846606     46811.43
 1043455.000     0.999982      9846641     54613.33
 1045503.000     0.999985      9846665     65536.00
 1076223.000     0.999986      9846680     72817.78
 1100799.000     0.999988      9846694     81920.00
 1195007.000     0.999989      9846713     93622.86
 1202175.000     0.999991      9846729    109226.67
 1305599.000     0.999992      9846740    131072.00
 1316863.000     0.999993      9846756    145635.56
 1316863.000     0.999994      9846756    163840.00
 1355775.000     0.999995      9846768    187245.71
 1356799.000     0.999995      9846769    218453.33
 1357823.000     0.999996      9846779    262144.00
 1358847.000     0.999997      9846781    291271.11
 1360895.000     0.999997      9846786    327680.00
 1364991.000     0.999997      9846788    374491.43
 1396735.000     0.999998      9846794    436906.67
 1416191.000     0.999998      9846799    524288.00
 1416191.000     0.999998      9846799    582542.22
 1416191.000     0.999998      9846799    655360.00
 1541119.000     0.999999      9846801    748982.86
 1542143.000     0.999999      9846804    873813.33
 1544191.000     0.999999      9846808   1048576.00
 1544191.000     0.999999      9846808   1165084.44
 1544191.000     0.999999      9846808   1310720.00
 1544191.000     0.999999      9846808   1497965.71
 1545215.000     0.999999      9846809   1747626.67
 1632255.000     1.000000      9846813   2097152.00
 1632255.000     1.000000      9846813   2330168.89
 1632255.000     1.000000      9846813   2621440.00
 1632255.000     1.000000      9846813   2995931.43
 1632255.000     1.000000      9846813   3495253.33
 1632255.000     1.000000      9846813   4194304.00
 1632255.000     1.000000      9846813   4660337.78
 1632255.000     1.000000      9846813   5242880.00
 1632255.000     1.000000      9846813   5991862.86
 1632255.000     1.000000      9846813   6990506.67
 1632255.000     1.000000      9846813   8388608.00
 1632255.000     1.000000      9846813   9320675.55
 1799167.000     1.000000      9846814  10485760.00
 1799167.000     1.000000      9846814          inf
#[Mean    =     3611.277, StdDeviation   =    15623.857]
#[Max     =  1799167.000, Total count    =      9846814]
#[Buckets =           11, SubBuckets     =         2048]
