       Value   Percentile   TotalCount 1/(1-Percentile)

      94.000     0.000000            1         1.00
     440.000     0.100000       851313         1.11
     589.000     0.200000      1698157         1.25
     743.000     0.300000      2548491         1.43
     927.000     0.400000      3394714         1.67
    1169.000     0.500000      4241125         2.00
    1325.000     0.550000      4664448         2.22
    1508.000     0.600000      5087204         2.50
    1721.000     0.650000      5512163         2.86
    1971.000     0.700000      5934672         3.33
    2293.000     0.750000      6359046         4.00
    2491.000     0.775000      6571259         4.44
    2723.000     0.800000      6783000         5.00
    3009.000     0.825000      6994458         5.71
    3385.000     0.850000      7206700         6.67
    3907.000     0.875000      7418786         8.00
    4243.000     0.887500      7524808         8.89
    4647.000     0.900000      7631216        10.00
    5139.000     0.912500      7736327        11.43
    5779.000     0.925000      7842702        13.33
    6655.000     0.937500      7948469        16.00
    7223.000     0.943750      8001454        17.78
    7919.000     0.950000      8054272        20.00
    8831.000     0.956250      8107251        22.86
   10063.000     0.962500      8160267        26.67
   11887.000     0.968750      8213267        32.00
   13175.000     0.971875      8239700        35.56
   14887.000     0.975000      8266122        40.00
   17471.000     0.978125      8292725        45.71
   21615.000     0.981250      8319147        53.33
   28367.000     0.984375      8345613        64.00
   33471.000     0.985938      8358867        71.11
   39519.000     0.987500      8372112        80.00
   47071.000     0.989062      8385354        91.43
   60159.000     0.990625      8398605       106.67
   75839.000     0.992188      8411835       128.00
   84031.000     0.992969      8418473       142.22
   94591.000     0.993750      8425117       160.00
  106047.000     0.994531      8431722       182.86
  120255.000     0.995313      8438342       213.33
  136703.000     0.996094      8445018       256.00
  148351.000     0.996484      8448266       284.44
  159359.000     0.996875      8451582       320.00
  174207.000     0.997266      8454904       365.71
  188543.000     0.997656      8458210       426.67
  206079.000     0.998047      8461518       512.00
  215679.000     0.998242      8463178       568.89
  229247.000     0.998437      8464827       640.00
  246655.000     0.998633      8466478       731.43
  262655.000     0.998828      8468131       853.33
  289279.000     0.999023      8469797      1024.00
  315903.000     0.999121      8470618      1137.78
  329471.000     0.999219      8471455      1280.00
  346367.000     0.999316      8472272      1462.86
  371455.000     0.999414      8473100      1706.67
  397055.000     0.999512      8473926      2048.00
  413439.000     0.999561      8474352      2275.56
  425983.000     0.999609      8474758      2560.00
  441855.000     0.999658      8475177      2925.71
  467967.000     0.999707      8475583      3413.33
  509183.000     0.999756      8475997      4096.00
  521215.000     0.999780      8476206      4551.11
  550399.000     0.999805      8476417      5120.00
  572927.000     0.999829      8476618      5851.43
  629247.000     0.999854      8476833      6826.67
  654335.000     0.999878      8477038      8192.00
  697855.000     0.999890      8477136      9102.22
  709631.000     0.999902      8477241     10240.00
  745471.000     0.999915      8477342     11702.86
  761343.000     0.999927      8477446     13653.33
  805375.000     0.999939      8477548     16384.00
  806399.000     0.999945      8477600     18204.44
  889343.000     0.999951      8477652     20480.00
  967679.000     0.999957      8477705     23405.71
 1001983.000     0.999963      8477757     27306.67
 1081343.000     0.999969      8477809     32768.00
 1082367.000     0.999973      8477839     36408.89
 1083391.000     0.999976      8477864     40960.00
 1133567.000     0.999979      8477889     46811.43
 1135615.000     0.999982      8477950     54613.33
 1135615.000     0.999985      8477950     65536.00
 1135615.000     0.999986      8477950     72817.78
 1136639.000     0.999988      8477966     81920.00
 1267711.000     0.999989      8477978     93622.86
 1272831.000     0.999991      8477993    109226.67
 1274879.000     0.999992      8478002    131072.00
 1275903.000     0.999993      8478008    145635.56
 1277951.000     0.999994      8478016    163840.00
 1279999.000     0.999995      8478020    187245.71
 1284095.000     0.999995      8478032    218453.33
 1285119.000     0.999996      8478034    262144.00
 1287167.000     0.999997      8478037    291271.11
 1288191.000     0.999997      8478055    327680.00
 1288191.000     0.999997      8478055    374491.43
 1288191.000     0.999998      8478055    436906.67
 1288191.000     0.999998      8478055    524288.00
 1288191.000     0.999998      8478055    582542.22
 1288191.000     0.999998      8478055    655360.00
 1288191.000     0.999999      8478055    748982.86
 1293311.000     0.999999      8478058    873813.33
 1293311.000     0.999999      8478058   1048576.00
 1293311.000     0.999999      8478058   1165084.44
 1294335.000     0.999999      8478059   1310720.00
 1921023.000     0.999999      8478061   1497965.71
 1921023.000     0.999999      8478061   1747626.67
 1921023.000     1.000000      8478061   2097152.00
 1922047.000     1.000000      8478065   2330168.89
 1922047.000     1.000000      8478065          inf
#[Mean    =     3746.029, StdDeviation   =    20414.448]
#[Max     =  1922047.000, Total count    =      8478065]
#[Buckets =           11, SubBuckets     =         2048]
