       Value   Percentile   TotalCount 1/(1-Percentile)

      57.000     0.000000            2         1.00
     778.000     0.100000       779007         1.11
    1433.000     0.200000      1557664         1.25
    2207.000     0.300000      2337624         1.43
    3093.000     0.400000      3116610         1.67
    4089.000     0.500000      3894963         2.00
    4635.000     0.550000      4284951         2.22
    5215.000     0.600000      4674241         2.50
    5843.000     0.650000      5064542         2.86
    6527.000     0.700000      5453038         3.33
    7295.000     0.750000      5842214         4.00
    7727.000     0.775000      6037249         4.44
    8199.000     0.800000      6232897         5.00
    8719.000     0.825000      6425849         5.71
    9319.000     0.850000      6620944         6.67
   10023.000     0.875000      6814868         8.00
   10439.000     0.887500      6913907         8.89
   10895.000     0.900000      7010639        10.00
   11415.000     0.912500      7107463        11.43
   12023.000     0.925000      7204747        13.33
   12767.000     0.937500      7302209        16.00
   13207.000     0.943750      7350959        17.78
   13703.000     0.950000      7399335        20.00
   14279.000     0.956250      7448066        22.86
   14959.000     0.962500      7496347        26.67
   15783.000     0.968750      7544990        32.00
   16255.000     0.971875      7569272        35.56
   16799.000     0.975000      7594060        40.00
   17391.000     0.978125      7618475        45.71
   18031.000     0.981250      7642588        53.33
   18735.000     0.984375      7666724        64.00
   19135.000     0.985938      7679103        71.11
   19551.000     0.987500      7691305        80.00
   19983.000     0.989062      7703108        91.43
   20495.000     0.990625      7715508       106.67
   21055.000     0.992188      7727692       128.00
   21343.000     0.992969      7733543       142.22
   21679.000     0.993750      7739744       160.00
   22031.000     0.994531      7745713       182.86
   22431.000     0.995313      7751805       213.33
   22895.000     0.996094      7757980       256.00
   23151.000     0.996484      7761083       284.44
   23423.000     0.996875      7764020       320.00
   23743.000     0.997266      7767060       365.71
   24079.000     0.997656      7770025       426.67
   24495.000     0.998047      7773089       512.00
   24735.000     0.998242      7774607       568.89
   24991.000     0.998437      7776109       640.00
   25295.000     0.998633      7777698       731.43
   25631.000     0.998828      7779182       853.33
   26015.000     0.999023      7780689      1024.00
   26255.000     0.999121      7781443      1137.78
   26511.000     0.999219      7782232      1280.00
   26783.000     0.999316      7782959      1462.86
   27119.000     0.999414      7783748      1706.67
   27471.000     0.999512      7784485      2048.00
   27679.000     0.999561      7784858      2275.56
   27919.000     0.999609      7785236      2560.00
   28207.000     0.999658      7785615      2925.71
   28543.000     0.999707      7786000      3413.33
   28927.000     0.999756      7786382      4096.00
   29167.000     0.999780      7786569      4551.11
   29423.000     0.999805      7786758      5120.00
   29679.000     0.999829      7786946      5851.43
   29967.000     0.999854      7787134      6826.67
   30287.000     0.999878      7787327      8192.00
   30479.000     0.999890      7787417      9102.22
   30719.000     0.999902      7787513     10240.00
   31055.000     0.999915      7787608     11702.86
   31407.000     0.999927      7787706     13653.33
   31791.000     0.999939      7787800     16384.00
   32015.000     0.999945      7787847     18204.44
   32271.000     0.999951      7787897     20480.00
   32479.000     0.999957      7787942     23405.71
   32703.000     0.999963      7787988     27306.67
   32959.000     0.999969      7788036     32768.00
   33279.000     0.999973      7788059     36408.89
   33567.000     0.999976      7788086     40960.00
   33983.000     0.999979      7788107     46811.43
   34303.000     0.999982      7788133     54613.33
   34783.000     0.999985      7788154     65536.00
   35039.000     0.999986      7788168     72817.78
   35359.000     0.999988      7788177     81920.00
   35967.000     0.999989      7788189     93622.86
   36511.000     0.999991      7788201    109226.67
   37279.000     0.999992      7788213    131072.00
   37631.000     0.999993      7788219    145635.56
   38143.000     0.999994      7788225    163840.00
   38399.000     0.999995      7788231    187245.71
   38687.000     0.999995      7788238    218453.33
   38751.000     0.999996      7788244    262144.00
   38879.000     0.999997      7788246    291271.11
   39071.000     0.999997      7788250    327680.00
   39103.000     0.999997      7788252    374491.43
   39391.000     0.999998      7788256    436906.67
   39455.000     0.999998      7788259    524288.00
   39455.000     0.999998      7788259    582542.22
   39807.000     0.999998      7788261    655360.00
   39839.000     0.999999      7788262    748982.86
   39967.000     0.999999      7788264    873813.33
   40031.000     0.999999      7788266   1048576.00
   40031.000     0.999999      7788266   1165084.44
   40159.000     0.999999      7788267   1310720.00
   40159.000     0.999999      7788267   1497965.71
   40639.000     0.999999      7788268   1747626.67
   42271.000     1.000000      7788269   2097152.00
   42271.000     1.000000      7788269   2330168.89
   42367.000     1.000000      7788270   2621440.00
   42367.000     1.000000      7788270   2995931.43
   42367.000     1.000000      7788270   3495253.33
   42655.000     1.000000      7788271   4194304.00
   42655.000     1.000000      7788271   4660337.78
   42655.000     1.000000      7788271   5242880.00
   42655.000     1.000000      7788271   5991862.86
   42655.000     1.000000      7788271   6990506.67
   42687.000     1.000000      7788272   8388608.00
   42687.000     1.000000      7788272          inf
#[Mean    =     5166.031, StdDeviation   =     4365.222]
#[Max     =    42687.000, Total count    =      7788272]
#[Buckets =            6, SubBuckets     =         2048]
