       Value   Percentile   TotalCount 1/(1-Percentile)

      42.000     0.000000            3         1.00
     334.000     0.100000       888860         1.11
     452.000     0.200000      1775900         1.25
     566.000     0.300000      2656723         1.43
     691.000     0.400000      3546045         1.67
     840.000     0.500000      4428427         2.00
     932.000     0.550000      4873047         2.22
    1042.000     0.600000      5314859         2.50
    1180.000     0.650000      5755191         2.86
    1365.000     0.700000      6198674         3.33
    1632.000     0.750000      6640484         4.00
    1819.000     0.775000      6861556         4.44
    2067.000     0.800000      7083257         5.00
    2413.000     0.825000      7304737         5.71
    2927.000     0.850000      7525063         6.67
    3693.000     0.875000      7746386         8.00
    4183.000     0.887500      7857833         8.89
    4739.000     0.900000      7968170        10.00
    5399.000     0.912500      8078867        11.43
    6179.000     0.925000      8189012        13.33
    7083.000     0.937500      8299747        16.00
    7579.000     0.943750      8355034        17.78
    8111.000     0.950000      8410362        20.00
    8695.000     0.956250      8465845        22.86
    9375.000     0.962500      8521559        26.67
   10191.000     0.968750      8576644        32.00
   10687.000     0.971875      8604265        35.56
   11271.000     0.975000      8632002        40.00
   11975.000     0.978125      8659404        45.71
   12847.000     0.981250      8687143        53.33
   13895.000     0.984375      8714671        64.00
   14495.000     0.985938      8728576        71.11
   15143.000     0.987500      8742382        80.00
   15847.000     0.989062      8756159        91.43
   16655.000     0.990625      8770168       106.67
   17567.000     0.992188      8784003       128.00
   18079.000     0.992969      8790866       142.22
   18623.000     0.993750      8797646       160.00
   19247.000     0.994531      8804584       182.86
   19967.000     0.995313      8811599       213.33
   20767.000     0.996094      8818394       256.00
   21247.000     0.996484      8821882       284.44
   21775.000     0.996875      8825310       320.00
   22383.000     0.997266      8828780       365.71
   23071.000     0.997656      8832244       426.67
   23887.000     0.998047      8835715       512.00
   24367.000     0.998242      8837451       568.89
   24911.000     0.998437      8839180       640.00
   25519.000     0.998633      8840888       731.43
   26223.000     0.998828      8842602       853.33
   27103.000     0.999023      8844337      1024.00
   27631.000     0.999121      8845223      1137.78
   28191.000     0.999219      8846074      1280.00
   28863.000     0.999316      8846934      1462.86
   29615.000     0.999414      8847792      1706.67
   30671.000     0.999512      8848655      2048.00
   31359.000     0.999561      8849098      2275.56
   32127.000     0.999609      8849519      2560.00
   33087.000     0.999658      8849961      2925.71
   34175.000     0.999707      8850384      3413.33
   35711.000     0.999756      8850817      4096.00
   36543.000     0.999780      8851036      4551.11
   37343.000     0.999805      8851249      5120.00
   38239.000     0.999829      8851466      5851.43
   39231.000     0.999854      8851679      6826.67
   40479.000     0.999878      8851899      8192.00
   41055.000     0.999890      8852006      9102.22
   41631.000     0.999902      8852113     10240.00
   42207.000     0.999915      8852227     11702.86
   42815.000     0.999927      8852327     13653.33
   43839.000     0.999939      8852440     16384.00
   44383.000     0.999945      8852489     18204.44
   44959.000     0.999951      8852544     20480.00
   45407.000     0.999957      8852597     23405.71
   45855.000     0.999963      8852651     27306.67
   46623.000     0.999969      8852705     32768.00
   47007.000     0.999973      8852732     36408.89
   47231.000     0.999976      8852760     40960.00
   47743.000     0.999979      8852787     46811.43
   48383.000     0.999982      8852814     54613.33
   49247.000     0.999985      8852841     65536.00
   49695.000     0.999986      8852854     72817.78
   50207.000     0.999988      8852867     81920.00
   50815.000     0.999989      8852882     93622.86
   51231.000     0.999991      8852894    109226.67
   51551.000     0.999992      8852909    131072.00
   51679.000     0.999993      8852915    145635.56
   51871.000     0.999994      8852921    163840.00
   51967.000     0.999995      8852928    187245.71
   52351.000     0.999995      8852935    218453.33
   52735.000     0.999996      8852942    262144.00
   52831.000     0.999997      8852945    291271.11
   53023.000     0.999997      8852949    327680.00
   53215.000     0.999997      8852955    374491.43
   53215.000     0.999998      8852955    436906.67
   53311.000     0.999998      8852959    524288.00
   53375.000     0.999998      8852960    582542.22
   53631.000     0.999998      8852962    655360.00
   54143.000     0.999999      8852964    748982.86
   54239.000     0.999999      8852965    873813.33
   54623.000     0.999999      8852967   1048576.00
   54687.000     0.999999      8852968   1165084.44
   54911.000     0.999999      8852969   1310720.00
   55071.000     0.999999      8852970   1497965.71
   55071.000     0.999999      8852970   1747626.67
   55231.000     1.000000      8852971   2097152.00
   55359.000     1.000000      8852972   2330168.89
   55359.000     1.000000      8852972   2621440.00
   55583.000     1.000000      8852973   2995931.43
   55583.000     1.000000      8852973   3495253.33
   55583.000     1.000000      8852973   4194304.00
   55967.000     1.000000      8852974   4660337.78
   55967.000     1.000000      8852974   5242880.00
   55967.000     1.000000      8852974   5991862.86
   55967.000     1.000000      8852974   6990506.67
   55967.000     1.000000      8852974   8388608.00
   56511.000     1.000000      8852975   9320675.55
   56511.000     1.000000      8852975          inf
#[Mean    =     1904.341, StdDeviation   =     3123.182]
#[Max     =    56511.000, Total count    =      8852975]
#[Buckets =            6, SubBuckets     =         2048]
