       Value   Percentile   TotalCount 1/(1-Percentile)

     164.000     0.000000            1         1.00
    1642.000     0.100000       141794         1.11
    3377.000     0.200000       283508         1.25
    6791.000     0.300000       425268         1.43
   14063.000     0.400000       566952         1.67
   22799.000     0.500000       708662         2.00
   28959.000     0.550000       779544         2.22
   38271.000     0.600000       850473         2.50
   52831.000     0.650000       921308         2.86
   76031.000     0.700000       992200         3.33
   96895.000     0.750000      1063134         4.00
  105727.000     0.775000      1098670         4.44
  114175.000     0.800000      1134123         5.00
  122367.000     0.825000      1169528         5.71
  130431.000     0.850000      1204757         6.67
  138751.000     0.875000      1240177         8.00
  143231.000     0.887500      1258225         8.89
  147839.000     0.900000      1275676        10.00
  152831.000     0.912500      1293311        11.43
  158463.000     0.925000      1311246        13.33
  164735.000     0.937500      1329056        16.00
  168063.000     0.943750      1337808        17.78
  171647.000     0.950000      1346576        20.00
  175743.000     0.956250      1355467        22.86
  179967.000     0.962500      1364165        26.67
  184959.000     0.968750      1373146        32.00
  187647.000     0.971875      1377534        35.56
  190591.000     0.975000      1381906        40.00
  193919.000     0.978125      1386425        45.71
  197503.000     0.981250      1390802        53.33
  201599.000     0.984375      1395241        64.00
  204031.000     0.985938      1397495        71.11
  206591.000     0.987500      1399696        80.00
  209023.000     0.989062      1401840        91.43
  212223.000     0.990625      1404103       106.67
  215807.000     0.992188      1406301       128.00
  217855.000     0.992969      1407349       142.22
  219903.000     0.993750      1408466       160.00
  222335.000     0.994531      1409609       182.86
  225023.000     0.995313      1410702       213.33
  228351.000     0.996094      1411790       256.00
  230271.000     0.996484      1412342       284.44
  232447.000     0.996875      1412901       320.00
  234879.000     0.997266      1413459       365.71
  237311.000     0.997656      1413998       426.67
  240127.000     0.998047      1414550       512.00
  241919.000     0.998242      1414839       568.89
  243711.000     0.998437      1415109       640.00
  245759.000     0.998633      1415385       731.43
  248191.000     0.998828      1415663       853.33
  251135.000     0.999023      1415931      1024.00
  253055.000     0.999121      1416073      1137.78
  255103.000     0.999219      1416212      1280.00
  256895.000     0.999316      1416348      1462.86
  259455.000     0.999414      1416497      1706.67
  262015.000     0.999512      1416624      2048.00
  263167.000     0.999561      1416694      2275.56
  264703.000     0.999609      1416768      2560.00
  265983.000     0.999658      1416836      2925.71
  267775.000     0.999707      1416903      3413.33
  269823.000     0.999756      1416969      4096.00
  271615.000     0.999780      1417005      4551.11
  273663.000     0.999805      1417041      5120.00
  274943.000     0.999829      1417072      5851.43
  276735.000     0.999854      1417110      6826.67
  278015.000     0.999878      1417143      8192.00
  278783.000     0.999890      1417161      9102.22
  279807.000     0.999902      1417180     10240.00
  280575.000     0.999915      1417196     11702.86
  281599.000     0.999927      1417214     13653.33
  283391.000     0.999939      1417230     16384.00
  284159.000     0.999945      1417238     18204.44
  284927.000     0.999951      1417247     20480.00
  286463.000     0.999957      1417256     23405.71
  287487.000     0.999963      1417263     27306.67
  289023.000     0.999969      1417272     32768.00
  289535.000     0.999973      1417276     36408.89
  290303.000     0.999976      1417280     40960.00
  291839.000     0.999979      1417284     46811.43
  292607.000     0.999982      1417290     54613.33
  293119.000     0.999985      1417295     65536.00
  293119.000     0.999986      1417295     72817.78
  293887.000     0.999988      1417297     81920.00
  294399.000     0.999989      1417300     93622.86
  294655.000     0.999991      1417302    109226.67
  295423.000     0.999992      1417306    131072.00
  295423.000     0.999993      1417306    145635.56
  295423.000     0.999994      1417306    163840.00
  295679.000     0.999995      1417308    187245.71
  295679.000     0.999995      1417308    218453.33
  300543.000     0.999996      1417309    262144.00
  301823.000     0.999997      1417310    291271.11
  301823.000     0.999997      1417310    327680.00
  303103.000     0.999997      1417311    374491.43
  303103.000     0.999998      1417311    436906.67
  303359.000     0.999998      1417313    524288.00
  303359.000     0.999998      1417313    582542.22
  303359.000     0.999998      1417313    655360.00
  303359.000     0.999999      1417313    748982.86
  303359.000     0.999999      1417313    873813.33
  303359.000     0.999999      1417313   1048576.00
  303359.000     0.999999      1417313   1165084.44
  303359.000     0.999999      1417313   1310720.00
  307711.000     0.999999      1417314   1497965.71
  307711.000     1.000000      1417314          inf
#[Mean    =    52480.083, StdDeviation   =    59539.605]
#[Max     =   307711.000, Total count    =      1417314]
#[Buckets =            9, SubBuckets     =         2048]
