       Value   Percentile   TotalCount 1/(1-Percentile)

     135.000     0.000000            1         1.00
    2008.000     0.100000       341597         1.11
    5015.000     0.200000       683198         1.25
    8671.000     0.300000      1024878         1.43
   13319.000     0.400000      1366379         1.67
   18687.000     0.500000      1707969         2.00
   21311.000     0.550000      1878779         2.22
   23599.000     0.600000      2050192         2.50
   26383.000     0.650000      2220853         2.86
   29055.000     0.700000      2391063         3.33
   31759.000     0.750000      2561755         4.00
   33119.000     0.775000      2647823         4.44
   34591.000     0.800000      2733592         5.00
   36223.000     0.825000      2818548         5.71
   38591.000     0.850000      2903225         6.67
   41951.000     0.875000      2989123         8.00
   43871.000     0.887500      3031555         8.89
   45951.000     0.900000      3073907        10.00
   48255.000     0.912500      3116560        11.43
   50815.000     0.925000      3159705        13.33
   53599.000     0.937500      3202347        16.00
   55135.000     0.943750      3223640        17.78
   56735.000     0.950000      3244898        20.00
   58495.000     0.956250      3266267        22.86
   60447.000     0.962500      3287514        26.67
   62687.000     0.968750      3308741        32.00
   63967.000     0.971875      3319566        35.56
   65407.000     0.975000      3330261        40.00
   67007.000     0.978125      3340911        45.71
   68863.000     0.981250      3351479        53.33
   71103.000     0.984375      3362174        64.00
   72383.000     0.985938      3367472        71.11
   73919.000     0.987500      3372816        80.00
   75775.000     0.989062      3378188        91.43
   77951.000     0.990625      3383481       106.67
   80575.000     0.992188      3388725       128.00
   82239.000     0.992969      3391451       142.22
   84159.000     0.993750      3394057       160.00
   86655.000     0.994531      3396723       182.86
   89663.000     0.995313      3399385       213.33
   94655.000     0.996094      3402068       256.00
   98495.000     0.996484      3403401       284.44
  103551.000     0.996875      3404720       320.00
  110911.000     0.997266      3406051       365.71
  121023.000     0.997656      3407387       426.67
  134655.000     0.998047      3408727       512.00
  143359.000     0.998242      3409390       568.89
  151551.000     0.998437      3410060       640.00
  158975.000     0.998633      3410726       731.43
  168063.000     0.998828      3411388       853.33
  178047.000     0.999023      3412056      1024.00
  182399.000     0.999121      3412389      1137.78
  186367.000     0.999219      3412723      1280.00
  191231.000     0.999316      3413054      1462.86
  195583.000     0.999414      3413387      1706.67
  199551.000     0.999512      3413724      2048.00
  201599.000     0.999561      3413895      2275.56
  203775.000     0.999609      3414063      2560.00
  206079.000     0.999658      3414224      2925.71
  208127.000     0.999707      3414391      3413.33
  211711.000     0.999756      3414557      4096.00
  213247.000     0.999780      3414639      4551.11
  214783.000     0.999805      3414721      5120.00
  216575.000     0.999829      3414805      5851.43
  220031.000     0.999854      3414893      6826.67
  222847.000     0.999878      3414972      8192.00
  224511.000     0.999890      3415014      9102.22
  226431.000     0.999902      3415056     10240.00
  229119.000     0.999915      3415097     11702.86
  232831.000     0.999927      3415138     13653.33
  236287.000     0.999939      3415180     16384.00
  238591.000     0.999945      3415201     18204.44
  240511.000     0.999951      3415222     20480.00
  242175.000     0.999957      3415243     23405.71
  244223.000     0.999963      3415263     27306.67
  246399.000     0.999969      3415284     32768.00
  250111.000     0.999973      3415295     36408.89
  252543.000     0.999976      3415305     40960.00
  254335.000     0.999979      3415318     46811.43
  257919.000     0.999982      3415326     54613.33
  263423.000     0.999985      3415336     65536.00
  268543.000     0.999986      3415342     72817.78
  269055.000     0.999988      3415347     81920.00
  272127.000     0.999989      3415353     93622.86
  281599.000     0.999991      3415357    109226.67
  285183.000     0.999992      3415362    131072.00
  287231.000     0.999993      3415365    145635.56
  292607.000     0.999994      3415368    163840.00
  293119.000     0.999995      3415370    187245.71
  293887.000     0.999995      3415373    218453.33
  298495.000     0.999996      3415376    262144.00
  299519.000     0.999997      3415378    291271.11
  299519.000     0.999997      3415378    327680.00
  303615.000     0.999997      3415381    374491.43
  303615.000     0.999998      3415381    436906.67
  303871.000     0.999998      3415382    524288.00
  304383.000     0.999998      3415384    582542.22
  304383.000     0.999998      3415384    655360.00
  304383.000     0.999999      3415384    748982.86
  304639.000     0.999999      3415386    873813.33
  304639.000     0.999999      3415386   1048576.00
  304639.000     0.999999      3415386   1165084.44
  304639.000     0.999999      3415386   1310720.00
  304639.000     0.999999      3415386   1497965.71
  305151.000     0.999999      3415387   1747626.67
  305151.000     1.000000      3415387   2097152.00
  305151.000     1.000000      3415387   2330168.89
  305151.000     1.000000      3415387   2621440.00
  305151.000     1.000000      3415387   2995931.43
  313343.000     1.000000      3415388   3495253.33
  313343.000     1.000000      3415388          inf
#[Mean    =    21861.563, StdDeviation   =    19069.773]
#[Max     =   313343.000, Total count    =      3415388]
#[Buckets =            9, SubBuckets     =         2048]
