       Value   Percentile   TotalCount 1/(1-Percentile)

     155.000     0.000000            1         1.00
     686.000     0.100000       353277         1.11
     944.000     0.200000       706930         1.25
    1509.000     0.300000      1059731         1.43
    2273.000     0.400000      1413484         1.67
    2739.000     0.500000      1765717         2.00
    2967.000     0.550000      1943597         2.22
    3223.000     0.600000      2118935         2.50
    3575.000     0.650000      2295371         2.86
    4495.000     0.700000      2471987         3.33
   13663.000     0.750000      2648493         4.00
   19327.000     0.775000      2736882         4.44
   28975.000     0.800000      2824958         5.00
   43903.000     0.825000      2913376         5.71
   57951.000     0.850000      3001573         6.67
   70975.000     0.875000      3090103         8.00
   78271.000     0.887500      3134143         8.89
   86079.000     0.900000      3178243        10.00
   95807.000     0.912500      3222542        11.43
  102271.000     0.925000      3266573        13.33
  107775.000     0.937500      3310718        16.00
  111423.000     0.943750      3332546        17.78
  115135.000     0.950000      3354785        20.00
  118015.000     0.956250      3376916        22.86
  121279.000     0.962500      3398786        26.67
  129599.000     0.968750      3420917        32.00
  131839.000     0.971875      3431850        35.56
  134783.000     0.975000      3442969        40.00
  139647.000     0.978125      3454219        45.71
  143103.000     0.981250      3465036        53.33
  149247.000     0.984375      3476113        64.00
  152831.000     0.985938      3481513        71.11
  155647.000     0.987500      3487052        80.00
  159103.000     0.989062      3492528        91.43
  164351.000     0.990625      3498096       106.67
  176639.000     0.992188      3503573       128.00
  183551.000     0.992969      3506351       142.22
  191231.000     0.993750      3509085       160.00
  201599.000     0.994531      3511855       182.86
  210687.000     0.995313      3514592       213.33
  220671.000     0.996094      3517352       256.00
  226303.000     0.996484      3518737       284.44
  236927.000     0.996875      3520119       320.00
  244991.000     0.997266      3521496       365.71
  263423.000     0.997656      3522888       426.67
  272639.000     0.998047      3524268       512.00
  279807.000     0.998242      3524962       568.89
  287999.000     0.998437      3525628       640.00
  307199.000     0.998633      3526317       731.43
  336895.000     0.998828      3527037       853.33
  339711.000     0.999023      3527720      1024.00
  342015.000     0.999121      3528066      1137.78
  344575.000     0.999219      3528387      1280.00
  346623.000     0.999316      3528750      1462.86
  347647.000     0.999414      3529079      1706.67
  349695.000     0.999512      3529451      2048.00
  351487.000     0.999561      3529624      2275.56
  352767.000     0.999609      3529779      2560.00
  356351.000     0.999658      3529940      2925.71
  358655.000     0.999707      3530114      3413.33
  360959.000     0.999756      3530287      4096.00
  361983.000     0.999780      3530390      4551.11
  362751.000     0.999805      3530494      5120.00
  363263.000     0.999829      3530583      5851.43
  363775.000     0.999854      3530669      6826.67
  364287.000     0.999878      3530757      8192.00
  364287.000     0.999890      3530757      9102.22
  364543.000     0.999902      3530803     10240.00
  364799.000     0.999915      3530853     11702.86
  365055.000     0.999927      3530894     13653.33
  365311.000     0.999939      3530940     16384.00
  365567.000     0.999945      3530986     18204.44
  365567.000     0.999951      3530986     20480.00
  365823.000     0.999957      3531008     23405.71
  366079.000     0.999963      3531028     27306.67
  366335.000     0.999969      3531042     32768.00
  366591.000     0.999973      3531057     36408.89
  366847.000     0.999976      3531065     40960.00
  367103.000     0.999979      3531071     46811.43
  371455.000     0.999982      3531081     54613.33
  385791.000     0.999985      3531091     65536.00
  393215.000     0.999986      3531096     72817.78
  396287.000     0.999988      3531101     81920.00
  409599.000     0.999989      3531107     93622.86
  422399.000     0.999991      3531112    109226.67
  428287.000     0.999992      3531118    131072.00
  429055.000     0.999993      3531120    145635.56
  435455.000     0.999994      3531123    163840.00
  436479.000     0.999995      3531126    187245.71
  443135.000     0.999995      3531128    218453.33
  459775.000     0.999996      3531131    262144.00
  477183.000     0.999997      3531132    291271.11
  508415.000     0.999997      3531134    327680.00
  509183.000     0.999997      3531135    374491.43
  510463.000     0.999998      3531136    436906.67
  520447.000     0.999998      3531138    524288.00
  520447.000     0.999998      3531138    582542.22
  522751.000     0.999998      3531139    655360.00
  528895.000     0.999999      3531140    748982.86
  528895.000     0.999999      3531140    873813.33
  530431.000     0.999999      3531141   1048576.00
  530431.000     0.999999      3531141   1165084.44
  572927.000     0.999999      3531142   1310720.00
  572927.000     0.999999      3531142   1497965.71
  572927.000     0.999999      3531142   1747626.67
  573439.000     1.000000      3531143   2097152.00
  573439.000     1.000000      3531143   2330168.89
  573439.000     1.000000      3531143   2621440.00
  573439.000     1.000000      3531143   2995931.43
  573439.000     1.000000      3531143   3495253.33
  573951.000     1.000000      3531144   4194304.00
  573951.000     1.000000      3531144          inf
#[Mean    =    21144.637, StdDeviation   =    41300.412]
#[Max     =   573951.000, Total count    =      3531144]
#[Buckets =           10, SubBuckets     =         2048]
