       Value   Percentile   TotalCount 1/(1-Percentile)

     886.000     0.000000            1         1.00
   14199.000     0.100000        72474         1.11
   14247.000     0.200000       139957         1.25
   14295.000     0.300000       216579         1.43
   14335.000     0.400000       279405         1.67
   14383.000     0.500000       351205         2.00
   14407.000     0.550000       384666         2.22
   14431.000     0.600000       416867         2.50
   14463.000     0.650000       459104         2.86
   14487.000     0.700000       491076         3.33
   14511.000     0.750000       521257         4.00
   14527.000     0.775000       540564         4.44
   14543.000     0.800000       559172         5.00
   14559.000     0.825000       575913         5.71
   14583.000     0.850000       596787         6.67
   14599.000     0.875000       608665         8.00
   14615.000     0.887500       619495         8.89
   14631.000     0.900000       628826        10.00
   14647.000     0.912500       637027        11.43
   14663.000     0.925000       644187        13.33
   14687.000     0.937500       653435        16.00
   14695.000     0.943750       656273        17.78
   14711.000     0.950000       661332        20.00
   14727.000     0.956250       665709        22.86
   14743.000     0.962500       669465        26.67
   14759.000     0.968750       673065        32.00
   14775.000     0.971875       676180        35.56
   14783.000     0.975000       677583        40.00
   14799.000     0.978125       679878        45.71
   14823.000     0.981250       682333        53.33
   14839.000     0.984375       683925        64.00
   14855.000     0.985938       685223        71.11
   14871.000     0.987500       686336        80.00
   14887.000     0.989062       687134        91.43
   14911.000     0.990625       688230       106.67
   14951.000     0.992188       689373       128.00
   14975.000     0.992969       689901       142.22
   14999.000     0.993750       690382       160.00
   15047.000     0.994531       690866       182.86
   15135.000     0.995313       691468       213.33
   15183.000     0.996094       692003       256.00
   15215.000     0.996484       692265       284.44
   15239.000     0.996875       692494       320.00
   15287.000     0.997266       692769       365.71
   15543.000     0.997656       693038       426.67
   15671.000     0.998047       693326       512.00
   15687.000     0.998242       693463       568.89
   15711.000     0.998437       693593       640.00
   15751.000     0.998633       693717       731.43
   15799.000     0.998828       693866       853.33
   15839.000     0.999023       693993      1024.00
   15871.000     0.999121       694061      1137.78
   15895.000     0.999219       694136      1280.00
   15911.000     0.999316       694197      1462.86
   15927.000     0.999414       694274      1706.67
   15951.000     0.999512       694322      2048.00
   15983.000     0.999561       694357      2275.56
   19999.000     0.999609       694389      2560.00
   21119.000     0.999658       694425      2925.71
   22127.000     0.999707       694458      3413.33
   23423.000     0.999756       694491      4096.00
   24303.000     0.999780       694510      4551.11
   24527.000     0.999805       694527      5120.00
   25631.000     0.999829       694543      5851.43
   25967.000     0.999854       694561      6826.67
   28351.000     0.999878       694575      8192.00
   28607.000     0.999890       694586      9102.22
   28655.000     0.999902       694593     10240.00
   28719.000     0.999915       694603     11702.86
   28751.000     0.999927       694609     13653.33
   28783.000     0.999939       694618     16384.00
   28815.000     0.999945       694622     18204.44
   28863.000     0.999951       694627     20480.00
   28895.000     0.999957       694631     23405.71
   28927.000     0.999963       694635     27306.67
   28943.000     0.999969       694644     32768.00
   28943.000     0.999973       694644     36408.89
   28943.000     0.999976       694644     40960.00
   28959.000     0.999979       694646     46811.43
   28975.000     0.999982       694647     54613.33
   29007.000     0.999985       694651     65536.00
   29007.000     0.999986       694651     72817.78
   29007.000     0.999988       694651     81920.00
   29023.000     0.999989       694652     93622.86
   29055.000     0.999991       694653    109226.67
   29071.000     0.999992       694655    131072.00
   29071.000     0.999993       694655    145635.56
   29071.000     0.999994       694655    163840.00
   29103.000     0.999995       694656    187245.71
   29103.000     0.999995       694656    218453.33
   29119.000     0.999996       694657    262144.00
   29119.000     0.999997       694657    291271.11
   29119.000     0.999997       694657    327680.00
   29215.000     0.999997       694658    374491.43
   29215.000     0.999998       694658    436906.67
   29215.000     0.999998       694658    524288.00
   29215.000     0.999998       694658    582542.22
   29215.000     0.999998       694658    655360.00
   29391.000     0.999999       694659    748982.86
   29391.000     1.000000       694659          inf
#[Mean    =    14395.867, StdDeviation   =      402.261]
#[Max     =    29391.000, Total count    =       694659]
#[Buckets =            5, SubBuckets     =         2048]
