       Value   Percentile   TotalCount 1/(1-Percentile)

      79.000     0.000000            1         1.00
     108.000     0.100000       143357         1.11
     115.000     0.200000       287670         1.25
     121.000     0.300000       440193         1.43
     126.000     0.400000       575122         1.67
     131.000     0.500000       708168         2.00
     134.000     0.550000       784002         2.22
     137.000     0.600000       856756         2.50
     140.000     0.650000       925238         2.86
     143.000     0.700000       988233         3.33
     147.000     0.750000      1061988         4.00
     149.000     0.775000      1095133         4.44
     151.000     0.800000      1125425         5.00
     153.000     0.825000      1153250         5.71
     156.000     0.850000      1190809         6.67
     159.000     0.875000      1223558         8.00
     161.000     0.887500      1242542         8.89
     163.000     0.900000      1259805        10.00
     165.000     0.912500      1275301        11.43
     168.000     0.925000      1295245        13.33
     171.000     0.937500      1311951        16.00
     172.000     0.943750      1316850        17.78
     174.000     0.950000      1326143        20.00
     176.000     0.956250      1334352        22.86
     179.000     0.962500      1344861        26.67
     181.000     0.968750      1350835        32.00
     183.000     0.971875      1356128        35.56
     185.000     0.975000      1360850        40.00
     187.000     0.978125      1364974        45.71
     189.000     0.981250      1368603        53.33
     192.000     0.984375      1373297        64.00
     193.000     0.985938      1374634        71.11
     195.000     0.987500      1377117        80.00
     197.000     0.989062      1379288        91.43
     199.000     0.990625      1381254       106.67
     202.000     0.992188      1383734       128.00
     203.000     0.992969      1384455       142.22
     205.000     0.993750      1385717       160.00
     206.000     0.994531      1386303       182.86
     208.000     0.995313      1387350       213.33
     211.000     0.996094      1388660       256.00
     212.000     0.996484      1388982       284.44
     214.000     0.996875      1389638       320.00
     216.000     0.997266      1390146       365.71
     218.000     0.997656      1390640       426.67
     221.000     0.998047      1391218       512.00
     222.000     0.998242      1391397       568.89
     224.000     0.998437      1391725       640.00
     226.000     0.998633      1391957       731.43
     229.000     0.998828      1392273       853.33
     232.000     0.999023      1392540      1024.00
     233.000     0.999121      1392630      1137.78
     235.000     0.999219      1392770      1280.00
     238.000     0.999316      1392919      1462.86
     241.000     0.999414      1393053      1706.67
     244.000     0.999512      1393174      2048.00
     247.000     0.999561      1393254      2275.56
     250.000     0.999609      1393333      2560.00
     252.000     0.999658      1393372      2925.71
     257.000     0.999707      1393449      3413.33
     263.000     0.999756      1393508      4096.00
     269.000     0.999780      1393543      4551.11
     282.000     0.999805      1393577      5120.00
     308.000     0.999829      1393610      5851.43
     452.000     0.999854      1393643      6826.67
    1032.000     0.999878      1393677      8192.00
    1492.000     0.999890      1393694      9102.22
    2073.000     0.999902      1393711     10240.00
    3041.000     0.999915      1393728     11702.86
    6683.000     0.999927      1393745     13653.33
   13447.000     0.999939      1393762     16384.00
   20991.000     0.999945      1393771     18204.44
   23279.000     0.999951      1393779     20480.00
   27007.000     0.999957      1393788     23405.71
   31007.000     0.999963      1393796     27306.67
   35327.000     0.999969      1393805     32768.00
   36511.000     0.999973      1393809     36408.89
   37151.000     0.999976      1393813     40960.00
   37599.000     0.999979      1393818     46811.43
   39743.000     0.999982      1393822     54613.33
   40831.000     0.999985      1393826     65536.00
   40863.000     0.999986      1393828     72817.78
   45631.000     0.999988      1393830     81920.00
   46207.000     0.999989      1393833     93622.86
   47359.000     0.999991      1393835    109226.67
   48543.000     0.999992      1393837    131072.00
   48575.000     0.999993      1393838    145635.56
   48671.000     0.999994      1393839    163840.00
   50111.000     0.999995      1393840    187245.71
   50175.000     0.999995      1393841    218453.33
   50463.000     0.999996      1393842    262144.00
   50879.000     0.999997      1393843    291271.11
   50879.000     0.999997      1393843    327680.00
   50911.000     0.999997      1393844    374491.43
   50911.000     0.999998      1393844    436906.67
   53503.000     0.999998      1393845    524288.00
   53503.000     0.999998      1393845    582542.22
   53503.000     0.999998      1393845    655360.00
   55807.000     0.999999      1393846    748982.86
   55807.000     0.999999      1393846    873813.33
   55807.000     0.999999      1393846   1048576.00
   55807.000     0.999999      1393846   1165084.44
   55807.000     0.999999      1393846   1310720.00
   58271.000     0.999999      1393847   1497965.71
   58271.000     1.000000      1393847          inf
#[Mean    =      136.187, StdDeviation   =      283.122]
#[Max     =    58271.000, Total count    =      1393847]
#[Buckets =            6, SubBuckets     =         2048]
