       Value   Percentile   TotalCount 1/(1-Percentile)

      53.000     0.000000            1         1.00
      67.000     0.100000       272199         1.11
      70.000     0.200000       515539         1.25
      72.000     0.300000       714195         1.43
      74.000     0.400000       919144         1.67
      77.000     0.500000      1181883         2.00
      78.000     0.550000      1254052         2.22
      80.000     0.600000      1377878         2.50
      82.000     0.650000      1481916         2.86
      85.000     0.700000      1610195         3.33
      88.000     0.750000      1716963         4.00
      89.000     0.775000      1748753         4.44
      91.000     0.800000      1806499         5.00
      93.000     0.825000      1857182         5.71
      96.000     0.850000      1920948         6.67
      99.000     0.875000      1971089         8.00
     101.000     0.887500      1998161         8.89
     104.000     0.900000      2031704        10.00
     107.000     0.912500      2058552        11.43
     110.000     0.925000      2080443        13.33
     115.000     0.937500      2107559        16.00
     119.000     0.943750      2123343        17.78
     123.000     0.950000      2135505        20.00
     129.000     0.956250      2150176        22.86
     135.000     0.962500      2163517        26.67
     143.000     0.968750      2177762        32.00
     148.000     0.971875      2185056        35.56
     153.000     0.975000      2191274        40.00
     160.000     0.978125      2199182        45.71
     166.000     0.981250      2205516        53.33
     173.000     0.984375      2212510        64.00
     177.000     0.985938      2216307        71.11
     181.000     0.987500      2220143        80.00
     184.000     0.989062      2223163        91.43
     188.000     0.990625      2227221       106.67
     191.000     0.992188      2230132       128.00
     193.000     0.992969      2232006       142.22
     195.000     0.993750      2233753       160.00
     197.000     0.994531      2235359       182.86
     200.000     0.995313      2237466       213.33
     202.000     0.996094      2238819       256.00
     204.000     0.996484      2240044       284.44
     205.000     0.996875      2240583       320.00
     207.000     0.997266      2241564       365.71
     209.000     0.997656      2242526       426.67
     211.000     0.998047      2243313       512.00
     212.000     0.998242      2243668       568.89
     213.000     0.998437      2243993       640.00
     215.000     0.998633      2244649       731.43
     216.000     0.998828      2244915       853.33
     218.000     0.999023      2245444      1024.00
     219.000     0.999121      2245633      1137.78
     220.000     0.999219      2245828      1280.00
     221.000     0.999316      2246007      1462.86
     222.000     0.999414      2246189      1706.67
     224.000     0.999512      2246471      2048.00
     224.000     0.999561      2246471      2275.56
     225.000     0.999609      2246579      2560.00
     226.000     0.999658      2246705      2925.71
     227.000     0.999707      2246803      3413.33
     229.000     0.999756      2246933      4096.00
     230.000     0.999780      2246998      4551.11
     231.000     0.999805      2247063      5120.00
     232.000     0.999829      2247102      5851.43
     233.000     0.999854      2247153      6826.67
     234.000     0.999878      2247188      8192.00
     235.000     0.999890      2247217      9102.22
     236.000     0.999902      2247241     10240.00
     238.000     0.999915      2247282     11702.86
     239.000     0.999927      2247308     13653.33
     240.000     0.999939      2247321     16384.00
     241.000     0.999945      2247330     18204.44
     243.000     0.999951      2247345     20480.00
     245.000     0.999957      2247357     23405.71
     248.000     0.999963      2247373     27306.67
     251.000     0.999969      2247386     32768.00
     252.000     0.999973      2247392     36408.89
     254.000     0.999976      2247402     40960.00
     255.000     0.999979      2247405     46811.43
     262.000     0.999982      2247412     54613.33
     271.000     0.999985      2247419     65536.00
     291.000     0.999986      2247423     72817.78
     303.000     0.999988      2247426     81920.00
     324.000     0.999989      2247429     93622.86
     493.000     0.999991      2247433    109226.67
     535.000     0.999992      2247436    131072.00
     583.000     0.999993      2247438    145635.56
     589.000     0.999994      2247440    163840.00
     610.000     0.999995      2247441    187245.71
     627.000     0.999995      2247443    218453.33
     644.000     0.999996      2247445    262144.00
     660.000     0.999997      2247446    291271.11
     698.000     0.999997      2247447    327680.00
     698.000     0.999997      2247447    374491.43
     701.000     0.999998      2247448    436906.67
     713.000     0.999998      2247449    524288.00
     718.000     0.999998      2247450    582542.22
     718.000     0.999998      2247450    655360.00
     718.000     0.999999      2247450    748982.86
     721.000     0.999999      2247451    873813.33
     721.000     0.999999      2247451   1048576.00
     727.000     0.999999      2247452   1165084.44
     727.000     0.999999      2247452   1310720.00
     727.000     0.999999      2247452   1497965.71
     727.000     0.999999      2247452   1747626.67
     727.000     1.000000      2247452   2097152.00
     800.000     1.000000      2247453   2330168.89
     800.000     1.000000      2247453          inf
#[Mean    =       83.218, StdDeviation   =       21.967]
#[Max     =      800.000, Total count    =      2247453]
#[Buckets =            1, SubBuckets     =         2048]
