       Value   Percentile   TotalCount 1/(1-Percentile)

      63.000     0.000000            1         1.00
     666.000     0.100000       727298         1.11
     936.000     0.200000      1456102         1.25
    1172.000     0.300000      2181179         1.43
    1431.000     0.400000      2908062         1.67
    1796.000     0.500000      3634175         2.00
    2079.000     0.550000      3998543         2.22
    2457.000     0.600000      4362499         2.50
    2919.000     0.650000      4724894         2.86
    3529.000     0.700000      5087805         3.33
    4403.000     0.750000      5452201         4.00
    4951.000     0.775000      5633651         4.44
    5631.000     0.800000      5814933         5.00
    6603.000     0.825000      5996360         5.71
    8319.000     0.850000      6178458         6.67
   11935.000     0.875000      6359855         8.00
   14735.000     0.887500      6450578         8.89
   17359.000     0.900000      6541567        10.00
   19567.000     0.912500      6632324        11.43
   22015.000     0.925000      6723518        13.33
   25535.000     0.937500      6814129        16.00
   27887.000     0.943750      6859312        17.78
   30751.000     0.950000      6904726        20.00
   33663.000     0.956250      6950275        22.86
   36351.000     0.962500      6995714        26.67
   39103.000     0.968750      7041119        32.00
   40607.000     0.971875      7063859        35.56
   42207.000     0.975000      7086581        40.00
   43967.000     0.978125      7109275        45.71
   45919.000     0.981250      7131849        53.33
   48255.000     0.984375      7154776        64.00
   49631.000     0.985938      7166072        71.11
   51327.000     0.987500      7177366        80.00
   53535.000     0.989062      7188774        91.43
   56223.000     0.990625      7200081       106.67
   59519.000     0.992188      7211346       128.00
   61567.000     0.992969      7217007       142.22
   64159.000     0.993750      7222698       160.00
   67391.000     0.994531      7228423       182.86
   71423.000     0.995313      7234092       213.33
   75775.000     0.996094      7239747       256.00
   78079.000     0.996484      7242611       284.44
   80575.000     0.996875      7245451       320.00
   83135.000     0.997266      7248235       365.71
   85887.000     0.997656      7251094       426.67
   88767.000     0.998047      7253963       512.00
   90239.000     0.998242      7255365       568.89
   91775.000     0.998437      7256762       640.00
   93375.000     0.998633      7258173       731.43
   95231.000     0.998828      7259630       853.33
   97215.000     0.999023      7261043      1024.00
   98431.000     0.999121      7261765      1137.78
   99519.000     0.999219      7262446      1280.00
  100863.000     0.999316      7263142      1462.86
  102207.000     0.999414      7263845      1706.67
  103871.000     0.999512      7264561      2048.00
  104767.000     0.999561      7264914      2275.56
  105791.000     0.999609      7265266      2560.00
  106879.000     0.999658      7265628      2925.71
  108095.000     0.999707      7265983      3413.33
  109503.000     0.999756      7266327      4096.00
  110335.000     0.999780      7266510      4551.11
  111167.000     0.999805      7266688      5120.00
  112383.000     0.999829      7266866      5851.43
  113599.000     0.999854      7267039      6826.67
  115199.000     0.999878      7267217      8192.00
  116095.000     0.999890      7267307      9102.22
  116991.000     0.999902      7267396     10240.00
  118271.000     0.999915      7267482     11702.86
  119295.000     0.999927      7267571     13653.33
  120767.000     0.999939      7267662     16384.00
  121407.000     0.999945      7267704     18204.44
  122111.000     0.999951      7267749     20480.00
  123007.000     0.999957      7267792     23405.71
  124095.000     0.999963      7267836     27306.67
  125119.000     0.999969      7267881     32768.00
  125631.000     0.999973      7267903     36408.89
  126271.000     0.999976      7267924     40960.00
  127167.000     0.999979      7267948     46811.43
  127999.000     0.999982      7267969     54613.33
  128767.000     0.999985      7267991     65536.00
  129343.000     0.999986      7268002     72817.78
  130175.000     0.999988      7268014     81920.00
  130559.000     0.999989      7268028     93622.86
  131327.000     0.999991      7268039    109226.67
  132351.000     0.999992      7268046    131072.00
  132607.000     0.999993      7268054    145635.56
  132863.000     0.999994      7268058    163840.00
  133759.000     0.999995      7268063    187245.71
  134143.000     0.999995      7268068    218453.33
  135423.000     0.999996      7268074    262144.00
  136063.000     0.999997      7268080    291271.11
  136063.000     0.999997      7268080    327680.00
  136959.000     0.999997      7268082    374491.43
  137343.000     0.999998      7268085    436906.67
  138495.000     0.999998      7268088    524288.00
  138623.000     0.999998      7268089    582542.22
  139647.000     0.999998      7268090    655360.00
  140543.000     0.999999      7268092    748982.86
  141055.000     0.999999      7268093    873813.33
  142463.000     0.999999      7268095   1048576.00
  142463.000     0.999999      7268095   1165084.44
  143871.000     0.999999      7268096   1310720.00
  144767.000     0.999999      7268097   1497965.71
  144767.000     0.999999      7268097   1747626.67
  144895.000     1.000000      7268098   2097152.00
  144895.000     1.000000      7268098   2330168.89
  147199.000     1.000000      7268099   2621440.00
  147199.000     1.000000      7268099   2995931.43
  147199.000     1.000000      7268099   3495253.33
  149631.000     1.000000      7268100   4194304.00
  149631.000     1.000000      7268100   4660337.78
  149631.000     1.000000      7268100   5242880.00
  149631.000     1.000000      7268100   5991862.86
  149631.000     1.000000      7268100   6990506.67
  152575.000     1.000000      7268101   8388608.00
  152575.000     1.000000      7268101          inf
#[Mean    =     5915.418, StdDeviation   =    11392.868]
#[Max     =   152575.000, Total count    =      7268101]
#[Buckets =            8, SubBuckets     =         2048]
