       Value   Percentile   TotalCount 1/(1-Percentile)

      54.000     0.000000            1         1.00
     168.000     0.100000       552667         1.11
     226.000     0.200000      1093235         1.25
     292.000     0.300000      1633382         1.43
     375.000     0.400000      2179907         1.67
     485.000     0.500000      2719791         2.00
     560.000     0.550000      2993527         2.22
     657.000     0.600000      3262701         2.50
     800.000     0.650000      3534581         2.86
    1060.000     0.700000      3806588         3.33
    1713.000     0.750000      4078237         4.00
    2271.000     0.775000      4214280         4.44
    3153.000     0.800000      4350086         5.00
    9231.000     0.825000      4485891         5.71
   15879.000     0.850000      4621824         6.67
   20079.000     0.875000      4757913         8.00
   42559.000     0.887500      4825725         8.89
   59839.000     0.900000      4894042        10.00
   64255.000     0.912500      4961843        11.43
   70015.000     0.925000      5029845        13.33
   82687.000     0.937500      5097763        16.00
   91647.000     0.943750      5131714        17.78
  107839.000     0.950000      5165829        20.00
  112639.000     0.956250      5200030        22.86
  116351.000     0.962500      5234010        26.67
  119679.000     0.968750      5267790        32.00
  121279.000     0.971875      5284555        35.56
  123071.000     0.975000      5301867        40.00
  124799.000     0.978125      5318555        45.71
  127103.000     0.981250      5335514        53.33
  130047.000     0.984375      5352535        64.00
  132223.000     0.985938      5361373        71.11
  135423.000     0.987500      5369536        80.00
  139903.000     0.989062      5378133        91.43
  144767.000     0.990625      5386517       106.67
  149887.000     0.992188      5394960       128.00
  152447.000     0.992969      5399207       142.22
  154879.000     0.993750      5403489       160.00
  157183.000     0.994531      5407783       182.86
  159743.000     0.995313      5412114       213.33
  162687.000     0.996094      5416222       256.00
  164223.000     0.996484      5418319       284.44
  165887.000     0.996875      5420514       320.00
  167679.000     0.997266      5422619       365.71
  169983.000     0.997656      5424705       426.67
  173311.000     0.998047      5426812       512.00
  175487.000     0.998242      5427900       568.89
  178175.000     0.998437      5428964       640.00
  181247.000     0.998633      5430027       731.43
  184447.000     0.998828      5431085       853.33
  188159.000     0.999023      5432122      1024.00
  190719.000     0.999121      5432661      1137.78
  193279.000     0.999219      5433199      1280.00
  195711.000     0.999316      5433709      1462.86
  197631.000     0.999414      5434242      1706.67
  200191.000     0.999512      5434768      2048.00
  202751.000     0.999561      5435046      2275.56
  205055.000     0.999609      5435309      2560.00
  206719.000     0.999658      5435582      2925.71
  207999.000     0.999707      5435841      3413.33
  209407.000     0.999756      5436107      4096.00
  210431.000     0.999780      5436232      4551.11
  216831.000     0.999805      5436366      5120.00
  219775.000     0.999829      5436498      5851.43
  227711.000     0.999854      5436627      6826.67
  231807.000     0.999878      5436760      8192.00
  234879.000     0.999890      5436829      9102.22
  238847.000     0.999902      5436892     10240.00
  241663.000     0.999915      5436960     11702.86
  247039.000     0.999927      5437024     13653.33
  252671.000     0.999939      5437094     16384.00
  253695.000     0.999945      5437124     18204.44
  254719.000     0.999951      5437159     20480.00
  257663.000     0.999957      5437190     23405.71
  260095.000     0.999963      5437223     27306.67
  262015.000     0.999969      5437257     32768.00
  264191.000     0.999973      5437273     36408.89
  267263.000     0.999976      5437291     40960.00
  270335.000     0.999979      5437307     46811.43
  273407.000     0.999982      5437324     54613.33
  275967.000     0.999985      5437341     65536.00
  277247.000     0.999986      5437348     72817.78
  278527.000     0.999988      5437358     81920.00
  279551.000     0.999989      5437367     93622.86
  280319.000     0.999991      5437375    109226.67
  281087.000     0.999992      5437381    131072.00
  281599.000     0.999993      5437385    145635.56
  282111.000     0.999994      5437390    163840.00
  282623.000     0.999995      5437396    187245.71
  282879.000     0.999995      5437398    218453.33
  283647.000     0.999996      5437403    262144.00
  283903.000     0.999997      5437405    291271.11
  284159.000     0.999997      5437407    327680.00
  284415.000     0.999997      5437413    374491.43
  284415.000     0.999998      5437413    436906.67
  284415.000     0.999998      5437413    524288.00
  284415.000     0.999998      5437413    582542.22
  284671.000     0.999998      5437415    655360.00
  284671.000     0.999999      5437415    748982.86
  284927.000     0.999999      5437416    873813.33
  285183.000     0.999999      5437419   1048576.00
  285183.000     0.999999      5437419   1165084.44
  285183.000     0.999999      5437419   1310720.00
  285183.000     0.999999      5437419   1497965.71
  285183.000     0.999999      5437419   1747626.67
  290303.000     1.000000      5437420   2097152.00
  290303.000     1.000000      5437420   2330168.89
  290303.000     1.000000      5437420   2621440.00
  291327.000     1.000000      5437421   2995931.43
  291327.000     1.000000      5437421   3495253.33
  291327.000     1.000000      5437421   4194304.00
  291327.000     1.000000      5437421   4660337.78
  291327.000     1.000000      5437421   5242880.00
  294911.000     1.000000      5437422   5991862.86
  294911.000     1.000000      5437422          inf
#[Mean    =    12536.890, StdDeviation   =    32378.079]
#[Max     =   294911.000, Total count    =      5437422]
#[Buckets =            9, SubBuckets     =         2048]
