       Value   Percentile   TotalCount 1/(1-Percentile)

      68.000     0.000000            1         1.00
     628.000     0.100000       809789         1.11
    1097.000     0.200000      1617079         1.25
    1770.000     0.300000      2424910         1.43
    2659.000     0.400000      3233779         1.67
    3665.000     0.500000      4041875         2.00
    4271.000     0.550000      4446348         2.22
    5039.000     0.600000      4851338         2.50
    5935.000     0.650000      5254692         2.86
    6867.000     0.700000      5658361         3.33
    7839.000     0.750000      6063654         4.00
    8351.000     0.775000      6265117         4.44
    8903.000     0.800000      6466476         5.00
    9519.000     0.825000      6668629         5.71
   10231.000     0.850000      6871550         6.67
   11103.000     0.875000      7073199         8.00
   11639.000     0.887500      7174345         8.89
   12279.000     0.900000      7275222        10.00
   13079.000     0.912500      7376476        11.43
   14143.000     0.925000      7477415        13.33
   15679.000     0.937500      7577969        16.00
   16783.000     0.943750      7628839        17.78
   18175.000     0.950000      7678889        20.00
   19967.000     0.956250      7729617        22.86
   22223.000     0.962500      7780074        26.67
   24943.000     0.968750      7830466        32.00
   26511.000     0.971875      7855898        35.56
   28271.000     0.975000      7881011        40.00
   30495.000     0.978125      7906317        45.71
   33375.000     0.981250      7931674        53.33
   37439.000     0.984375      7956785        64.00
   40095.000     0.985938      7969374        71.11
   43135.000     0.987500      7981990        80.00
   46847.000     0.989062      7994601        91.43
   51903.000     0.990625      8007284       106.67
   58911.000     0.992188      8019848       128.00
   63007.000     0.992969      8026159       142.22
   67647.000     0.993750      8032493       160.00
   72959.000     0.994531      8038832       182.86
   80319.000     0.995313      8045146       213.33
   89599.000     0.996094      8051410       256.00
   95231.000     0.996484      8054607       284.44
  102527.000     0.996875      8057741       320.00
  110655.000     0.997266      8060885       365.71
  120767.000     0.997656      8064050       426.67
  135551.000     0.998047      8067235       512.00
  141439.000     0.998242      8068799       568.89
  151167.000     0.998437      8070355       640.00
  160383.000     0.998633      8071938       731.43
  169983.000     0.998828      8073519       853.33
  181503.000     0.999023      8075095      1024.00
  190207.000     0.999121      8075894      1137.78
  201087.000     0.999219      8076677      1280.00
  216831.000     0.999316      8077466      1462.86
  231039.000     0.999414      8078251      1706.67
  252159.000     0.999512      8079042      2048.00
  262911.000     0.999561      8079433      2275.56
  267775.000     0.999609      8079836      2560.00
  298239.000     0.999658      8080230      2925.71
  315903.000     0.999707      8080617      3413.33
  331775.000     0.999756      8081011      4096.00
  358399.000     0.999780      8081211      4551.11
  372991.000     0.999805      8081412      5120.00
  376319.000     0.999829      8081613      5851.43
  377855.000     0.999854      8081814      6826.67
  402175.000     0.999878      8081998      8192.00
  430847.000     0.999890      8082096      9102.22
  449023.000     0.999902      8082201     10240.00
  454143.000     0.999915      8082297     11702.86
  819711.000     0.999927      8082394     13653.33
  846335.000     0.999939      8082494     16384.00
  847871.000     0.999945      8082556     18204.44
  863743.000     0.999951      8082591     20480.00
  867327.000     0.999957      8082642     23405.71
  873471.000     0.999963      8082696     27306.67
  877055.000     0.999969      8082739     32768.00
  880639.000     0.999973      8082766     36408.89
  882687.000     0.999976      8082790     40960.00
  884735.000     0.999979      8082812     46811.43
  887807.000     0.999982      8082836     54613.33
  889343.000     0.999985      8082861     65536.00
  890367.000     0.999986      8082876     72817.78
  890879.000     0.999988      8082887     81920.00
  894975.000     0.999989      8082902     93622.86
  896511.000     0.999991      8082910    109226.67
  898559.000     0.999992      8082929    131072.00
  898559.000     0.999993      8082929    145635.56
  899583.000     0.999994      8082939    163840.00
  900095.000     0.999995      8082944    187245.71
  900607.000     0.999995      8082951    218453.33
  901119.000     0.999996      8082955    262144.00
  901631.000     0.999997      8082961    291271.11
  901631.000     0.999997      8082961    327680.00
  902655.000     0.999997      8082963    374491.43
  909823.000     0.999998      8082967    436906.67
  910335.000     0.999998      8082969    524288.00
  966143.000     0.999998      8082971    582542.22
  967167.000     0.999998      8082972    655360.00
  968191.000     0.999999      8082974    748982.86
  969215.000     0.999999      8082975    873813.33
  971775.000     0.999999      8082977   1048576.00
  972799.000     0.999999      8082979   1165084.44
  972799.000     0.999999      8082979   1310720.00
  972799.000     0.999999      8082979   1497965.71
  974335.000     0.999999      8082980   1747626.67
  974847.000     1.000000      8082981   2097152.00
  974847.000     1.000000      8082981   2330168.89
  974847.000     1.000000      8082981   2621440.00
  978943.000     1.000000      8082982   2995931.43
  978943.000     1.000000      8082982   3495253.33
  979455.000     1.000000      8082984   4194304.00
  979455.000     1.000000      8082984          inf
#[Mean    =     6540.816, StdDeviation   =    14941.604]
#[Max     =   979455.000, Total count    =      8082984]
#[Buckets =           10, SubBuckets     =         2048]
