       Value   Percentile   TotalCount 1/(1-Percentile)

     101.000     0.000000            1         1.00
     722.000     0.100000       108115         1.11
    2123.000     0.200000       216077         1.25
    6223.000     0.300000       324127         1.43
   12479.000     0.400000       432252         1.67
   20751.000     0.500000       540199         2.00
   26399.000     0.550000       594249         2.22
   34559.000     0.600000       648364         2.50
   46815.000     0.650000       702232         2.86
   62751.000     0.700000       756291         3.33
   82879.000     0.750000       810277         4.00
   94271.000     0.775000       837274         4.44
  106303.000     0.800000       864335         5.00
  119359.000     0.825000       891304         5.71
  134655.000     0.850000       918301         6.67
  157439.000     0.875000       945381         8.00
  174719.000     0.887500       958823         8.89
  199935.000     0.900000       972329        10.00
  240639.000     0.912500       985823        11.43
  288767.000     0.925000       999352        13.33
  328703.000     0.937500      1012914        16.00
  344063.000     0.943750      1019628        17.78
  358399.000     0.950000      1026368        20.00
  371455.000     0.956250      1033190        22.86
  383999.000     0.962500      1039849        26.67
  396287.000     0.968750      1046695        32.00
  402687.000     0.971875      1050014        35.56
  410367.000     0.975000      1053336        40.00
  419071.000     0.978125      1056753        45.71
  427263.000     0.981250      1060146        53.33
  437759.000     0.984375      1063513        64.00
  443903.000     0.985938      1065222        71.11
  451839.000     0.987500      1066897        80.00
  460287.000     0.989062      1068540        91.43
  469503.000     0.990625      1070223       106.67
  481535.000     0.992188      1071934       128.00
  488703.000     0.992969      1072757       142.22
  497151.000     0.993750      1073606       160.00
  506623.000     0.994531      1074445       182.86
  518143.000     0.995313      1075284       213.33
  535551.000     0.996094      1076145       256.00
  544767.000     0.996484      1076548       284.44
  554495.000     0.996875      1076969       320.00
  566271.000     0.997266      1077413       365.71
  580607.000     0.997656      1077822       426.67
  595967.000     0.998047      1078244       512.00
  604671.000     0.998242      1078448       568.89
  616959.000     0.998437      1078666       640.00
  626687.000     0.998633      1078867       731.43
  639487.000     0.998828      1079078       853.33
  652799.000     0.999023      1079297      1024.00
  659455.000     0.999121      1079404      1137.78
  666111.000     0.999219      1079502      1280.00
  672255.000     0.999316      1079606      1462.86
  679935.000     0.999414      1079711      1706.67
  688127.000     0.999512      1079823      2048.00
  692735.000     0.999561      1079872      2275.56
  698879.000     0.999609      1079924      2560.00
  703487.000     0.999658      1079976      2925.71
  709631.000     0.999707      1080033      3413.33
  714751.000     0.999756      1080081      4096.00
  717823.000     0.999780      1080108      4551.11
  722431.000     0.999805      1080133      5120.00
  726015.000     0.999829      1080160      5851.43
  729087.000     0.999854      1080186      6826.67
  734207.000     0.999878      1080214      8192.00
  738815.000     0.999890      1080226      9102.22
  743423.000     0.999902      1080242     10240.00
  748031.000     0.999915      1080253     11702.86
  751103.000     0.999927      1080266     13653.33
  761343.000     0.999939      1080282     16384.00
  762879.000     0.999945      1080285     18204.44
  766975.000     0.999951      1080292     20480.00
  770559.000     0.999957      1080300     23405.71
  771583.000     0.999963      1080306     27306.67
  773631.000     0.999969      1080312     32768.00
  777727.000     0.999973      1080315     36408.89
  782847.000     0.999976      1080318     40960.00
  786431.000     0.999979      1080321     46811.43
  788479.000     0.999982      1080325     54613.33
  788991.000     0.999985      1080329     65536.00
  789503.000     0.999986      1080332     72817.78
  789503.000     0.999988      1080332     81920.00
  790015.000     0.999989      1080333     93622.86
  791039.000     0.999991      1080335    109226.67
  792575.000     0.999992      1080336    131072.00
  793087.000     0.999993      1080337    145635.56
  794111.000     0.999994      1080338    163840.00
  794623.000     0.999995      1080339    187245.71
  799231.000     0.999995      1080342    218453.33
  799231.000     0.999996      1080342    262144.00
  799231.000     0.999997      1080342    291271.11
  799231.000     0.999997      1080342    327680.00
  799231.000     0.999997      1080342    374491.43
  799231.000     0.999998      1080342    436906.67
  799231.000     0.999998      1080342    524288.00
  799743.000     0.999998      1080344    582542.22
  799743.000     1.000000      1080344          inf
#[Mean    =    68600.214, StdDeviation   =   109516.621]
#[Max     =   799743.000, Total count    =      1080344]
#[Buckets =           10, SubBuckets     =         2048]
