       Value   Percentile   TotalCount 1/(1-Percentile)

      86.000     0.000000            1         1.00
     113.000     0.100000       146292         1.11
     118.000     0.200000       299317         1.25
     122.000     0.300000       449287         1.43
     125.000     0.400000       565495         1.67
     129.000     0.500000       715907         2.00
     131.000     0.550000       786064         2.22
     133.000     0.600000       851340         2.50
     135.000     0.650000       911340         2.86
     138.000     0.700000       990551         3.33
     141.000     0.750000      1056497         4.00
     143.000     0.775000      1094066         4.44
     145.000     0.800000      1126777         5.00
     147.000     0.825000      1154816         5.71
     150.000     0.850000      1190277         6.67
     154.000     0.875000      1227253         8.00
     156.000     0.887500      1242223         8.89
     159.000     0.900000      1260941        10.00
     162.000     0.912500      1276766        11.43
     166.000     0.925000      1293801        13.33
     171.000     0.937500      1310736        16.00
     174.000     0.943750      1319685        17.78
     177.000     0.950000      1328066        20.00
     181.000     0.956250      1338646        22.86
     184.000     0.962500      1346129        26.67
     188.000     0.968750      1354847        32.00
     190.000     0.971875      1358729        35.56
     193.000     0.975000      1364083        40.00
     196.000     0.978125      1368495        45.71
     199.000     0.981250      1372213        53.33
     203.000     0.984375      1376068        64.00
     206.000     0.985938      1378536        71.11
     209.000     0.987500      1380559        80.00
     213.000     0.989062      1382828        91.43
     217.000     0.990625      1384878       106.67
     221.000     0.992188      1386866       128.00
     224.000     0.992969      1388215       142.22
     226.000     0.993750      1389046       160.00
     229.000     0.994531      1390250       182.86
     232.000     0.995313      1391353       213.33
     235.000     0.996094      1392322       256.00
     237.000     0.996484      1392869       284.44
     239.000     0.996875      1393420       320.00
     242.000     0.997266      1394123       365.71
     244.000     0.997656      1394519       426.67
     247.000     0.998047      1395013       512.00
     249.000     0.998242      1395304       568.89
     251.000     0.998437      1395561       640.00
     254.000     0.998633      1395895       731.43
     257.000     0.998828      1396177       853.33
     260.000     0.999023      1396399      1024.00
     262.000     0.999121      1396539      1137.78
     264.000     0.999219      1396668      1280.00
     267.000     0.999316      1396806      1462.86
     270.000     0.999414      1396933      1706.67
     274.000     0.999512      1397074      2048.00
     276.000     0.999561      1397131      2275.56
     279.000     0.999609      1397194      2560.00
     283.000     0.999658      1397262      2925.71
     290.000     0.999707      1397326      3413.33
     301.000     0.999756      1397394      4096.00
     316.000     0.999780      1397431      4551.11
     348.000     0.999805      1397463      5120.00
     382.000     0.999829      1397497      5851.43
     467.000     0.999854      1397531      6826.67
     893.000     0.999878      1397565      8192.00
    1416.000     0.999890      1397582      9102.22
    1988.000     0.999902      1397599     10240.00
    2999.000     0.999915      1397616     11702.86
    6727.000     0.999927      1397633     13653.33
   16783.000     0.999939      1397650     16384.00
   17967.000     0.999945      1397659     18204.44
   21311.000     0.999951      1397667     20480.00
   23599.000     0.999957      1397676     23405.71
   29023.000     0.999963      1397684     27306.67
   31135.000     0.999969      1397693     32768.00
   32687.000     0.999973      1397697     36408.89
   35295.000     0.999976      1397701     40960.00
   36799.000     0.999979      1397706     46811.43
   39039.000     0.999982      1397710     54613.33
   40255.000     0.999985      1397714     65536.00
   40703.000     0.999986      1397716     72817.78
   42335.000     0.999988      1397718     81920.00
   43647.000     0.999989      1397721     93622.86
   43871.000     0.999991      1397723    109226.67
   48287.000     0.999992      1397725    131072.00
   48351.000     0.999993      1397726    145635.56
   48671.000     0.999994      1397727    163840.00
   48703.000     0.999995      1397728    187245.71
   48767.000     0.999995      1397729    218453.33
   49407.000     0.999996      1397730    262144.00
   49439.000     0.999997      1397731    291271.11
   49439.000     0.999997      1397731    327680.00
   51231.000     0.999997      1397732    374491.43
   51231.000     0.999998      1397732    436906.67
   51295.000     0.999998      1397733    524288.00
   51295.000     0.999998      1397733    582542.22
   51295.000     0.999998      1397733    655360.00
   51519.000     0.999999      1397734    748982.86
   51519.000     0.999999      1397734    873813.33
   51519.000     0.999999      1397734   1048576.00
   51519.000     0.999999      1397734   1165084.44
   51519.000     0.999999      1397734   1310720.00
   57087.000     0.999999      1397735   1497965.71
   57087.000     1.000000      1397735          inf
#[Mean    =      135.888, StdDeviation   =      268.928]
#[Max     =    57087.000, Total count    =      1397735]
#[Buckets =            6, SubBuckets     =         2048]
