       Value   Percentile   TotalCount 1/(1-Percentile)

      44.000     0.000000           20         1.00
      56.000     0.100000        46867         1.11
      59.000     0.200000       136570         1.25
      60.000     0.300000       272665         1.43
      60.000     0.400000       272665         1.67
      60.000     0.500000       272665         2.00
      60.000     0.550000       272665         2.22
      61.000     0.600000       373539         2.50
      61.000     0.650000       373539         2.86
      61.000     0.700000       373539         3.33
      61.000     0.750000       373539         4.00
      61.000     0.775000       373539         4.44
      61.000     0.800000       373539         5.00
      62.000     0.825000       409277         5.71
      62.000     0.850000       409277         6.67
      62.000     0.875000       409277         8.00
      62.000     0.887500       409277         8.89
      63.000     0.900000       420714        10.00
      63.000     0.912500       420714        11.43
      64.000     0.925000       425629        13.33
      65.000     0.937500       428283        16.00
      66.000     0.943750       430295        17.78
      68.000     0.950000       434034        20.00
      69.000     0.956250       436430        22.86
      70.000     0.962500       439214        26.67
      72.000     0.968750       443387        32.00
      72.000     0.971875       443387        35.56
      73.000     0.975000       444874        40.00
      74.000     0.978125       445959        45.71
      76.000     0.981250       447405        53.33
      79.000     0.984375       449267        64.00
      80.000     0.985938       449708        71.11
      81.000     0.987500       450257        80.00
      83.000     0.989062       451326        91.43
      84.000     0.990625       452039       106.67
      85.000     0.992188       453253       128.00
      85.000     0.992969       453253       142.22
      85.000     0.993750       453253       160.00
      86.000     0.994531       454223       182.86
      86.000     0.995313       454223       213.33
      86.000     0.996094       454223       256.00
      87.000     0.996484       454701       284.44
      87.000     0.996875       454701       320.00
      87.000     0.997266       454701       365.71
      88.000     0.997656       454998       426.67
      89.000     0.998047       455138       512.00
      89.000     0.998242       455138       568.89
      90.000     0.998437       455231       640.00
      91.000     0.998633       455308       731.43
      92.000     0.998828       455388       853.33
      94.000     0.999023       455544      1024.00
      94.000     0.999121       455544      1137.78
      95.000     0.999219       455627      1280.00
      95.000     0.999316       455627      1462.86
      96.000     0.999414       455689      1706.67
      97.000     0.999512       455740      2048.00
      97.000     0.999561       455740      2275.56
      98.000     0.999609       455774      2560.00
      98.000     0.999658       455774      2925.71
      99.000     0.999707       455793      3413.33
     100.000     0.999756       455815      4096.00
     101.000     0.999780       455835      4551.11
     101.000     0.999805       455835      5120.00
     102.000     0.999829       455854      5851.43
     102.000     0.999854       455854      6826.67
     104.000     0.999878       455869      8192.00
     104.000     0.999890       455869      9102.22
     105.000     0.999902       455875     10240.00
     107.000     0.999915       455887     11702.86
     107.000     0.999927       455887     13653.33
     109.000     0.999939       455896     16384.00
     109.000     0.999945       455896     18204.44
     112.000     0.999951       455900     20480.00
     112.000     0.999957       455900     23405.71
     114.000     0.999963       455903     27306.67
     115.000     0.999969       455906     32768.00
     116.000     0.999973       455907     36408.89
     118.000     0.999976       455909     40960.00
     120.000     0.999979       455910     46811.43
     121.000     0.999982       455912     54613.33
     124.000     0.999985       455913     65536.00
     124.000     0.999986       455913     72817.78
     128.000     0.999988       455914     81920.00
     129.000     0.999989       455915     93622.86
     129.000     0.999991       455915    109226.67
     130.000     0.999992       455916    131072.00
     130.000     0.999993       455916    145635.56
     132.000     0.999994       455917    163840.00
     132.000     0.999995       455917    187245.71
     132.000     0.999995       455917    218453.33
     157.000     0.999996       455918    262144.00
     157.000     0.999997       455918    291271.11
     157.000     0.999997       455918    327680.00
     157.000     0.999997       455918    374491.43
     157.000     0.999998       455918    436906.67
     477.000     0.999998       455919    524288.00
     477.000     1.000000       455919          inf
#[Mean    =       60.328, StdDeviation   =        4.887]
#[Max     =      477.000, Total count    =       455919]
#[Buckets =            1, SubBuckets     =         2048]
