       Value   Percentile   TotalCount 1/(1-Percentile)

      48.000     0.000000            1         1.00
      63.000     0.100000        64807         1.11
      63.000     0.200000        64807         1.25
      73.000     0.300000        86343         1.43
      82.000     0.400000       116857         1.67
     104.000     0.500000       163948         2.00
     104.000     0.550000       163948         2.22
     105.000     0.600000       180573         2.50
     108.000     0.650000       188842         2.86
     120.000     0.700000       201459         3.33
     129.000     0.750000       231691         4.00
     129.000     0.775000       231691         4.44
     129.000     0.800000       231691         5.00
     130.000     0.825000       253351         5.71
     130.000     0.850000       253351         6.67
     130.000     0.875000       253351         8.00
     131.000     0.887500       261984         8.89
     131.000     0.900000       261984        10.00
     132.000     0.912500       265229        11.43
     133.000     0.925000       267094        13.33
     135.000     0.937500       270948        16.00
     136.000     0.943750       273113        17.78
     136.000     0.950000       273113        20.00
     137.000     0.956250       275262        22.86
     138.000     0.962500       277121        26.67
     139.000     0.968750       278444        32.00
     140.000     0.971875       279481        35.56
     141.000     0.975000       280396        40.00
     142.000     0.978125       281467        45.71
     143.000     0.981250       282634        53.33
     144.000     0.984375       283495        64.00
     144.000     0.985938       283495        71.11
     145.000     0.987500       284003        80.00
     146.000     0.989062       284312        91.43
     147.000     0.990625       284583       106.67
     149.000     0.992188       285111       128.00
     150.000     0.992969       285301       142.22
     152.000     0.993750       285557       160.00
     154.000     0.994531       285747       182.86
     156.000     0.995313       285935       213.33
     161.000     0.996094       286161       256.00
     166.000     0.996484       286270       284.44
     171.000     0.996875       286405       320.00
     172.000     0.997266       286498       365.71
     174.000     0.997656       286659       426.67
     176.000     0.998047       286729       512.00
     178.000     0.998242       286766       568.89
     182.000     0.998437       286824       640.00
     187.000     0.998633       286879       731.43
     196.000     0.998828       286934       853.33
     209.000     0.999023       286992      1024.00
     212.000     0.999121       287023      1137.78
     217.000     0.999219       287047      1280.00
     224.000     0.999316       287073      1462.86
     231.000     0.999414       287106      1706.67
     233.000     0.999512       287130      2048.00
     234.000     0.999561       287147      2275.56
     235.000     0.999609       287157      2560.00
     239.000     0.999658       287172      2925.71
     244.000     0.999707       287185      3413.33
     252.000     0.999756       287200      4096.00
     254.000     0.999780       287207      4551.11
     256.000     0.999805       287214      5120.00
     258.000     0.999829       287221      5851.43
     262.000     0.999854       287228      6826.67
     268.000     0.999878       287234      8192.00
     272.000     0.999890       287238      9102.22
     274.000     0.999902       287242     10240.00
     278.000     0.999915       287245     11702.86
     283.000     0.999927       287249     13653.33
     286.000     0.999939       287252     16384.00
     305.000     0.999945       287254     18204.44
     309.000     0.999951       287255     20480.00
     315.000     0.999957       287257     23405.71
     324.000     0.999963       287259     27306.67
     335.000     0.999969       287261     32768.00
     345.000     0.999973       287262     36408.89
     345.000     0.999976       287262     40960.00
     355.000     0.999979       287263     46811.43
     449.000     0.999982       287264     54613.33
     512.000     0.999985       287265     65536.00
     514.000     0.999986       287266     72817.78
     514.000     0.999988       287266     81920.00
     514.000     0.999989       287266     93622.86
     537.000     0.999991       287267    109226.67
     537.000     0.999992       287267    131072.00
     598.000     0.999993       287268    145635.56
     598.000     0.999994       287268    163840.00
     598.000     0.999995       287268    187245.71
     598.000     0.999995       287268    218453.33
     598.000     0.999996       287268    262144.00
     811.000     0.999997       287269    291271.11
     811.000     1.000000       287269          inf
#[Mean    =       97.104, StdDeviation   =       28.686]
#[Max     =      811.000, Total count    =       287269]
#[Buckets =            1, SubBuckets     =         2048]
