       Value   Percentile   TotalCount 1/(1-Percentile)

     238.000     0.000000            1         1.00
   15551.000     0.100000       264205         1.11
   18191.000     0.200000       528704         1.25
   20335.000     0.300000       792795         1.43
   22399.000     0.400000      1056112         1.67
   24687.000     0.500000      1321166         2.00
   25999.000     0.550000      1452341         2.22
   27503.000     0.600000      1584406         2.50
   29215.000     0.650000      1716368         2.86
   31231.000     0.700000      1848562         3.33
   33599.000     0.750000      1980548         4.00
   34943.000     0.775000      2046477         4.44
   36415.000     0.800000      2112093         5.00
   38111.000     0.825000      2178919         5.71
   40063.000     0.850000      2244963         6.67
   42431.000     0.875000      2309945         8.00
   43871.000     0.887500      2342934         8.89
   45599.000     0.900000      2376479        10.00
   47519.000     0.912500      2409015        11.43
   49823.000     0.925000      2442201        13.33
   52479.000     0.937500      2475129        16.00
   53951.000     0.943750      2491546        17.78
   55551.000     0.950000      2508122        20.00
   57279.000     0.956250      2524438        22.86
   59167.000     0.962500      2540985        26.67
   61343.000     0.968750      2557595        32.00
   62559.000     0.971875      2565734        35.56
   63903.000     0.975000      2574014        40.00
   65407.000     0.978125      2582213        45.71
   67135.000     0.981250      2590450        53.33
   69247.000     0.984375      2598828        64.00
   70463.000     0.985938      2602881        71.11
   71935.000     0.987500      2607023        80.00
   73663.000     0.989062      2611124        91.43
   75839.000     0.990625      2615255       106.67
   78783.000     0.992188      2619307       128.00
   80767.000     0.992969      2621399       142.22
   83263.000     0.993750      2623442       160.00
   86207.000     0.994531      2625513       182.86
   89727.000     0.995313      2627570       213.33
   93823.000     0.996094      2629639       256.00
   96191.000     0.996484      2630661       284.44
   98815.000     0.996875      2631696       320.00
  102783.000     0.997266      2632707       365.71
  108671.000     0.997656      2633744       426.67
  115839.000     0.998047      2634784       512.00
  119871.000     0.998242      2635284       568.89
  125951.000     0.998437      2635802       640.00
  137471.000     0.998633      2636323       731.43
  151167.000     0.998828      2636831       853.33
  162175.000     0.999023      2637347      1024.00
  166271.000     0.999121      2637606      1137.78
  169983.000     0.999219      2637861      1280.00
  178303.000     0.999316      2638124      1462.86
  184063.000     0.999414      2638379      1706.67
  189823.000     0.999512      2638638      2048.00
  192511.000     0.999561      2638769      2275.56
  195071.000     0.999609      2638900      2560.00
  196991.000     0.999658      2639021      2925.71
  198911.000     0.999707      2639157      3413.33
  200831.000     0.999756      2639283      4096.00
  202111.000     0.999780      2639345      4551.11
  203647.000     0.999805      2639414      5120.00
  205951.000     0.999829      2639472      5851.43
  207743.000     0.999854      2639537      6826.67
  209791.000     0.999878      2639602      8192.00
  211327.000     0.999890      2639636      9102.22
  212735.000     0.999902      2639667     10240.00
  214783.000     0.999915      2639702     11702.86
  216959.000     0.999927      2639730     13653.33
  219263.000     0.999939      2639762     16384.00
  221055.000     0.999945      2639779     18204.44
  224767.000     0.999951      2639795     20480.00
  227839.000     0.999957      2639813     23405.71
  229247.000     0.999963      2639829     27306.67
  232575.000     0.999969      2639843     32768.00
  233855.000     0.999973      2639851     36408.89
  238463.000     0.999976      2639859     40960.00
  245887.000     0.999979      2639868     46811.43
  247423.000     0.999982      2639875     54613.33
  249727.000     0.999985      2639883     65536.00
  250879.000     0.999986      2639887     72817.78
  251775.000     0.999988      2639891     81920.00
  252415.000     0.999989      2639895     93622.86
  255231.000     0.999991      2639899    109226.67
  270335.000     0.999992      2639903    131072.00
  271103.000     0.999993      2639906    145635.56
  271359.000     0.999994      2639907    163840.00
  272895.000     0.999995      2639909    187245.71
  273407.000     0.999995      2639911    218453.33
  274175.000     0.999996      2639915    262144.00
  274175.000     0.999997      2639915    291271.11
  274175.000     0.999997      2639915    327680.00
  275199.000     0.999997      2639916    374491.43
  277247.000     0.999998      2639917    436906.67
  277503.000     0.999998      2639918    524288.00
  277759.000     0.999998      2639919    582542.22
  277759.000     0.999998      2639919    655360.00
  278015.000     0.999999      2639920    748982.86
  278015.000     0.999999      2639920    873813.33
  278527.000     0.999999      2639921   1048576.00
  278527.000     0.999999      2639921   1165084.44
  278527.000     0.999999      2639921   1310720.00
  281343.000     0.999999      2639923   1497965.71
  281343.000     1.000000      2639923          inf
#[Mean    =    28385.188, StdDeviation   =    14451.857]
#[Max     =   281343.000, Total count    =      2639923]
#[Buckets =            9, SubBuckets     =         2048]
