       Value   Percentile   TotalCount 1/(1-Percentile)

      45.000     0.000000          379         1.00
      53.000     0.100000        72818         1.11
      54.000     0.200000       126754         1.25
      55.000     0.300000       147235         1.43
      58.000     0.400000       257979         1.67
      58.000     0.500000       257979         2.00
      59.000     0.550000       368984         2.22
      59.000     0.600000       368984         2.50
      59.000     0.650000       368984         2.86
      59.000     0.700000       368984         3.33
      59.000     0.750000       368984         4.00
      59.000     0.775000       368984         4.44
      60.000     0.800000       402349         5.00
      60.000     0.825000       402349         5.71
      60.000     0.850000       402349         6.67
      62.000     0.875000       420701         8.00
      62.000     0.887500       420701         8.89
      63.000     0.900000       437876        10.00
      63.000     0.912500       437876        11.43
      63.000     0.925000       437876        13.33
      64.000     0.937500       444932        16.00
      65.000     0.943750       448545        17.78
      66.000     0.950000       451196        20.00
      67.000     0.956250       453301        22.86
      69.000     0.962500       457198        26.67
      70.000     0.968750       459691        32.00
      71.000     0.971875       462639        35.56
      71.000     0.975000       462639        40.00
      72.000     0.978125       465153        45.71
      72.000     0.981250       465153        53.33
      73.000     0.984375       466979        64.00
      73.000     0.985938       466979        71.11
      74.000     0.987500       468091        80.00
      75.000     0.989062       468926        91.43
      75.000     0.990625       468926       106.67
      76.000     0.992188       469681       128.00
      77.000     0.992969       470371       142.22
      78.000     0.993750       470891       160.00
      78.000     0.994531       470891       182.86
      79.000     0.995313       471334       213.33
      80.000     0.996094       471681       256.00
      81.000     0.996484       471969       284.44
      81.000     0.996875       471969       320.00
      82.000     0.997266       472220       365.71
      83.000     0.997656       472426       426.67
      83.000     0.998047       472426       512.00
      84.000     0.998242       472580       568.89
      85.000     0.998437       472708       640.00
      85.000     0.998633       472708       731.43
      86.000     0.998828       472822       853.33
      87.000     0.999023       472890      1024.00
      88.000     0.999121       472953      1137.78
      89.000     0.999219       473015      1280.00
      90.000     0.999316       473062      1462.86
      91.000     0.999414       473098      1706.67
      92.000     0.999512       473134      2048.00
      93.000     0.999561       473162      2275.56
      93.000     0.999609       473162      2560.00
      94.000     0.999658       473196      2925.71
      95.000     0.999707       473216      3413.33
      97.000     0.999756       473246      4096.00
      97.000     0.999780       473246      4551.11
      98.000     0.999805       473257      5120.00
      99.000     0.999829       473268      5851.43
     100.000     0.999854       473278      6826.67
     102.000     0.999878       473294      8192.00
     102.000     0.999890       473294      9102.22
     104.000     0.999902       473301     10240.00
     106.000     0.999915       473310     11702.86
     107.000     0.999927       473312     13653.33
     109.000     0.999939       473320     16384.00
     109.000     0.999945       473320     18204.44
     110.000     0.999951       473323     20480.00
     112.000     0.999957       473329     23405.71
     112.000     0.999963       473329     27306.67
     113.000     0.999969       473333     32768.00
     113.000     0.999973       473333     36408.89
     114.000     0.999976       473335     40960.00
     115.000     0.999979       473336     46811.43
     117.000     0.999982       473340     54613.33
     117.000     0.999985       473340     65536.00
     117.000     0.999986       473340     72817.78
     120.000     0.999988       473341     81920.00
     120.000     0.999989       473341     93622.86
     122.000     0.999991       473342    109226.67
     124.000     0.999992       473343    131072.00
     124.000     0.999993       473343    145635.56
     131.000     0.999994       473344    163840.00
     131.000     0.999995       473344    187245.71
     131.000     0.999995       473344    218453.33
     132.000     0.999996       473345    262144.00
     132.000     0.999997       473345    291271.11
     132.000     0.999997       473345    327680.00
     132.000     0.999997       473345    374491.43
     132.000     0.999998       473345    436906.67
     458.000     0.999998       473346    524288.00
     458.000     1.000000       473346          inf
#[Mean    =       57.988, StdDeviation   =        4.867]
#[Max     =      458.000, Total count    =       473346]
#[Buckets =            1, SubBuckets     =         2048]
