       Value   Percentile   TotalCount 1/(1-Percentile)

      81.000     0.000000            3         1.00
     112.000     0.100000         6252         1.11
     123.000     0.200000        12743         1.25
     140.000     0.300000        18522         1.43
     154.000     0.400000        24884         1.67
     164.000     0.500000        30926         2.00
     168.000     0.550000        34943         2.22
     169.000     0.600000        40288         2.50
     169.000     0.650000        40288         2.86
     170.000     0.700000        47476         3.33
     170.000     0.750000        47476         4.00
     171.000     0.775000        53147         4.44
     171.000     0.800000        53147         5.00
     171.000     0.825000        53147         5.71
     171.000     0.850000        53147         6.67
     172.000     0.875000        56039         8.00
     172.000     0.887500        56039         8.89
     172.000     0.900000        56039        10.00
     173.000     0.912500        57292        11.43
     173.000     0.925000        57292        13.33
     174.000     0.937500        57874        16.00
     175.000     0.943750        58215        17.78
     176.000     0.950000        58492        20.00
     178.000     0.956250        59252        22.86
     178.000     0.962500        59252        26.67
     179.000     0.968750        59733        32.00
     180.000     0.971875        60198        35.56
     180.000     0.975000        60198        40.00
     180.000     0.978125        60198        45.71
     181.000     0.981250        60612        53.33
     181.000     0.984375        60612        64.00
     182.000     0.985938        60874        71.11
     182.000     0.987500        60874        80.00
     182.000     0.989062        60874        91.43
     183.000     0.990625        61018       106.67
     184.000     0.992188        61110       128.00
     184.000     0.992969        61110       142.22
     185.000     0.993750        61156       160.00
     187.000     0.994531        61220       182.86
     188.000     0.995313        61245       213.33
     191.000     0.996094        61304       256.00
     192.000     0.996484        61312       284.44
     194.000     0.996875        61347       320.00
     195.000     0.997266        61367       365.71
     196.000     0.997656        61393       426.67
     198.000     0.998047        61424       512.00
     198.000     0.998242        61424       568.89
     199.000     0.998437        61433       640.00
     200.000     0.998633        61444       731.43
     202.000     0.998828        61458       853.33
     203.000     0.999023        61470      1024.00
     204.000     0.999121        61475      1137.78
     206.000     0.999219        61480      1280.00
     208.000     0.999316        61486      1462.86
     210.000     0.999414        61492      1706.67
     216.000     0.999512        61498      2048.00
     219.000     0.999561        61501      2275.56
     221.000     0.999609        61505      2560.00
     222.000     0.999658        61507      2925.71
     224.000     0.999707        61510      3413.33
     227.000     0.999756        61513      4096.00
     229.000     0.999780        61515      4551.11
     244.000     0.999805        61516      5120.00
     249.000     0.999829        61518      5851.43
     257.000     0.999854        61519      6826.67
     302.000     0.999878        61521      8192.00
     308.000     0.999890        61522      9102.22
     308.000     0.999902        61522     10240.00
     310.000     0.999915        61523     11702.86
     360.000     0.999927        61524     13653.33
     538.000     0.999939        61525     16384.00
     538.000     0.999945        61525     18204.44
     538.000     0.999951        61525     20480.00
     578.000     0.999957        61526     23405.71
     578.000     0.999963        61526     27306.67
    1278.000     0.999969        61527     32768.00
    1278.000     0.999973        61527     36408.89
    1278.000     0.999976        61527     40960.00
    1278.000     0.999979        61527     46811.43
    1278.000     0.999982        61527     54613.33
    2441.000     0.999985        61528     65536.00
    2441.000     1.000000        61528          inf
#[Mean    =      151.831, StdDeviation   =       26.667]
#[Max     =     2441.000, Total count    =        61528]
#[Buckets =            2, SubBuckets     =         2048]
