       Value   Percentile   TotalCount 1/(1-Percentile)

      92.000     0.000000            1         1.00
     382.000     0.100000       955468         1.11
     487.000     0.200000      1909227         1.25
     588.000     0.300000      2859218         1.43
     704.000     0.400000      3807470         1.67
     857.000     0.500000      4759694         2.00
     958.000     0.550000      5232738         2.22
    1087.000     0.600000      5707224         2.50
    1258.000     0.650000      6184815         2.86
    1487.000     0.700000      6659513         3.33
    1800.000     0.750000      7134058         4.00
    2000.000     0.775000      7372086         4.44
    2239.000     0.800000      7610247         5.00
    2529.000     0.825000      7847788         5.71
    2891.000     0.850000      8084775         6.67
    3355.000     0.875000      8322940         8.00
    3641.000     0.887500      8441356         8.89
    3979.000     0.900000      8560364        10.00
    4387.000     0.912500      8680205        11.43
    4887.000     0.925000      8798210        13.33
    5535.000     0.937500      8917077        16.00
    5951.000     0.943750      8976514        17.78
    6455.000     0.950000      9035879        20.00
    7095.000     0.956250      9095565        22.86
    7951.000     0.962500      9154945        26.67
    9191.000     0.968750      9214407        32.00
   10071.000     0.971875      9244031        35.56
   11255.000     0.975000      9273729        40.00
   12991.000     0.978125      9303402        45.71
   15775.000     0.981250      9333067        53.33
   21407.000     0.984375      9362784        64.00
   26991.000     0.985938      9377670        71.11
   34111.000     0.987500      9392538        80.00
   42079.000     0.989062      9407363        91.43
   53311.000     0.990625      9422220       106.67
   70975.000     0.992188      9437111       128.00
   80511.000     0.992969      9444528       142.22
   92863.000     0.993750      9451951       160.00
  106047.000     0.994531      9459377       182.86
  120575.000     0.995313      9466800       213.33
  134783.000     0.996094      9474286       256.00
  143231.000     0.996484      9477978       284.44
  150527.000     0.996875      9481679       320.00
  160895.000     0.997266      9485396       365.71
  171519.000     0.997656      9489117       426.67
  185471.000     0.998047      9492824       512.00
  192895.000     0.998242      9494681       568.89
  204927.000     0.998437      9496555       640.00
  216575.000     0.998633      9498406       731.43
  228607.000     0.998828      9500249       853.33
  243583.000     0.999023      9502097      1024.00
  253183.000     0.999121      9503036      1137.78
  264703.000     0.999219      9503956      1280.00
  277247.000     0.999316      9504888      1462.86
  290815.000     0.999414      9505818      1706.67
  307967.000     0.999512      9506744      2048.00
  316927.000     0.999561      9507223      2275.56
  330751.000     0.999609      9507671      2560.00
  344063.000     0.999658      9508140      2925.71
  373247.000     0.999707      9508603      3413.33
  389631.000     0.999756      9509062      4096.00
  413183.000     0.999780      9509297      4551.11
  422143.000     0.999805      9509527      5120.00
  446975.000     0.999829      9509759      5851.43
  470783.000     0.999854      9509991      6826.67
  494335.000     0.999878      9510225      8192.00
  510719.000     0.999890      9510340      9102.22
  536063.000     0.999902      9510457     10240.00
  603135.000     0.999915      9510584     11702.86
  633343.000     0.999927      9510690     13653.33
  680447.000     0.999939      9510806     16384.00
  691711.000     0.999945      9510862     18204.44
  701439.000     0.999951      9510925     20480.00
  735743.000     0.999957      9510981     23405.71
  777215.000     0.999963      9511045     27306.67
  780799.000     0.999969      9511096     32768.00
  833023.000     0.999973      9511123     36408.89
  872959.000     0.999976      9511154     40960.00
  877567.000     0.999979      9511181     46811.43
  882687.000     0.999982      9511210     54613.33
  976383.000     0.999985      9511239     65536.00
  978943.000     0.999986      9511258     72817.78
  982527.000     0.999988      9511268     81920.00
  983039.000     0.999989      9511284     93622.86
  983551.000     0.999991      9511298    109226.67
 1182719.000     0.999992      9511312    131072.00
 1549311.000     0.999993      9511320    145635.56
 1550335.000     0.999994      9511333    163840.00
 1551359.000     0.999995      9511344    187245.71
 1551359.000     0.999995      9511344    218453.33
 1552383.000     0.999996      9511353    262144.00
 1552383.000     0.999997      9511353    291271.11
 1553407.000     0.999997      9511362    327680.00
 1553407.000     0.999997      9511362    374491.43
 1554431.000     0.999998      9511379    436906.67
 1554431.000     0.999998      9511379    524288.00
 1554431.000     0.999998      9511379    582542.22
 1554431.000     0.999998      9511379    655360.00
 1554431.000     0.999999      9511379    748982.86
 1554431.000     0.999999      9511379    873813.33
 1554431.000     0.999999      9511379   1048576.00
 1554431.000     0.999999      9511379   1165084.44
 1554431.000     0.999999      9511379   1310720.00
 1554431.000     0.999999      9511379   1497965.71
 1554431.000     0.999999      9511379   1747626.67
 1555455.000     1.000000      9511384   2097152.00
 1555455.000     1.000000      9511384          inf
#[Mean    =     3145.069, StdDeviation   =    17515.718]
#[Max     =  1555455.000, Total count    =      9511384]
#[Buckets =           11, SubBuckets     =         2048]
