       Value   Percentile   TotalCount 1/(1-Percentile)

      85.000     0.000000            3         1.00
     110.000     0.100000        19446         1.11
     134.000     0.200000        32795         1.25
     154.000     0.300000        48941         1.43
     181.000     0.400000        65538         1.67
     186.000     0.500000        80467         2.00
     193.000     0.550000        89306         2.22
     197.000     0.600000        98735         2.50
     199.000     0.650000       107898         2.86
     200.000     0.700000       113441         3.33
     201.000     0.750000       121718         4.00
     202.000     0.775000       128707         4.44
     203.000     0.800000       132516         5.00
     204.000     0.825000       134757         5.71
     206.000     0.850000       138733         6.67
     207.000     0.875000       141129         8.00
     208.000     0.887500       143848         8.89
     209.000     0.900000       146271        10.00
     210.000     0.912500       148027        11.43
     211.000     0.925000       149376        13.33
     213.000     0.937500       151223        16.00
     214.000     0.943750       152046        17.78
     216.000     0.950000       153579        20.00
     217.000     0.956250       154259        22.86
     218.000     0.962500       154887        26.67
     221.000     0.968750       156183        32.00
     222.000     0.971875       156446        35.56
     224.000     0.975000       156929        40.00
     227.000     0.978125       157522        45.71
     230.000     0.981250       157875        53.33
     240.000     0.984375       158399        64.00
     249.000     0.985938       158644        71.11
     256.000     0.987500       158920        80.00
     260.000     0.989062       159169        91.43
     265.000     0.990625       159430       106.67
     275.000     0.992188       159641       128.00
     305.000     0.992969       159760       142.22
     337.000     0.993750       159889       160.00
     364.000     0.994531       160011       182.86
     379.000     0.995313       160149       213.33
     387.000     0.996094       160262       256.00
     392.000     0.996484       160324       284.44
     404.000     0.996875       160392       320.00
     418.000     0.997266       160453       365.71
     423.000     0.997656       160522       426.67
     426.000     0.998047       160590       512.00
     427.000     0.998242       160612       568.89
     429.000     0.998437       160657       640.00
     430.000     0.998633       160680       731.43
     431.000     0.998828       160704       853.33
     433.000     0.999023       160741      1024.00
     434.000     0.999121       160757      1137.78
     435.000     0.999219       160770      1280.00
     436.000     0.999316       160782      1462.86
     439.000     0.999414       160804      1706.67
     440.000     0.999512       160813      2048.00
     441.000     0.999561       160821      2275.56
     443.000     0.999609       160830      2560.00
     445.000     0.999658       160839      2925.71
     446.000     0.999707       160845      3413.33
     448.000     0.999756       160850      4096.00
     451.000     0.999780       160854      4551.11
     454.000     0.999805       160858      5120.00
     460.000     0.999829       160862      5851.43
     469.000     0.999854       160866      6826.67
     543.000     0.999878       160870      8192.00
     555.000     0.999890       160872      9102.22
     718.000     0.999902       160874     10240.00
     877.000     0.999915       160876     11702.86
     919.000     0.999927       160878     13653.33
     950.000     0.999939       160880     16384.00
    1170.000     0.999945       160881     18204.44
    1184.000     0.999951       160882     20480.00
    1249.000     0.999957       160883     23405.71
    1843.000     0.999963       160884     27306.67
   17743.000     0.999969       160885     32768.00
   17743.000     0.999973       160885     36408.89
   17791.000     0.999976       160886     40960.00
   17791.000     0.999979       160886     46811.43
   21503.000     0.999982       160887     54613.33
   21503.000     0.999985       160887     65536.00
   21503.000     0.999986       160887     72817.78
   21999.000     0.999988       160888     81920.00
   21999.000     0.999989       160888     93622.86
   21999.000     0.999991       160888    109226.67
   21999.000     0.999992       160888    131072.00
   21999.000     0.999993       160888    145635.56
   22879.000     0.999994       160889    163840.00
   22879.000     1.000000       160889          inf
#[Mean    =      175.498, StdDeviation   =      121.068]
#[Max     =    22879.000, Total count    =       160889]
#[Buckets =            5, SubBuckets     =         2048]
