       Value   Percentile   TotalCount 1/(1-Percentile)

      83.000     0.000000            1         1.00
     113.000     0.100000       149279         1.11
     118.000     0.200000       278888         1.25
     123.000     0.300000       439224         1.43
     127.000     0.400000       573328         1.67
     131.000     0.500000       702960         2.00
     133.000     0.550000       763877         2.22
     136.000     0.600000       850426         2.50
     138.000     0.650000       904147         2.86
     141.000     0.700000       977344         3.33
     144.000     0.750000      1042187         4.00
     146.000     0.775000      1080522         4.44
     148.000     0.800000      1115235         5.00
     150.000     0.825000      1146576         5.71
     153.000     0.850000      1187253         6.67
     156.000     0.875000      1221467         8.00
     157.000     0.887500      1231819         8.89
     159.000     0.900000      1251006        10.00
     161.000     0.912500      1267780        11.43
     163.000     0.925000      1282514        13.33
     166.000     0.937500      1301555        16.00
     168.000     0.943750      1312132        17.78
     169.000     0.950000      1317000        20.00
     171.000     0.956250      1325876        22.86
     173.000     0.962500      1333614        26.67
     176.000     0.968750      1343429        32.00
     177.000     0.971875      1346249        35.56
     179.000     0.975000      1351573        40.00
     181.000     0.978125      1356226        45.71
     183.000     0.981250      1360238        53.33
     185.000     0.984375      1363863        64.00
     187.000     0.985938      1366981        71.11
     188.000     0.987500      1368390        80.00
     190.000     0.989062      1371057        91.43
     191.000     0.990625      1372246       106.67
     193.000     0.992188      1374330       128.00
     194.000     0.992969      1375227       142.22
     196.000     0.993750      1376921       160.00
     197.000     0.994531      1377612       182.86
     199.000     0.995313      1378843       213.33
     201.000     0.996094      1379890       256.00
     202.000     0.996484      1380325       284.44
     203.000     0.996875      1380736       320.00
     205.000     0.997266      1381499       365.71
     206.000     0.997656      1381821       426.67
     208.000     0.998047      1382327       512.00
     209.000     0.998242      1382572       568.89
     211.000     0.998437      1382963       640.00
     212.000     0.998633      1383121       731.43
     214.000     0.998828      1383427       853.33
     216.000     0.999023      1383664      1024.00
     217.000     0.999121      1383762      1137.78
     219.000     0.999219      1383932      1280.00
     221.000     0.999316      1384053      1462.86
     224.000     0.999414      1384186      1706.67
     228.000     0.999512      1384298      2048.00
     231.000     0.999561      1384378      2275.56
     233.000     0.999609      1384425      2560.00
     237.000     0.999658      1384486      2925.71
     244.000     0.999707      1384564      3413.33
     252.000     0.999756      1384623      4096.00
     261.000     0.999780      1384656      4551.11
     273.000     0.999805      1384690      5120.00
     285.000     0.999829      1384724      5851.43
     309.000     0.999854      1384759      6826.67
     486.000     0.999878      1384790      8192.00
     873.000     0.999890      1384807      9102.22
    1223.000     0.999902      1384824     10240.00
    1636.000     0.999915      1384841     11702.86
    2533.000     0.999927      1384858     13653.33
   15975.000     0.999939      1384875     16384.00
   16927.000     0.999945      1384883     18204.44
   21279.000     0.999951      1384892     20480.00
   22591.000     0.999957      1384900     23405.71
   30655.000     0.999963      1384909     27306.67
   34015.000     0.999969      1384917     32768.00
   34847.000     0.999973      1384921     36408.89
   37823.000     0.999976      1384926     40960.00
   39391.000     0.999979      1384931     46811.43
   39487.000     0.999982      1384934     54613.33
   39999.000     0.999985      1384938     65536.00
   42463.000     0.999986      1384940     72817.78
   43487.000     0.999988      1384943     81920.00
   44863.000     0.999989      1384945     93622.86
   48383.000     0.999991      1384947    109226.67
   50143.000     0.999992      1384949    131072.00
   50591.000     0.999993      1384950    145635.56
   50751.000     0.999994      1384951    163840.00
   52927.000     0.999995      1384952    187245.71
   53439.000     0.999995      1384953    218453.33
   54015.000     0.999996      1384954    262144.00
   54175.000     0.999997      1384955    291271.11
   54175.000     0.999997      1384955    327680.00
   56127.000     0.999997      1384956    374491.43
   56127.000     0.999998      1384956    436906.67
   57183.000     0.999998      1384957    524288.00
   57183.000     0.999998      1384957    582542.22
   57183.000     0.999998      1384957    655360.00
   59391.000     0.999999      1384958    748982.86
   59391.000     0.999999      1384958    873813.33
   59391.000     0.999999      1384958   1048576.00
   59391.000     0.999999      1384958   1165084.44
   59391.000     0.999999      1384958   1310720.00
   59871.000     0.999999      1384959   1497965.71
   59871.000     1.000000      1384959          inf
#[Mean    =      136.258, StdDeviation   =      280.211]
#[Max     =    59871.000, Total count    =      1384959]
#[Buckets =            6, SubBuckets     =         2048]
