       Value   Percentile   TotalCount 1/(1-Percentile)

    1259.000     0.000000            1         1.00
    8959.000     0.100000       107789         1.11
    9199.000     0.200000       212816         1.25
    9335.000     0.300000       319082         1.43
    9383.000     0.400000       443561         1.67
    9407.000     0.500000       538735         2.00
    9423.000     0.550000       606062         2.22
    9431.000     0.600000       640520         2.50
    9447.000     0.650000       704987         2.86
    9463.000     0.700000       761603         3.33
    9479.000     0.750000       808209         4.00
    9487.000     0.775000       828972         4.44
    9495.000     0.800000       848565         5.00
    9511.000     0.825000       880415         5.71
    9527.000     0.850000       906147         6.67
    9543.000     0.875000       927242         8.00
    9559.000     0.887500       944781         8.89
    9575.000     0.900000       958507        10.00
    9591.000     0.912500       968745        11.43
    9615.000     0.925000       980760        13.33
    9671.000     0.937500       992983        16.00
    9727.000     0.943750       999069        17.78
    9831.000     0.950000      1005635        20.00
   11023.000     0.956250      1011936        22.86
   11663.000     0.962500      1018547        26.67
   12023.000     0.968750      1025194        32.00
   12127.000     0.971875      1028497        35.56
   12223.000     0.975000      1031841        40.00
   12319.000     0.978125      1035075        45.71
   12431.000     0.981250      1038478        53.33
   12543.000     0.984375      1041862        64.00
   12583.000     0.985938      1043403        71.11
   12623.000     0.987500      1045071        80.00
   12663.000     0.989062      1046754        91.43
   12703.000     0.990625      1048393       106.67
   12743.000     0.992188      1050115       128.00
   12759.000     0.992969      1050846       142.22
   12791.000     0.993750      1051779       160.00
   12807.000     0.994531      1052562       182.86
   12831.000     0.995313      1053272       213.33
   12863.000     0.996094      1054310       256.00
   12871.000     0.996484      1054537       284.44
   12895.000     0.996875      1055141       320.00
   12903.000     0.997266      1055349       365.71
   12927.000     0.997656      1055840       426.67
   12951.000     0.998047      1056143       512.00
   12975.000     0.998242      1056356       568.89
   13015.000     0.998437      1056597       640.00
   13063.000     0.998633      1056788       731.43
   13327.000     0.998828      1056981       853.33
   15183.000     0.999023      1057175      1024.00
   24303.000     0.999121      1057308      1137.78
   24367.000     0.999219      1057442      1280.00
   24591.000     0.999316      1057493      1462.86
   24671.000     0.999414      1057611      1706.67
   26111.000     0.999512      1057757      2048.00
   26111.000     0.999561      1057757      2275.56
   26143.000     0.999609      1057826      2560.00
   26655.000     0.999658      1057856      2925.71
   26767.000     0.999707      1057920      3413.33
   26799.000     0.999756      1058016      4096.00
   26799.000     0.999780      1058016      4551.11
   26799.000     0.999805      1058016      5120.00
   26815.000     0.999829      1058069      5851.43
   26815.000     0.999854      1058069      6826.67
   26831.000     0.999878      1058096      8192.00
   26831.000     0.999890      1058096      9102.22
   26847.000     0.999902      1058119     10240.00
   26847.000     0.999915      1058119     11702.86
   26863.000     0.999927      1058146     13653.33
   26863.000     0.999939      1058146     16384.00
   27199.000     0.999945      1058150     18204.44
   27823.000     0.999951      1058165     20480.00
   27823.000     0.999957      1058165     23405.71
   27855.000     0.999963      1058181     27306.67
   27855.000     0.999969      1058181     32768.00
   27855.000     0.999973      1058181     36408.89
   27871.000     0.999976      1058186     40960.00
   27871.000     0.999979      1058186     46811.43
   27903.000     0.999982      1058197     54613.33
   27903.000     0.999985      1058197     65536.00
   27903.000     0.999986      1058197     72817.78
   27903.000     0.999988      1058197     81920.00
   27903.000     0.999989      1058197     93622.86
   27935.000     0.999991      1058208    109226.67
   27935.000     1.000000      1058208          inf
#[Mean    =     9446.325, StdDeviation   =      861.465]
#[Max     =    27935.000, Total count    =      1058208]
#[Buckets =            5, SubBuckets     =         2048]
