       Value   Percentile   TotalCount 1/(1-Percentile)

     330.000     0.000000            2         1.00
   12575.000     0.100000       291468         1.11
   15287.000     0.200000       582202         1.25
   17487.000     0.300000       873837         1.43
   19823.000     0.400000      1164835         1.67
   22175.000     0.500000      1455497         2.00
   23439.000     0.550000      1600980         2.22
   24831.000     0.600000      1746081         2.50
   26431.000     0.650000      1890726         2.86
   28303.000     0.700000      2036934         3.33
   30559.000     0.750000      2182270         4.00
   31839.000     0.775000      2254269         4.44
   33311.000     0.800000      2327478         5.00
   34911.000     0.825000      2400760         5.71
   36671.000     0.850000      2473109         6.67
   38655.000     0.875000      2545946         8.00
   39775.000     0.887500      2581978         8.89
   41023.000     0.900000      2617859        10.00
   42591.000     0.912500      2654371        11.43
   44479.000     0.925000      2690513        13.33
   46879.000     0.937500      2726869        16.00
   48319.000     0.943750      2745313        17.78
   49823.000     0.950000      2763211        20.00
   51487.000     0.956250      2781584        22.86
   53215.000     0.962500      2799560        26.67
   55295.000     0.968750      2817721        32.00
   56479.000     0.971875      2826896        35.56
   57823.000     0.975000      2835865        40.00
   59423.000     0.978125      2844954        45.71
   61503.000     0.981250      2854111        53.33
   64607.000     0.984375      2863169        64.00
   66943.000     0.985938      2867664        71.11
   70399.000     0.987500      2872232        80.00
   74751.000     0.989062      2876791        91.43
   79487.000     0.990625      2881307       106.67
   83903.000     0.992188      2885870       128.00
   86399.000     0.992969      2888156       142.22
   89023.000     0.993750      2890385       160.00
   92607.000     0.994531      2892675       182.86
   98559.000     0.995313      2894928       213.33
  107711.000     0.996094      2897203       256.00
  117951.000     0.996484      2898342       284.44
  135423.000     0.996875      2899470       320.00
  165887.000     0.997266      2900612       365.71
  184831.000     0.997656      2901743       426.67
  199423.000     0.998047      2902883       512.00
  206207.000     0.998242      2903449       568.89
  213119.000     0.998437      2904017       640.00
  219519.000     0.998633      2904585       731.43
  226431.000     0.998828      2905157       853.33
  235007.000     0.999023      2905729      1024.00
  239359.000     0.999121      2906006      1137.78
  243839.000     0.999219      2906301      1280.00
  248447.000     0.999316      2906573      1462.86
  253695.000     0.999414      2906861      1706.67
  259199.000     0.999512      2907141      2048.00
  262911.000     0.999561      2907299      2275.56
  266239.000     0.999609      2907424      2560.00
  268287.000     0.999658      2907575      2925.71
  271103.000     0.999707      2907708      3413.33
  274431.000     0.999756      2907851      4096.00
  276735.000     0.999780      2907928      4551.11
  280063.000     0.999805      2907992      5120.00
  282367.000     0.999829      2908073      5851.43
  285951.000     0.999854      2908137      6826.67
  290047.000     0.999878      2908206      8192.00
  290815.000     0.999890      2908241      9102.22
  292863.000     0.999902      2908285     10240.00
  294911.000     0.999915      2908316     11702.86
  300031.000     0.999927      2908346     13653.33
  306431.000     0.999939      2908383     16384.00
  308735.000     0.999945      2908400     18204.44
  317183.000     0.999951      2908417     20480.00
  325631.000     0.999957      2908436     23405.71
  329471.000     0.999963      2908457     27306.67
  330751.000     0.999969      2908474     32768.00
  331775.000     0.999973      2908481     36408.89
  335615.000     0.999976      2908491     40960.00
  336383.000     0.999979      2908498     46811.43
  336639.000     0.999982      2908506     54613.33
  340991.000     0.999985      2908515     65536.00
  342015.000     0.999986      2908520     72817.78
  342271.000     0.999988      2908530     81920.00
  342271.000     0.999989      2908530     93622.86
  343295.000     0.999991      2908533    109226.67
  349439.000     0.999992      2908537    131072.00
  349695.000     0.999993      2908541    145635.56
  353791.000     0.999994      2908542    163840.00
  354047.000     0.999995      2908544    187245.71
  356095.000     0.999995      2908549    218453.33
  356095.000     0.999996      2908549    262144.00
  357375.000     0.999997      2908550    291271.11
  359679.000     0.999997      2908551    327680.00
  372735.000     0.999997      2908553    374491.43
  372735.000     0.999998      2908553    436906.67
  384767.000     0.999998      2908554    524288.00
  385023.000     0.999998      2908556    582542.22
  385023.000     0.999998      2908556    655360.00
  385023.000     0.999999      2908556    748982.86
  385023.000     0.999999      2908556    873813.33
  395007.000     0.999999      2908558   1048576.00
  395007.000     0.999999      2908558   1165084.44
  395007.000     0.999999      2908558   1310720.00
  395007.000     0.999999      2908558   1497965.71
  395007.000     0.999999      2908558   1747626.67
  395007.000     1.000000      2908558   2097152.00
  395007.000     1.000000      2908558   2330168.89
  395007.000     1.000000      2908558   2621440.00
  395263.000     1.000000      2908559   2995931.43
  395263.000     1.000000      2908559          inf
#[Mean    =    25555.408, StdDeviation   =    16760.592]
#[Max     =   395263.000, Total count    =      2908559]
#[Buckets =            9, SubBuckets     =         2048]
