       Value   Percentile   TotalCount 1/(1-Percentile)

      50.000     0.000000            2         1.00
     309.000     0.100000      1332065         1.11
     377.000     0.200000      2681025         1.25
     438.000     0.300000      4005805         1.43
     503.000     0.400000      5335081         1.67
     580.000     0.500000      6670686         2.00
     626.000     0.550000      7330518         2.22
     682.000     0.600000      7996956         2.50
     756.000     0.650000      8659714         2.86
     882.000     0.700000      9323274         3.33
    1280.000     0.750000      9989366         4.00
    1632.000     0.775000     10322089         4.44
    2008.000     0.800000     10654690         5.00
    2349.000     0.825000     10989270         5.71
    2621.000     0.850000     11321279         6.67
    2877.000     0.875000     11654477         8.00
    3019.000     0.887500     11820374         8.89
    3195.000     0.900000     11987496        10.00
    3491.000     0.912500     12153120        11.43
    4391.000     0.925000     12319747        13.33
    6167.000     0.937500     12485997        16.00
    7291.000     0.943750     12569404        17.78
    8199.000     0.950000     12653041        20.00
    9015.000     0.956250     12735741        22.86
    9871.000     0.962500     12819382        26.67
   10975.000     0.968750     12902079        32.00
   12143.000     0.971875     12943670        35.56
   14535.000     0.975000     12985391        40.00
   19311.000     0.978125     13026969        45.71
   26111.000     0.981250     13068582        53.33
   36031.000     0.984375     13110190        64.00
   47999.000     0.985938     13130950        71.11
   70335.000     0.987500     13151766        80.00
   90879.000     0.989062     13172587        91.43
  115711.000     0.990625     13193432       106.67
  140159.000     0.992188     13214264       128.00
  153343.000     0.992969     13224599       142.22
  163455.000     0.993750     13235227       160.00
  173951.000     0.994531     13245437       182.86
  183039.000     0.995313     13255838       213.33
  188543.000     0.996094     13266629       256.00
  189439.000     0.996484     13272072       284.44
  190207.000     0.996875     13277723       320.00
  190719.000     0.997266     13282051       365.71
  191615.000     0.997656     13287155       426.67
  193023.000     0.998047     13292335       512.00
  193919.000     0.998242     13294827       568.89
  195327.000     0.998437     13297637       640.00
  198527.000     0.998633     13300076       731.43
  205311.000     0.998828     13302638       853.33
  224639.000     0.999023     13305230      1024.00
  242687.000     0.999121     13306547      1137.78
  262911.000     0.999219     13307843      1280.00
  291839.000     0.999316     13309138      1462.86
  316671.000     0.999414     13310442      1706.67
  343295.000     0.999512     13311730      2048.00
  350207.000     0.999561     13312384      2275.56
  361471.000     0.999609     13313040      2560.00
  376319.000     0.999658     13313690      2925.71
  384255.000     0.999707     13314342      3413.33
  400127.000     0.999756     13314984      4096.00
  416255.000     0.999780     13315307      4551.11
  449535.000     0.999805     13315633      5120.00
  479999.000     0.999829     13315958      5851.43
  508415.000     0.999854     13316288      6826.67
  546815.000     0.999878     13316612      8192.00
  549375.000     0.999890     13316778      9102.22
  566271.000     0.999902     13316944     10240.00
  598527.000     0.999915     13317101     11702.86
  613375.000     0.999927     13317258     13653.33
  673791.000     0.999939     13317431     16384.00
  683519.000     0.999945     13317503     18204.44
  689151.000     0.999951     13317589     20480.00
  701439.000     0.999957     13317664     23405.71
  788991.000     0.999963     13317748     27306.67
  803839.000     0.999969     13317837     32768.00
  806911.000     0.999973     13317878     36408.89
  820223.000     0.999976     13317908     40960.00
  859647.000     0.999979     13317955     46811.43
  861183.000     0.999982     13318001     54613.33
  867839.000     0.999985     13318031     65536.00
  893951.000     0.999986     13318051     72817.78
 1023487.000     0.999988     13318080     81920.00
 1031679.000     0.999989     13318091     93622.86
 1032703.000     0.999991     13318135    109226.67
 1032703.000     0.999992     13318135    131072.00
 1058815.000     0.999993     13318142    145635.56
 1138687.000     0.999994     13318153    163840.00
 1171455.000     0.999995     13318162    187245.71
 1192959.000     0.999995     13318175    218453.33
 1195007.000     0.999996     13318188    262144.00
 1195007.000     0.999997     13318188    291271.11
 1196031.000     0.999997     13318198    327680.00
 1196031.000     0.999997     13318198    374491.43
 1197055.000     0.999998     13318222    436906.67
 1197055.000     0.999998     13318222    524288.00
 1197055.000     0.999998     13318222    582542.22
 1197055.000     0.999998     13318222    655360.00
 1197055.000     0.999999     13318222    748982.86
 1197055.000     0.999999     13318222    873813.33
 1197055.000     0.999999     13318222   1048576.00
 1197055.000     0.999999     13318222   1165084.44
 1198079.000     0.999999     13318233   1310720.00
 1198079.000     1.000000     13318233          inf
#[Mean    =     3688.529, StdDeviation   =    21028.087]
#[Max     =  1198079.000, Total count    =     13318233]
#[Buckets =           11, SubBuckets     =         2048]
