       Value   Percentile   TotalCount 1/(1-Percentile)

     100.000     0.000000            1         1.00
     900.000     0.100000       929163         1.11
    1716.000     0.200000      1858269         1.25
    3061.000     0.300000      2787221         1.43
    4183.000     0.400000      3716856         1.67
    4911.000     0.500000      4648618         2.00
    5231.000     0.550000      5110316         2.22
    5551.000     0.600000      5578909         2.50
    5879.000     0.650000      6043272         2.86
    6227.000     0.700000      6503346         3.33
    6623.000     0.750000      6970720         4.00
    6843.000     0.775000      7200585         4.44
    7091.000     0.800000      7434309         5.00
    7367.000     0.825000      7664805         5.71
    7687.000     0.850000      7896985         6.67
    8067.000     0.875000      8130542         8.00
    8287.000     0.887500      8247329         8.89
    8527.000     0.900000      8361192        10.00
    8807.000     0.912500      8478232        11.43
    9127.000     0.925000      8594297        13.33
    9495.000     0.937500      8709471        16.00
    9703.000     0.943750      8767645        17.78
    9935.000     0.950000      8827181        20.00
   10175.000     0.956250      8883504        22.86
   10455.000     0.962500      8942486        26.67
   10767.000     0.968750      9000767        32.00
   10935.000     0.971875      9028562        35.56
   11127.000     0.975000      9057497        40.00
   11343.000     0.978125      9086630        45.71
   11591.000     0.981250      9115746        53.33
   11887.000     0.984375      9144927        64.00
   12055.000     0.985938      9159067        71.11
   12255.000     0.987500      9173857        80.00
   12479.000     0.989062      9188117        91.43
   12743.000     0.990625      9202595       106.67
   13063.000     0.992188      9217185       128.00
   13255.000     0.992969      9224560       142.22
   13463.000     0.993750      9231668       160.00
   13719.000     0.994531      9239074       182.86
   14023.000     0.995313      9246264       213.33
   14383.000     0.996094      9253408       256.00
   14607.000     0.996484      9257107       284.44
   14855.000     0.996875      9260703       320.00
   15159.000     0.997266      9264313       365.71
   15527.000     0.997656      9267962       426.67
   15983.000     0.998047      9271583       512.00
   16255.000     0.998242      9273410       568.89
   16559.000     0.998437      9275174       640.00
   16943.000     0.998633      9277013       731.43
   17391.000     0.998828      9278848       853.33
   17903.000     0.999023      9280619      1024.00
   18207.000     0.999121      9281542      1137.78
   18543.000     0.999219      9282433      1280.00
   18943.000     0.999316      9283353      1462.86
   19407.000     0.999414      9284253      1706.67
   19999.000     0.999512      9285162      2048.00
   20351.000     0.999561      9285610      2275.56
   20767.000     0.999609      9286065      2560.00
   21231.000     0.999658      9286512      2925.71
   21807.000     0.999707      9286961      3413.33
   22527.000     0.999756      9287417      4096.00
   22975.000     0.999780      9287645      4551.11
   23439.000     0.999805      9287865      5120.00
   23967.000     0.999829      9288092      5851.43
   24639.000     0.999854      9288321      6826.67
   25359.000     0.999878      9288545      8192.00
   25759.000     0.999890      9288662      9102.22
   26239.000     0.999902      9288771     10240.00
   26831.000     0.999915      9288885     11702.86
   27407.000     0.999927      9288998     13653.33
   28175.000     0.999939      9289111     16384.00
   28559.000     0.999945      9289168     18204.44
   28927.000     0.999951      9289224     20480.00
   29311.000     0.999957      9289281     23405.71
   29839.000     0.999963      9289338     27306.67
   30415.000     0.999969      9289394     32768.00
   30719.000     0.999973      9289422     36408.89
   31055.000     0.999976      9289452     40960.00
   31327.000     0.999979      9289479     46811.43
   31615.000     0.999982      9289507     54613.33
   31951.000     0.999985      9289536     65536.00
   32127.000     0.999986      9289550     72817.78
   32303.000     0.999988      9289564     81920.00
   32559.000     0.999989      9289578     93622.86
   32831.000     0.999991      9289593    109226.67
   33343.000     0.999992      9289609    131072.00
   33439.000     0.999993      9289615    145635.56
   33631.000     0.999994      9289622    163840.00
   34015.000     0.999995      9289628    187245.71
   34175.000     0.999995      9289635    218453.33
   34463.000     0.999996      9289642    262144.00
   34687.000     0.999997      9289646    291271.11
   34847.000     0.999997      9289650    327680.00
   35071.000     0.999997      9289654    374491.43
   35135.000     0.999998      9289656    436906.67
   35711.000     0.999998      9289660    524288.00
   35839.000     0.999998      9289662    582542.22
   35903.000     0.999998      9289663    655360.00
   36191.000     0.999999      9289665    748982.86
   36319.000     0.999999      9289667    873813.33
   36895.000     0.999999      9289669   1048576.00
   37151.000     0.999999      9289670   1165084.44
   37151.000     0.999999      9289670   1310720.00
   37375.000     0.999999      9289671   1497965.71
   37567.000     0.999999      9289672   1747626.67
   37599.000     1.000000      9289673   2097152.00
   37791.000     1.000000      9289674   2330168.89
   37791.000     1.000000      9289674   2621440.00
   37791.000     1.000000      9289674   2995931.43
   38079.000     1.000000      9289675   3495253.33
   38079.000     1.000000      9289675   4194304.00
   38239.000     1.000000      9289676   4660337.78
   38239.000     1.000000      9289676   5242880.00
   38239.000     1.000000      9289676   5991862.86
   38239.000     1.000000      9289676   6990506.67
   38239.000     1.000000      9289676   8388608.00
   38303.000     1.000000      9289677   9320675.55
   38303.000     1.000000      9289677          inf
#[Mean    =     4830.101, StdDeviation   =     2958.978]
#[Max     =    38303.000, Total count    =      9289677]
#[Buckets =            6, SubBuckets     =         2048]
