       Value   Percentile   TotalCount 1/(1-Percentile)

      37.000     0.000000            1         1.00
     486.000     0.100000      1148275         1.11
     747.000     0.200000      2291303         1.25
    1075.000     0.300000      3432757         1.43
    1518.000     0.400000      4578864         1.67
    2027.000     0.500000      5722690         2.00
    2381.000     0.550000      6296879         2.22
    2661.000     0.600000      6868160         2.50
    2959.000     0.650000      7438178         2.86
    3297.000     0.700000      8012761         3.33
    3679.000     0.750000      8582835         4.00
    3869.000     0.775000      8870872         4.44
    4051.000     0.800000      9154889         5.00
    4247.000     0.825000      9443833         5.71
    4463.000     0.850000      9729053         6.67
    4731.000     0.875000     10014239         8.00
    4903.000     0.887500     10155486         8.89
    5127.000     0.900000     10300337        10.00
    5427.000     0.912500     10441515        11.43
    5839.000     0.925000     10584431        13.33
    6339.000     0.937500     10727595        16.00
    6607.000     0.943750     10799664        17.78
    6871.000     0.950000     10870664        20.00
    7131.000     0.956250     10942060        22.86
    7391.000     0.962500     11014000        26.67
    7655.000     0.968750     11085207        32.00
    7795.000     0.971875     11121062        35.56
    7939.000     0.975000     11156969        40.00
    8095.000     0.978125     11192485        45.71
    8263.000     0.981250     11228253        53.33
    8455.000     0.984375     11264927        64.00
    8551.000     0.985938     11281836        71.11
    8663.000     0.987500     11300247        80.00
    8783.000     0.989062     11318014        91.43
    8911.000     0.990625     11335481       106.67
    9063.000     0.992188     11353642       128.00
    9143.000     0.992969     11362261       142.22
    9239.000     0.993750     11371670       160.00
    9335.000     0.994531     11380132       182.86
    9447.000     0.995313     11389025       213.33
    9575.000     0.996094     11397785       256.00
    9655.000     0.996484     11402515       284.44
    9735.000     0.996875     11406940       320.00
    9831.000     0.997266     11411506       365.71
    9935.000     0.997656     11415810       426.67
   10063.000     0.998047     11420383       512.00
   10127.000     0.998242     11422348       568.89
   10215.000     0.998437     11424748       640.00
   10303.000     0.998633     11426927       731.43
   10407.000     0.998828     11429212       853.33
   10519.000     0.999023     11431405      1024.00
   10583.000     0.999121     11432483      1137.78
   10647.000     0.999219     11433558      1280.00
   10719.000     0.999316     11434662      1462.86
   10807.000     0.999414     11435798      1706.67
   10903.000     0.999512     11436884      2048.00
   10967.000     0.999561     11437483      2275.56
   11031.000     0.999609     11438027      2560.00
   11111.000     0.999658     11438567      2925.71
   11191.000     0.999707     11439125      3413.33
   11287.000     0.999756     11439681      4096.00
   11343.000     0.999780     11439951      4551.11
   11399.000     0.999805     11440226      5120.00
   11487.000     0.999829     11440524      5851.43
   11567.000     0.999854     11440815      6826.67
   11647.000     0.999878     11441084      8192.00
   11687.000     0.999890     11441206      9102.22
   11743.000     0.999902     11441351     10240.00
   11807.000     0.999915     11441486     11702.86
   11879.000     0.999927     11441629     13653.33
   11983.000     0.999939     11441777     16384.00
   12031.000     0.999945     11441841     18204.44
   12111.000     0.999951     11441907     20480.00
   12175.000     0.999957     11441982     23405.71
   12231.000     0.999963     11442044     27306.67
   12327.000     0.999969     11442118     32768.00
   12367.000     0.999973     11442149     36408.89
   12423.000     0.999976     11442181     40960.00
   12463.000     0.999979     11442217     46811.43
   12551.000     0.999982     11442253     54613.33
   12615.000     0.999985     11442286     65536.00
   12655.000     0.999986     11442303     72817.78
   12695.000     0.999988     11442322     81920.00
   12759.000     0.999989     11442343     93622.86
   12815.000     0.999991     11442357    109226.67
   12911.000     0.999992     11442374    131072.00
   12951.000     0.999993     11442383    145635.56
   12983.000     0.999994     11442392    163840.00
   13039.000     0.999995     11442399    187245.71
   13087.000     0.999995     11442408    218453.33
   13215.000     0.999996     11442417    262144.00
   13311.000     0.999997     11442421    291271.11
   13359.000     0.999997     11442426    327680.00
   13431.000     0.999997     11442431    374491.43
   13471.000     0.999998     11442434    436906.67
   13607.000     0.999998     11442439    524288.00
   13615.000     0.999998     11442441    582542.22
   13695.000     0.999998     11442443    655360.00
   13719.000     0.999999     11442445    748982.86
   13727.000     0.999999     11442447    873813.33
   13799.000     0.999999     11442450   1048576.00
   13815.000     0.999999     11442451   1165084.44
   13871.000     0.999999     11442452   1310720.00
   13919.000     0.999999     11442453   1497965.71
   13927.000     0.999999     11442455   1747626.67
   13927.000     1.000000     11442455   2097152.00
   13943.000     1.000000     11442457   2330168.89
   13943.000     1.000000     11442457   2621440.00
   13943.000     1.000000     11442457   2995931.43
   13943.000     1.000000     11442457   3495253.33
   13959.000     1.000000     11442458   4194304.00
   13959.000     1.000000     11442458   4660337.78
   13959.000     1.000000     11442458   5242880.00
   13967.000     1.000000     11442459   5991862.86
   13967.000     1.000000     11442459   6990506.67
   13967.000     1.000000     11442459   8388608.00
   13967.000     1.000000     11442459   9320675.55
   13967.000     1.000000     11442459  10485760.00
   14199.000     1.000000     11442460  11983725.71
   14199.000     1.000000     11442460          inf
#[Mean    =     2540.622, StdDeviation   =     2020.336]
#[Max     =    14199.000, Total count    =     11442460]
#[Buckets =            4, SubBuckets     =         2048]
