       Value   Percentile   TotalCount 1/(1-Percentile)

      47.000     0.000000            1         1.00
      60.000     0.100000       122965         1.11
      63.000     0.200000       204094         1.25
      67.000     0.300000       292550         1.43
      71.000     0.400000       407639         1.67
      73.000     0.500000       478812         2.00
      75.000     0.550000       554282         2.22
      76.000     0.600000       591258         2.50
      77.000     0.650000       626005         2.86
      79.000     0.700000       684882         3.33
      80.000     0.750000       708936         4.00
      82.000     0.775000       747448         4.44
      83.000     0.800000       763064         5.00
      85.000     0.825000       789153         5.71
      87.000     0.850000       809579         6.67
      90.000     0.875000       831839         8.00
      91.000     0.887500       837486         8.89
      94.000     0.900000       851195        10.00
      97.000     0.912500       862185        11.43
     101.000     0.925000       874814        13.33
     105.000     0.937500       887041        16.00
     107.000     0.943750       892596        17.78
     109.000     0.950000       896828        20.00
     113.000     0.956250       903112        22.86
     118.000     0.962500       908578        26.67
     125.000     0.968750       914084        32.00
     130.000     0.971875       917252        35.56
     136.000     0.975000       920116        40.00
     140.000     0.978125       922919        45.71
     146.000     0.981250       926046        53.33
     153.000     0.984375       928793        64.00
     157.000     0.985938       930268        71.11
     162.000     0.987500       931932        80.00
     164.000     0.989062       933307        91.43
     166.000     0.990625       935509       106.67
     168.000     0.992188       936386       128.00
     171.000     0.992969       936881       142.22
     177.000     0.993750       937692       160.00
     184.000     0.994531       938425       182.86
     195.000     0.995313       939091       213.33
     227.000     0.996094       939817       256.00
    1065.000     0.996484       940191       284.44
    1086.000     0.996875       940578       320.00
    1093.000     0.997266       940981       365.71
    1099.000     0.997656       941345       426.67
    1104.000     0.998047       941658       512.00
    1108.000     0.998242       941859       568.89
    1112.000     0.998437       942038       640.00
    1118.000     0.998633       942222       731.43
    1130.000     0.998828       942406       853.33
    1157.000     0.999023       942579      1024.00
    1180.000     0.999121       942669      1137.78
    1206.000     0.999219       942761      1280.00
    2185.000     0.999316       942855      1462.86
   25055.000     0.999414       942959      1706.67
  250111.000     0.999512       943314      2048.00
  250111.000     0.999561       943314      2275.56
  250111.000     0.999609       943314      2560.00
  250111.000     0.999658       943314      2925.71
  250111.000     0.999707       943314      3413.33
  250111.000     0.999756       943314      4096.00
  250111.000     0.999780       943314      4551.11
  250111.000     0.999805       943314      5120.00
  251135.000     0.999829       943484      5851.43
  251135.000     0.999854       943484      6826.67
  251135.000     0.999878       943484      8192.00
  251135.000     0.999890       943484      9102.22
  251135.000     0.999902       943484     10240.00
  251135.000     0.999915       943484     11702.86
  251135.000     0.999927       943484     13653.33
  251135.000     0.999939       943484     16384.00
  251135.000     0.999945       943484     18204.44
  251135.000     0.999951       943484     20480.00
  251135.000     0.999957       943484     23405.71
  251135.000     0.999963       943484     27306.67
  251135.000     0.999969       943484     32768.00
  251135.000     0.999973       943484     36408.89
  251135.000     0.999976       943484     40960.00
  251135.000     0.999979       943484     46811.43
  251135.000     0.999982       943484     54613.33
  251135.000     0.999985       943484     65536.00
  251263.000     0.999986       943487     72817.78
  251263.000     0.999988       943487     81920.00
  256511.000     0.999989       943489     93622.86
  256767.000     0.999991       943490    109226.67
  322303.000     0.999992       943491    131072.00
  323071.000     0.999993       943492    145635.56
  326143.000     0.999994       943493    163840.00
  326143.000     0.999995       943493    187245.71
  332031.000     0.999995       943494    218453.33
  572415.000     0.999996       943495    262144.00
  572415.000     0.999997       943495    291271.11
  572927.000     0.999997       943496    327680.00
  572927.000     0.999997       943496    374491.43
  572927.000     0.999998       943496    436906.67
  576511.000     0.999998       943497    524288.00
  576511.000     0.999998       943497    582542.22
  576511.000     0.999998       943497    655360.00
  576511.000     0.999999       943497    748982.86
  576511.000     0.999999       943497    873813.33
  582143.000     0.999999       943498   1048576.00
  582143.000     1.000000       943498          inf
#[Mean    =      215.997, StdDeviation   =     5875.168]
#[Max     =   582143.000, Total count    =       943498]
#[Buckets =           10, SubBuckets     =         2048]
