       Value   Percentile   TotalCount 1/(1-Percentile)

      87.000     0.000000            1         1.00
     385.000     0.100000       883833         1.11
     554.000     0.200000      1764323         1.25
     828.000     0.300000      2646333         1.43
    1495.000     0.400000      3528712         1.67
    2961.000     0.500000      4410683         2.00
    3757.000     0.550000      4852408         2.22
    4635.000     0.600000      5293614         2.50
    5715.000     0.650000      5734526         2.86
    6991.000     0.700000      6175280         3.33
    8415.000     0.750000      6615943         4.00
    9183.000     0.775000      6836911         4.44
    9991.000     0.800000      7058243         5.00
   10863.000     0.825000      7279059         5.71
   11831.000     0.850000      7499212         6.67
   12951.000     0.875000      7718502         8.00
   13623.000     0.887500      7829622         8.89
   14383.000     0.900000      7938916        10.00
   15311.000     0.912500      8049369        11.43
   16479.000     0.925000      8159783        13.33
   18063.000     0.937500      8270341        16.00
   19087.000     0.943750      8325267        17.78
   20351.000     0.950000      8379954        20.00
   21935.000     0.956250      8435411        22.86
   23807.000     0.962500      8490103        26.67
   26111.000     0.968750      8545542        32.00
   27423.000     0.971875      8572826        35.56
   28991.000     0.975000      8600558        40.00
   30847.000     0.978125      8627914        45.71
   33279.000     0.981250      8655649        53.33
   36703.000     0.984375      8683224        64.00
   39007.000     0.985938      8696864        71.11
   41823.000     0.987500      8710622        80.00
   45567.000     0.989062      8724413        91.43
   50047.000     0.990625      8738216       106.67
   56255.000     0.992188      8751962       128.00
   60127.000     0.992969      8758894       142.22
   64639.000     0.993750      8765768       160.00
   70463.000     0.994531      8772663       182.86
   77311.000     0.995313      8779544       213.33
   86079.000     0.996094      8786440       256.00
   92159.000     0.996484      8789877       284.44
  100479.000     0.996875      8793302       320.00
  113151.000     0.997266      8796768       365.71
  124927.000     0.997656      8800197       426.67
  152319.000     0.998047      8803639       512.00
  165375.000     0.998242      8805374       568.89
  189695.000     0.998437      8807106       640.00
  211583.000     0.998633      8808807       731.43
  267519.000     0.998828      8810541       853.33
  309503.000     0.999023      8812250      1024.00
  337151.000     0.999121      8813113      1137.78
  396799.000     0.999219      8813979      1280.00
  449023.000     0.999316      8814841      1462.86
  493311.000     0.999414      8815698      1706.67
  514047.000     0.999512      8816560      2048.00
  553471.000     0.999561      8816988      2275.56
  584703.000     0.999609      8817419      2560.00
  619007.000     0.999658      8817856      2925.71
  699903.000     0.999707      8818280      3413.33
  822271.000     0.999756      8818712      4096.00
  926719.000     0.999780      8818926      4551.11
  965631.000     0.999805      8819143      5120.00
 1052671.000     0.999829      8819367      5851.43
 1072127.000     0.999854      8819576      6826.67
 1127423.000     0.999878      8819788      8192.00
 1233919.000     0.999890      8819896      9102.22
 1440767.000     0.999902      8820007     10240.00
 1620991.000     0.999915      8820112     11702.86
 1641471.000     0.999927      8820223     13653.33
 1653759.000     0.999939      8820330     16384.00
 1657855.000     0.999945      8820397     18204.44
 1662975.000     0.999951      8820436     20480.00
 1674239.000     0.999957      8820489     23405.71
 1751039.000     0.999963      8820544     27306.67
 2232319.000     0.999969      8820595     32768.00
 2308095.000     0.999973      8820623     36408.89
 2400255.000     0.999976      8820649     40960.00
 2551807.000     0.999979      8820676     46811.43
 2689023.000     0.999982      8820703     54613.33
 2732031.000     0.999985      8820732     65536.00
 2754559.000     0.999986      8820759     72817.78
 2754559.000     0.999988      8820759     81920.00
 2764799.000     0.999989      8820792     93622.86
 2764799.000     0.999991      8820792    109226.67
 2766847.000     0.999992      8820816    131072.00
 2766847.000     0.999993      8820816    145635.56
 2766847.000     0.999994      8820816    163840.00
 2768895.000     0.999995      8820819    187245.71
 2797567.000     0.999995      8820825    218453.33
 2803711.000     0.999996      8820831    262144.00
 2805759.000     0.999997      8820836    291271.11
 2924543.000     0.999997      8820838    327680.00
 2938879.000     0.999997      8820841    374491.43
 2957311.000     0.999998      8820844    436906.67
 2981887.000     0.999998      8820848    524288.00
 2983935.000     0.999998      8820849    582542.22
 2985983.000     0.999998      8820851    655360.00
 2988031.000     0.999999      8820857    748982.86
 2988031.000     0.999999      8820857    873813.33
 2988031.000     0.999999      8820857   1048576.00
 2988031.000     0.999999      8820857   1165084.44
 2992127.000     0.999999      8820859   1310720.00
 2992127.000     0.999999      8820859   1497965.71
 2992127.000     0.999999      8820859   1747626.67
 2994175.000     1.000000      8820860   2097152.00
 2996223.000     1.000000      8820862   2330168.89
 2996223.000     1.000000      8820862   2621440.00
 2996223.000     1.000000      8820862   2995931.43
 2996223.000     1.000000      8820862   3495253.33
 2996223.000     1.000000      8820862   4194304.00
 3000319.000     1.000000      8820863   4660337.78
 3000319.000     1.000000      8820863   5242880.00
 3000319.000     1.000000      8820863   5991862.86
 3000319.000     1.000000      8820863   6990506.67
 3000319.000     1.000000      8820863   8388608.00
 3004415.000     1.000000      8820864   9320675.55
 3004415.000     1.000000      8820864          inf
#[Mean    =     6940.801, StdDeviation   =    29479.001]
#[Max     =  3004415.000, Total count    =      8820864]
#[Buckets =           12, SubBuckets     =         2048]
