       Value   Percentile   TotalCount 1/(1-Percentile)

     126.000     0.000000            1         1.00
     954.000     0.100000       834519         1.11
    1198.000     0.200000      1670935         1.25
    1430.000     0.300000      2504283         1.43
    1686.000     0.400000      3336172         1.67
    1998.000     0.500000      4168941         2.00
    2191.000     0.550000      4589296         2.22
    2415.000     0.600000      5003892         2.50
    2689.000     0.650000      5421491         2.86
    3035.000     0.700000      5837276         3.33
    3497.000     0.750000      6254130         4.00
    3791.000     0.775000      6462645         4.44
    4147.000     0.800000      6671733         5.00
    4583.000     0.825000      6878612         5.71
    5143.000     0.850000      7087488         6.67
    5915.000     0.875000      7295625         8.00
    6443.000     0.887500      7399636         8.89
    7139.000     0.900000      7503741        10.00
    8139.000     0.912500      7608012        11.43
    9631.000     0.925000      7712239        13.33
   11927.000     0.937500      7816390        16.00
   13519.000     0.943750      7868376        17.78
   15535.000     0.950000      7920575        20.00
   17999.000     0.956250      7972723        22.86
   21119.000     0.962500      8024721        26.67
   25007.000     0.968750      8076773        32.00
   27359.000     0.971875      8102890        35.56
   30175.000     0.975000      8129003        40.00
   33407.000     0.978125      8155118        45.71
   37855.000     0.981250      8181081        53.33
   43359.000     0.984375      8207025        64.00
   47039.000     0.985938      8220122        71.11
   51391.000     0.987500      8233126        80.00
   56607.000     0.989062      8246158        91.43
   63263.000     0.990625      8259152       106.67
   71231.000     0.992188      8272211       128.00
   76031.000     0.992969      8278706       142.22
   81599.000     0.993750      8285234       160.00
   88255.000     0.994531      8291737       182.86
   98623.000     0.995313      8298214       213.33
  113599.000     0.996094      8304735       256.00
  119999.000     0.996484      8307997       284.44
  129535.000     0.996875      8311236       320.00
  141311.000     0.997266      8314507       365.71
  158207.000     0.997656      8317765       426.67
  179839.000     0.998047      8321032       512.00
  188799.000     0.998242      8322637       568.89
  205055.000     0.998437      8324266       640.00
  220799.000     0.998633      8325897       731.43
  236031.000     0.998828      8327523       853.33
  253567.000     0.999023      8329162      1024.00
  269567.000     0.999121      8329967      1137.78
  285951.000     0.999219      8330795      1280.00
  300287.000     0.999316      8331605      1462.86
  312831.000     0.999414      8332432      1706.67
  335615.000     0.999512      8333235      2048.00
  353023.000     0.999561      8333628      2275.56
  373503.000     0.999609      8334035      2560.00
  422399.000     0.999658      8334442      2925.71
  441599.000     0.999707      8334848      3413.33
  491007.000     0.999756      8335255      4096.00
  514303.000     0.999780      8335459      4551.11
  536575.000     0.999805      8335666      5120.00
  581631.000     0.999829      8335867      5851.43
  613887.000     0.999854      8336071      6826.67
  632319.000     0.999878      8336273      8192.00
  712191.000     0.999890      8336378      9102.22
  749567.000     0.999902      8336476     10240.00
  803839.000     0.999915      8336581     11702.86
  948735.000     0.999927      8336680     13653.33
  992767.000     0.999939      8336783     16384.00
 1004031.000     0.999945      8336833     18204.44
 1012223.000     0.999951      8336891     20480.00
 1013759.000     0.999957      8336935     23405.71
 1043455.000     0.999963      8336987     27306.67
 1088511.000     0.999969      8337036     32768.00
 1165311.000     0.999973      8337062     36408.89
 1219583.000     0.999976      8337087     40960.00
 1239039.000     0.999979      8337113     46811.43
 1270783.000     0.999982      8337141     54613.33
 1275903.000     0.999985      8337165     65536.00
 1312767.000     0.999986      8337177     72817.78
 1324031.000     0.999988      8337190     81920.00
 1375231.000     0.999989      8337201     93622.86
 1384447.000     0.999991      8337214    109226.67
 1424383.000     0.999992      8337227    131072.00
 1442815.000     0.999993      8337233    145635.56
 1451007.000     0.999994      8337244    163840.00
 1454079.000     0.999995      8337246    187245.71
 1678335.000     0.999995      8337252    218453.33
 1697791.000     0.999996      8337260    262144.00
 1699839.000     0.999997      8337265    291271.11
 1699839.000     0.999997      8337265    327680.00
 1704959.000     0.999997      8337268    374491.43
 1707007.000     0.999998      8337271    436906.67
 1722367.000     0.999998      8337278    524288.00
 1722367.000     0.999998      8337278    582542.22
 1722367.000     0.999998      8337278    655360.00
 1733631.000     0.999999      8337279    748982.86
 1825791.000     0.999999      8337282    873813.33
 1842175.000     0.999999      8337284   1048576.00
 1842175.000     0.999999      8337284   1165084.44
 1842175.000     0.999999      8337284   1310720.00
 1998847.000     0.999999      8337288   1497965.71
 1998847.000     0.999999      8337288   1747626.67
 1998847.000     1.000000      8337288   2097152.00
 1998847.000     1.000000      8337288   2330168.89
 1998847.000     1.000000      8337288   2621440.00
 1998847.000     1.000000      8337288   2995931.43
 1998847.000     1.000000      8337288   3495253.33
 1999871.000     1.000000      8337290   4194304.00
 1999871.000     1.000000      8337290          inf
#[Mean    =     5093.538, StdDeviation   =    19932.522]
#[Max     =  1999871.000, Total count    =      8337290]
#[Buckets =           11, SubBuckets     =         2048]
