       Value   Percentile   TotalCount 1/(1-Percentile)

      93.000     0.000000            2         1.00
     120.000     0.100000       152506         1.11
     125.000     0.200000       287708         1.25
     129.000     0.300000       412379         1.43
     133.000     0.400000       538278         1.67
     138.000     0.500000       682939         2.00
     140.000     0.550000       735621         2.22
     143.000     0.600000       807073         2.50
     146.000     0.650000       870737         2.86
     149.000     0.700000       927306         3.33
     153.000     0.750000       992118         4.00
     155.000     0.775000      1020846         4.44
     158.000     0.800000      1059595         5.00
     161.000     0.825000      1093033         5.71
     164.000     0.850000      1122509         6.67
     168.000     0.875000      1155498         8.00
     170.000     0.887500      1169775         8.89
     172.000     0.900000      1182899        10.00
     175.000     0.912500      1200222        11.43
     178.000     0.925000      1215522        13.33
     182.000     0.937500      1232822        16.00
     184.000     0.943750      1240707        17.78
     187.000     0.950000      1251006        20.00
     189.000     0.956250      1257282        22.86
     192.000     0.962500      1265713        26.67
     195.000     0.968750      1273136        32.00
     197.000     0.971875      1277602        35.56
     199.000     0.975000      1281709        40.00
     201.000     0.978125      1285267        45.71
     204.000     0.981250      1290167        53.33
     207.000     0.984375      1294262        64.00
     209.000     0.985938      1296675        71.11
     210.000     0.987500      1297788        80.00
     212.000     0.989062      1299755        91.43
     215.000     0.990625      1302313       106.67
     217.000     0.992188      1303801       128.00
     219.000     0.992969      1305045       142.22
     221.000     0.993750      1306184       160.00
     223.000     0.994531      1307150       182.86
     225.000     0.995313      1307984       213.33
     228.000     0.996094      1309046       256.00
     230.000     0.996484      1309642       284.44
     232.000     0.996875      1310134       320.00
     234.000     0.997266      1310613       365.71
     236.000     0.997656      1311001       426.67
     239.000     0.998047      1311484       512.00
     241.000     0.998242      1311770       568.89
     243.000     0.998437      1312031       640.00
     245.000     0.998633      1312277       731.43
     247.000     0.998828      1312481       853.33
     250.000     0.999023      1312725      1024.00
     252.000     0.999121      1312875      1137.78
     254.000     0.999219      1312997      1280.00
     256.000     0.999316      1313109      1462.86
     259.000     0.999414      1313240      1706.67
     264.000     0.999512      1313393      2048.00
     266.000     0.999561      1313450      2275.56
     269.000     0.999609      1313508      2560.00
     273.000     0.999658      1313573      2925.71
     278.000     0.999707      1313623      3413.33
     288.000     0.999756      1313692      4096.00
     294.000     0.999780      1313722      4551.11
     305.000     0.999805      1313751      5120.00
     327.000     0.999829      1313781      5851.43
     402.000     0.999854      1313813      6826.67
     708.000     0.999878      1313845      8192.00
    1300.000     0.999890      1313861      9102.22
    2099.000     0.999902      1313877     10240.00
    2847.000     0.999915      1313893     11702.86
    5011.000     0.999927      1313909     13653.33
   15175.000     0.999939      1313925     16384.00
   18319.000     0.999945      1313933     18204.44
   19247.000     0.999951      1313941     20480.00
   20527.000     0.999957      1313949     23405.71
   30367.000     0.999963      1313957     27306.67
   34623.000     0.999969      1313966     32768.00
   35167.000     0.999973      1313969     36408.89
   35423.000     0.999976      1313973     40960.00
   36319.000     0.999979      1313978     46811.43
   38527.000     0.999982      1313981     54613.33
   39999.000     0.999985      1313985     65536.00
   40479.000     0.999986      1313988     72817.78
   40543.000     0.999988      1313989     81920.00
   41535.000     0.999989      1313991     93622.86
   42495.000     0.999991      1313993    109226.67
   43071.000     0.999992      1313995    131072.00
   43135.000     0.999993      1313996    145635.56
   43167.000     0.999994      1313997    163840.00
   43711.000     0.999995      1313998    187245.71
   43743.000     0.999995      1313999    218453.33
   43839.000     0.999996      1314000    262144.00
   44255.000     0.999997      1314001    291271.11
   44255.000     0.999997      1314001    327680.00
   50047.000     0.999997      1314003    374491.43
   50047.000     0.999998      1314003    436906.67
   50047.000     0.999998      1314003    524288.00
   50047.000     0.999998      1314003    582542.22
   50047.000     0.999998      1314003    655360.00
   51775.000     0.999999      1314004    748982.86
   51775.000     0.999999      1314004    873813.33
   51775.000     0.999999      1314004   1048576.00
   51775.000     0.999999      1314004   1165084.44
   51775.000     0.999999      1314004   1310720.00
   51807.000     0.999999      1314005   1497965.71
   51807.000     1.000000      1314005          inf
#[Mean    =      144.640, StdDeviation   =      263.213]
#[Max     =    51807.000, Total count    =      1314005]
#[Buckets =            6, SubBuckets     =         2048]
