       Value   Percentile   TotalCount 1/(1-Percentile)

    6307.000     0.000000            1         1.00
   11143.000     0.100000        83397         1.11
   11343.000     0.200000       166041         1.25
   11495.000     0.300000       248189         1.43
   11631.000     0.400000       325885         1.67
   11783.000     0.500000       408237         2.00
   11871.000     0.550000       446993         2.22
   11983.000     0.600000       489688         2.50
   12111.000     0.650000       529265         2.86
   12295.000     0.700000       569760         3.33
   12615.000     0.750000       609107         4.00
   12879.000     0.775000       629790         4.44
   13159.000     0.800000       649798         5.00
   13455.000     0.825000       670365         5.71
   13727.000     0.850000       690611         6.67
   14031.000     0.875000       710667         8.00
   14199.000     0.887500       721070         8.89
   14359.000     0.900000       731264        10.00
   14503.000     0.912500       741624        11.43
   14663.000     0.925000       751540        13.33
   14823.000     0.937500       761383        16.00
   14903.000     0.943750       766781        17.78
   14983.000     0.950000       771534        20.00
   15079.000     0.956250       777054        22.86
   15175.000     0.962500       781967        26.67
   15287.000     0.968750       786837        32.00
   15351.000     0.971875       789425        35.56
   15431.000     0.975000       791999        40.00
   15527.000     0.978125       794491        45.71
   15623.000     0.981250       796976        53.33
   15759.000     0.984375       799486        64.00
   15847.000     0.985938       800827        71.11
   15951.000     0.987500       801985        80.00
   16111.000     0.989062       803256        91.43
   16279.000     0.990625       804538       106.67
   16463.000     0.992188       805865       128.00
   16591.000     0.992969       806474       142.22
   16735.000     0.993750       807102       160.00
   16959.000     0.994531       807700       182.86
   17279.000     0.995313       808329       213.33
   18959.000     0.996094       808981       256.00
   19759.000     0.996484       809288       284.44
   20719.000     0.996875       809598       320.00
   21439.000     0.997266       809917       365.71
   21759.000     0.997656       810256       426.67
   22127.000     0.998047       810545       512.00
   22415.000     0.998242       810706       568.89
   22911.000     0.998437       810862       640.00
   24207.000     0.998633       811023       731.43
   24687.000     0.998828       811188       853.33
   25199.000     0.999023       811344      1024.00
   25327.000     0.999121       811421      1137.78
   25551.000     0.999219       811495      1280.00
   25807.000     0.999316       811577      1462.86
   26063.000     0.999414       811654      1706.67
   26303.000     0.999512       811736      2048.00
   26479.000     0.999561       811773      2275.56
   26751.000     0.999609       811812      2560.00
   26927.000     0.999658       811853      2925.71
   27087.000     0.999707       811894      3413.33
   27215.000     0.999756       811933      4096.00
   27327.000     0.999780       811951      4551.11
   27455.000     0.999805       811972      5120.00
   33247.000     0.999829       811991      5851.43
   33439.000     0.999854       812014      6826.67
   33567.000     0.999878       812033      8192.00
   36895.000     0.999890       812040      9102.22
   37119.000     0.999902       812055     10240.00
   42239.000     0.999915       812063     11702.86
   42335.000     0.999927       812072     13653.33
   42431.000     0.999939       812080     16384.00
   42463.000     0.999945       812085     18204.44
   42495.000     0.999951       812091     20480.00
   42559.000     0.999957       812096     23405.71
   42623.000     0.999963       812105     27306.67
   42623.000     0.999969       812105     32768.00
   42879.000     0.999973       812111     36408.89
   42879.000     0.999976       812111     40960.00
   42911.000     0.999979       812119     46811.43
   42911.000     0.999982       812119     54613.33
   42911.000     0.999985       812119     65536.00
   42911.000     0.999986       812119     72817.78
   42943.000     0.999988       812123     81920.00
   42943.000     0.999989       812123     93622.86
   42943.000     0.999991       812123    109226.67
   42943.000     0.999992       812123    131072.00
   42975.000     0.999993       812126    145635.56
   42975.000     0.999994       812126    163840.00
   42975.000     0.999995       812126    187245.71
   42975.000     0.999995       812126    218453.33
   42975.000     0.999996       812126    262144.00
   43007.000     0.999997       812129    291271.11
   43007.000     1.000000       812129          inf
#[Mean    =    12262.558, StdDeviation   =     1443.394]
#[Max     =    43007.000, Total count    =       812129]
#[Buckets =            6, SubBuckets     =         2048]
