       Value   Percentile   TotalCount 1/(1-Percentile)

      92.000     0.000000            1         1.00
     400.000     0.100000       761181         1.11
     522.000     0.200000      1523139         1.25
     650.000     0.300000      2277168         1.43
     821.000     0.400000      3037080         1.67
    1096.000     0.500000      3792495         2.00
    1311.000     0.550000      4171419         2.22
    1601.000     0.600000      4550913         2.50
    1986.000     0.650000      4930689         2.86
    2485.000     0.700000      5309794         3.33
    3121.000     0.750000      5688780         4.00
    3503.000     0.775000      5878474         4.44
    3937.000     0.800000      6067844         5.00
    4439.000     0.825000      6257600         5.71
    5039.000     0.850000      6447392         6.67
    5779.000     0.875000      6636858         8.00
    6219.000     0.887500      6731887         8.89
    6715.000     0.900000      6826284        10.00
    7299.000     0.912500      6921310        11.43
    8019.000     0.925000      7015867        13.33
    8967.000     0.937500      7110810        16.00
    9583.000     0.943750      7158303        17.78
   10351.000     0.950000      7205331        20.00
   11359.000     0.956250      7252691        22.86
   12775.000     0.962500      7300141        26.67
   14943.000     0.968750      7347471        32.00
   16575.000     0.971875      7371220        35.56
   18815.000     0.975000      7394797        40.00
   21999.000     0.978125      7418478        45.71
   26991.000     0.981250      7442226        53.33
   33951.000     0.984375      7465933        64.00
   37823.000     0.985938      7477763        71.11
   42719.000     0.987500      7489616        80.00
   50687.000     0.989062      7501430        91.43
   66687.000     0.990625      7513307       106.67
   85887.000     0.992188      7525136       128.00
   99135.000     0.992969      7531059       142.22
  118463.000     0.993750      7536998       160.00
  139007.000     0.994531      7542916       182.86
  162303.000     0.995313      7548836       213.33
  192767.000     0.996094      7554785       256.00
  206335.000     0.996484      7557724       284.44
  221055.000     0.996875      7560690       320.00
  238079.000     0.997266      7563673       365.71
  259327.000     0.997656      7566607       426.67
  296959.000     0.998047      7569589       512.00
  315647.000     0.998242      7571061       568.89
  331263.000     0.998437      7572536       640.00
  348159.000     0.998633      7574028       731.43
  372735.000     0.998828      7575493       853.33
  403967.000     0.999023      7576983      1024.00
  420607.000     0.999121      7577724      1137.78
  434431.000     0.999219      7578454      1280.00
  448255.000     0.999316      7579204      1462.86
  464383.000     0.999414      7579943      1706.67
  493311.000     0.999512      7580677      2048.00
  518143.000     0.999561      7581058      2275.56
  532991.000     0.999609      7581418      2560.00
  543231.000     0.999658      7581789      2925.71
  559103.000     0.999707      7582180      3413.33
  570367.000     0.999756      7582532      4096.00
  575487.000     0.999780      7582715      4551.11
  589311.000     0.999805      7582901      5120.00
  600575.000     0.999829      7583090      5851.43
  610303.000     0.999854      7583292      6826.67
  614911.000     0.999878      7583455      8192.00
  621567.000     0.999890      7583551      9102.22
  625663.000     0.999902      7583645     10240.00
  634879.000     0.999915      7583733     11702.86
  647167.000     0.999927      7583823     13653.33
  653311.000     0.999939      7583916     16384.00
  655871.000     0.999945      7583969     18204.44
  659967.000     0.999951      7584009     20480.00
  669695.000     0.999957      7584054     23405.71
  839167.000     0.999963      7584102     27306.67
  889855.000     0.999969      7584148     32768.00
  894463.000     0.999973      7584170     36408.89
  920063.000     0.999976      7584193     40960.00
  923135.000     0.999979      7584216     46811.43
 1074175.000     0.999982      7584240     54613.33
 1076223.000     0.999985      7584267     65536.00
 1078271.000     0.999986      7584274     72817.78
 1080319.000     0.999988      7584288     81920.00
 1326079.000     0.999989      7584300     93622.86
 1327103.000     0.999991      7584312    109226.67
 1328127.000     0.999992      7584325    131072.00
 1329151.000     0.999993      7584339    145635.56
 1329151.000     0.999994      7584339    163840.00
 1329151.000     0.999995      7584339    187245.71
 1330175.000     0.999995      7584357    218453.33
 1330175.000     0.999996      7584357    262144.00
 1330175.000     0.999997      7584357    291271.11
 1330175.000     0.999997      7584357    327680.00
 1331199.000     0.999997      7584369    374491.43
 1331199.000     0.999998      7584369    436906.67
 1331199.000     0.999998      7584369    524288.00
 1331199.000     0.999998      7584369    582542.22
 1331199.000     0.999998      7584369    655360.00
 1331199.000     0.999999      7584369    748982.86
 1332223.000     0.999999      7584370    873813.33
 1391615.000     0.999999      7584371   1048576.00
 1394687.000     0.999999      7584372   1165084.44
 1434623.000     0.999999      7584373   1310720.00
 1434623.000     0.999999      7584373   1497965.71
 1435647.000     0.999999      7584375   1747626.67
 1435647.000     1.000000      7584375   2097152.00
 1435647.000     1.000000      7584375   2330168.89
 1436671.000     1.000000      7584376   2621440.00
 1436671.000     1.000000      7584376   2995931.43
 1436671.000     1.000000      7584376   3495253.33
 1446911.000     1.000000      7584377   4194304.00
 1446911.000     1.000000      7584377   4660337.78
 1446911.000     1.000000      7584377   5242880.00
 1446911.000     1.000000      7584377   5991862.86
 1446911.000     1.000000      7584377   6990506.67
 1622015.000     1.000000      7584378   8388608.00
 1622015.000     1.000000      7584378          inf
#[Mean    =     4660.106, StdDeviation   =    24573.725]
#[Max     =  1622015.000, Total count    =      7584378]
#[Buckets =           11, SubBuckets     =         2048]
