       Value   Percentile   TotalCount 1/(1-Percentile)

      94.000     0.000000            1         1.00
     654.000     0.100000       765977         1.11
     883.000     0.200000      1528355         1.25
    1148.000     0.300000      2292085         1.43
    1528.000     0.400000      3052925         1.67
    2247.000     0.500000      3816283         2.00
    2955.000     0.550000      4197999         2.22
    4115.000     0.600000      4579605         2.50
    5799.000     0.650000      4961077         2.86
    7771.000     0.700000      5342785         3.33
    9911.000     0.750000      5725027         4.00
   11119.000     0.775000      5915831         4.44
   12471.000     0.800000      6106061         5.00
   14015.000     0.825000      6296541         5.71
   15871.000     0.850000      6487901         6.67
   18175.000     0.875000      6679106         8.00
   19567.000     0.887500      6774444         8.89
   21215.000     0.900000      6869476        10.00
   23183.000     0.912500      6964698        11.43
   25567.000     0.925000      7060078        13.33
   28591.000     0.937500      7155200        16.00
   30495.000     0.943750      7202833        17.78
   32559.000     0.950000      7250588        20.00
   35007.000     0.956250      7298578        22.86
   37823.000     0.962500      7346098        26.67
   41247.000     0.968750      7393915        32.00
   43231.000     0.971875      7417451        35.56
   45567.000     0.975000      7441568        40.00
   48191.000     0.978125      7465152        45.71
   51295.000     0.981250      7489030        53.33
   54911.000     0.984375      7512870        64.00
   56991.000     0.985938      7524840        71.11
   59423.000     0.987500      7536709        80.00
   62271.000     0.989062      7548606        91.43
   65599.000     0.990625      7560516       106.67
   69695.000     0.992188      7572478       128.00
   72127.000     0.992969      7578513       142.22
   74687.000     0.993750      7584364       160.00
   77631.000     0.994531      7590438       182.86
   81087.000     0.995313      7596303       213.33
   85183.000     0.996094      7602286       256.00
   87295.000     0.996484      7605255       284.44
   89663.000     0.996875      7608252       320.00
   92415.000     0.997266      7611251       365.71
   95679.000     0.997656      7614219       426.67
   99519.000     0.998047      7617167       512.00
  101823.000     0.998242      7618679       568.89
  104191.000     0.998437      7620175       640.00
  107071.000     0.998633      7621636       731.43
  110527.000     0.998828      7623125       853.33
  114879.000     0.999023      7624622      1024.00
  117183.000     0.999121      7625359      1137.78
  120127.000     0.999219      7626112      1280.00
  123263.000     0.999316      7626851      1462.86
  126463.000     0.999414      7627598      1706.67
  130047.000     0.999512      7628336      2048.00
  131967.000     0.999561      7628713      2275.56
  134271.000     0.999609      7629085      2560.00
  136575.000     0.999658      7629456      2925.71
  139135.000     0.999707      7629841      3413.33
  142463.000     0.999756      7630207      4096.00
  144639.000     0.999780      7630391      4551.11
  146815.000     0.999805      7630576      5120.00
  149375.000     0.999829      7630768      5851.43
  152191.000     0.999854      7630948      6826.67
  156287.000     0.999878      7631135      8192.00
  158847.000     0.999890      7631229      9102.22
  161919.000     0.999902      7631321     10240.00
  164863.000     0.999915      7631412     11702.86
  167167.000     0.999927      7631505     13653.33
  170623.000     0.999939      7631600     16384.00
  174335.000     0.999945      7631643     18204.44
  175615.000     0.999951      7631692     20480.00
  176895.000     0.999957      7631738     23405.71
  179071.000     0.999963      7631790     27306.67
  179711.000     0.999969      7631849     32768.00
  179839.000     0.999973      7631872     36408.89
  179967.000     0.999976      7631876     40960.00
  181119.000     0.999979      7631902     46811.43
  182783.000     0.999982      7631923     54613.33
  185855.000     0.999985      7631946     65536.00
  186879.000     0.999986      7631958     72817.78
  187263.000     0.999988      7631969     81920.00
  187903.000     0.999989      7631981     93622.86
  188159.000     0.999991      7631993    109226.67
  188543.000     0.999992      7632006    131072.00
  188671.000     0.999993      7632011    145635.56
  189055.000     0.999994      7632016    163840.00
  189567.000     0.999995      7632023    187245.71
  190719.000     0.999995      7632028    218453.33
  192127.000     0.999996      7632033    262144.00
  192639.000     0.999997      7632037    291271.11
  193407.000     0.999997      7632039    327680.00
  194175.000     0.999997      7632044    374491.43
  194303.000     0.999998      7632047    436906.67
  194431.000     0.999998      7632048    524288.00
  195327.000     0.999998      7632049    582542.22
  195711.000     0.999998      7632052    655360.00
  195711.000     0.999999      7632052    748982.86
  195839.000     0.999999      7632054    873813.33
  195967.000     0.999999      7632055   1048576.00
  196095.000     0.999999      7632056   1165084.44
  196223.000     0.999999      7632059   1310720.00
  196223.000     0.999999      7632059   1497965.71
  196223.000     0.999999      7632059   1747626.67
  196223.000     1.000000      7632059   2097152.00
  196223.000     1.000000      7632059   2330168.89
  196351.000     1.000000      7632061   2621440.00
  196351.000     1.000000      7632061   2995931.43
  196351.000     1.000000      7632061   3495253.33
  196351.000     1.000000      7632061   4194304.00
  196351.000     1.000000      7632061   4660337.78
  196351.000     1.000000      7632061   5242880.00
  196351.000     1.000000      7632061   5991862.86
  196351.000     1.000000      7632061   6990506.67
  231295.000     1.000000      7632062   8388608.00
  231295.000     1.000000      7632062          inf
#[Mean    =     7961.363, StdDeviation   =    13078.976]
#[Max     =   231295.000, Total count    =      7632062]
#[Buckets =            8, SubBuckets     =         2048]
