       Value   Percentile   TotalCount 1/(1-Percentile)

     106.000     0.000000            1         1.00
     492.000     0.100000       413022         1.11
    1026.000     0.200000       825656         1.25
    5643.000     0.300000      1238297         1.43
   12599.000     0.400000      1651121         1.67
   18095.000     0.500000      2063711         2.00
   20127.000     0.550000      2270352         2.22
   21903.000     0.600000      2477589         2.50
   23407.000     0.650000      2684302         2.86
   24959.000     0.700000      2890507         3.33
   26607.000     0.750000      3097409         4.00
   27455.000     0.775000      3198730         4.44
   28351.000     0.800000      3302294         5.00
   29215.000     0.825000      3406149         5.71
   30223.000     0.850000      3508339         6.67
   31551.000     0.875000      3611623         8.00
   32287.000     0.887500      3663671         8.89
   33151.000     0.900000      3715901        10.00
   34143.000     0.912500      3766317        11.43
   35231.000     0.925000      3818546        13.33
   36383.000     0.937500      3869678        16.00
   37023.000     0.943750      3895340        17.78
   37823.000     0.950000      3921690        20.00
   38719.000     0.956250      3946757        22.86
   39839.000     0.962500      3972839        26.67
   41247.000     0.968750      3998659        32.00
   41983.000     0.971875      4011586        35.56
   42751.000     0.975000      4024231        40.00
   43615.000     0.978125      4037251        45.71
   44735.000     0.981250      4049972        53.33
   45887.000     0.984375      4062937        64.00
   46719.000     0.985938      4069309        71.11
   48255.000     0.987500      4075704        80.00
   51775.000     0.989062      4082109        91.43
   57279.000     0.990625      4088577       106.67
   71999.000     0.992188      4095009       128.00
   92031.000     0.992969      4098230       142.22
  126847.000     0.993750      4101447       160.00
  154495.000     0.994531      4104692       182.86
  174207.000     0.995313      4107904       213.33
  192639.000     0.996094      4111122       256.00
  202751.000     0.996484      4112735       284.44
  213887.000     0.996875      4114346       320.00
  223999.000     0.997266      4115969       365.71
  233471.000     0.997656      4117577       426.67
  243071.000     0.998047      4119184       512.00
  249727.000     0.998242      4119993       568.89
  257279.000     0.998437      4120794       640.00
  265983.000     0.998633      4121615       731.43
  276735.000     0.998828      4122410       853.33
  287487.000     0.999023      4123216      1024.00
  293631.000     0.999121      4123624      1137.78
  302591.000     0.999219      4124026      1280.00
  308735.000     0.999316      4124450      1462.86
  318719.000     0.999414      4124824      1706.67
  329727.000     0.999512      4125241      2048.00
  334079.000     0.999561      4125434      2275.56
  338431.000     0.999609      4125639      2560.00
  342783.000     0.999658      4125850      2925.71
  347903.000     0.999707      4126037      3413.33
  355327.000     0.999756      4126235      4096.00
  359679.000     0.999780      4126336      4551.11
  363775.000     0.999805      4126436      5120.00
  369919.000     0.999829      4126540      5851.43
  374783.000     0.999854      4126639      6826.67
  379903.000     0.999878      4126746      8192.00
  381695.000     0.999890      4126790      9102.22
  383999.000     0.999902      4126840     10240.00
  385535.000     0.999915      4126893     11702.86
  387071.000     0.999927      4126949     13653.33
  388351.000     0.999939      4126995     16384.00
  389375.000     0.999945      4127024     18204.44
  390399.000     0.999951      4127050     20480.00
  391423.000     0.999957      4127067     23405.71
  392959.000     0.999963      4127095     27306.67
  394239.000     0.999969      4127121     32768.00
  394751.000     0.999973      4127132     36408.89
  395519.000     0.999976      4127143     40960.00
  396799.000     0.999979      4127157     46811.43
  399103.000     0.999982      4127169     54613.33
  401919.000     0.999985      4127180     65536.00
  404479.000     0.999986      4127186     72817.78
  406783.000     0.999988      4127192     81920.00
  411903.000     0.999989      4127198     93622.86
  416511.000     0.999991      4127205    109226.67
  420095.000     0.999992      4127211    131072.00
  421631.000     0.999993      4127214    145635.56
  425471.000     0.999994      4127217    163840.00
  431359.000     0.999995      4127220    187245.71
  437503.000     0.999995      4127224    218453.33
  442623.000     0.999996      4127227    262144.00
  443391.000     0.999997      4127228    291271.11
  445951.000     0.999997      4127230    327680.00
  447487.000     0.999997      4127231    374491.43
  450303.000     0.999998      4127233    436906.67
  452351.000     0.999998      4127235    524288.00
  452351.000     0.999998      4127235    582542.22
  453119.000     0.999998      4127236    655360.00
  454911.000     0.999999      4127237    748982.86
  455935.000     0.999999      4127238    873813.33
  456959.000     0.999999      4127239   1048576.00
  456959.000     0.999999      4127239   1165084.44
  456959.000     0.999999      4127239   1310720.00
  457983.000     0.999999      4127240   1497965.71
  457983.000     0.999999      4127240   1747626.67
  458495.000     1.000000      4127241   2097152.00
  458495.000     1.000000      4127241   2330168.89
  458495.000     1.000000      4127241   2621440.00
  458495.000     1.000000      4127241   2995931.43
  458495.000     1.000000      4127241   3495253.33
  459519.000     1.000000      4127242   4194304.00
  459519.000     1.000000      4127242          inf
#[Mean    =    18067.172, StdDeviation   =    21389.544]
#[Max     =   459519.000, Total count    =      4127242]
#[Buckets =            9, SubBuckets     =         2048]
