       Value   Percentile   TotalCount 1/(1-Percentile)

      54.000     0.000000            1         1.00
     601.000     0.100000       767264         1.11
    1031.000     0.200000      1535855         1.25
    1534.000     0.300000      2302625         1.43
    2123.000     0.400000      3069954         1.67
    2809.000     0.500000      3836016         2.00
    3201.000     0.550000      4219551         2.22
    3631.000     0.600000      4603695         2.50
    4107.000     0.650000      4989497         2.86
    4639.000     0.700000      5372680         3.33
    5243.000     0.750000      5754132         4.00
    5583.000     0.775000      5946226         4.44
    5959.000     0.800000      6138517         5.00
    6371.000     0.825000      6330225         5.71
    6835.000     0.850000      6521489         6.67
    7375.000     0.875000      6713165         8.00
    7683.000     0.887500      6808988         8.89
    8023.000     0.900000      6904869        10.00
    8407.000     0.912500      7001067        11.43
    8847.000     0.925000      7097527        13.33
    9359.000     0.937500      7193006        16.00
    9655.000     0.943750      7241292        17.78
    9983.000     0.950000      7289078        20.00
   10359.000     0.956250      7336845        22.86
   10783.000     0.962500      7384394        26.67
   11287.000     0.968750      7432501        32.00
   11575.000     0.971875      7456610        35.56
   11887.000     0.975000      7480084        40.00
   12247.000     0.978125      7504472        45.71
   12655.000     0.981250      7528261        53.33
   13143.000     0.984375      7552332        64.00
   13415.000     0.985938      7564083        71.11
   13719.000     0.987500      7576122        80.00
   14055.000     0.989062      7588163        91.43
   14431.000     0.990625      7600076       106.67
   14871.000     0.992188      7611986       128.00
   15127.000     0.992969      7617979       142.22
   15415.000     0.993750      7624003       160.00
   15727.000     0.994531      7629953       182.86
   16087.000     0.995313      7635928       213.33
   16511.000     0.996094      7641910       256.00
   16751.000     0.996484      7645007       284.44
   17007.000     0.996875      7647941       320.00
   17295.000     0.997266      7650967       365.71
   17631.000     0.997656      7653902       426.67
   18031.000     0.998047      7656906       512.00
   18255.000     0.998242      7658380       568.89
   18511.000     0.998437      7659868       640.00
   18815.000     0.998633      7661370       731.43
   19135.000     0.998828      7662893       853.33
   19519.000     0.999023      7664391      1024.00
   19743.000     0.999121      7665153      1137.78
   19983.000     0.999219      7665898      1280.00
   20271.000     0.999316      7666647      1462.86
   20575.000     0.999414      7667366      1706.67
   20975.000     0.999512      7668109      2048.00
   21215.000     0.999561      7668489      2275.56
   21471.000     0.999609      7668865      2560.00
   21711.000     0.999658      7669234      2925.71
   21999.000     0.999707      7669610      3413.33
   22367.000     0.999756      7669990      4096.00
   22591.000     0.999780      7670171      4551.11
   22863.000     0.999805      7670359      5120.00
   23135.000     0.999829      7670549      5851.43
   23407.000     0.999854      7670739      6826.67
   23695.000     0.999878      7670923      8192.00
   23903.000     0.999890      7671013      9102.22
   24143.000     0.999902      7671106     10240.00
   24511.000     0.999915      7671203     11702.86
   24863.000     0.999927      7671297     13653.33
   25279.000     0.999939      7671390     16384.00
   25551.000     0.999945      7671436     18204.44
   25807.000     0.999951      7671481     20480.00
   26191.000     0.999957      7671528     23405.71
   26655.000     0.999963      7671575     27306.67
   27167.000     0.999969      7671621     32768.00
   27599.000     0.999973      7671646     36408.89
   28127.000     0.999976      7671669     40960.00
   29375.000     0.999979      7671692     46811.43
   30687.000     0.999982      7671716     54613.33
   31647.000     0.999985      7671738     65536.00
   32655.000     0.999986      7671750     72817.78
   35743.000     0.999988      7671762     81920.00
   40415.000     0.999989      7671774     93622.86
   44511.000     0.999991      7671785    109226.67
   46015.000     0.999992      7671797    131072.00
   46175.000     0.999993      7671803    145635.56
   46367.000     0.999994      7671809    163840.00
   46783.000     0.999995      7671815    187245.71
   48383.000     0.999995      7671820    218453.33
   48831.000     0.999996      7671827    262144.00
   48991.000     0.999997      7671831    291271.11
   49023.000     0.999997      7671833    327680.00
   49087.000     0.999997      7671837    374491.43
   49247.000     0.999998      7671838    436906.67
   49375.000     0.999998      7671841    524288.00
   49535.000     0.999998      7671842    582542.22
   50463.000     0.999998      7671844    655360.00
   50815.000     0.999999      7671847    748982.86
   50815.000     0.999999      7671847    873813.33
   50847.000     0.999999      7671848   1048576.00
   51359.000     0.999999      7671849   1165084.44
   51423.000     0.999999      7671850   1310720.00
   51423.000     0.999999      7671850   1497965.71
   51455.000     0.999999      7671851   1747626.67
   51487.000     1.000000      7671852   2097152.00
   51487.000     1.000000      7671852   2330168.89
   51519.000     1.000000      7671853   2621440.00
   51519.000     1.000000      7671853   2995931.43
   51519.000     1.000000      7671853   3495253.33
   51551.000     1.000000      7671854   4194304.00
   51551.000     1.000000      7671854   4660337.78
   51551.000     1.000000      7671854   5242880.00
   51551.000     1.000000      7671854   5991862.86
   51551.000     1.000000      7671854   6990506.67
   51871.000     1.000000      7671855   8388608.00
   51871.000     1.000000      7671855          inf
#[Mean    =     3697.173, StdDeviation   =     3169.739]
#[Max     =    51871.000, Total count    =      7671855]
#[Buckets =            6, SubBuckets     =         2048]
