       Value   Percentile   TotalCount 1/(1-Percentile)

    1423.000     0.000000            1         1.00
    8695.000     0.100000       110337         1.11
    8967.000     0.200000       217594         1.25
    9127.000     0.300000       336561         1.43
    9175.000     0.400000       457568         1.67
    9199.000     0.500000       547324         2.00
    9215.000     0.550000       609463         2.22
    9231.000     0.600000       671026         2.50
    9247.000     0.650000       728377         2.86
    9263.000     0.700000       777706         3.33
    9279.000     0.750000       817624         4.00
    9295.000     0.775000       848518         4.44
    9311.000     0.800000       874508         5.00
    9327.000     0.825000       896818         5.71
    9351.000     0.850000       924573         6.67
    9383.000     0.875000       951760         8.00
    9399.000     0.887500       962738         8.89
    9423.000     0.900000       974620        10.00
    9471.000     0.912500       987869        11.43
    9535.000     0.925000      1001493        13.33
    9631.000     0.937500      1014699        16.00
    9735.000     0.943750      1021574        17.78
   10135.000     0.950000      1027999        20.00
   11295.000     0.956250      1034732        22.86
   11615.000     0.962500      1041659        26.67
   11855.000     0.968750      1048600        32.00
   11927.000     0.971875      1051795        35.56
   12007.000     0.975000      1055261        40.00
   12095.000     0.978125      1058478        45.71
   12183.000     0.981250      1062087        53.33
   12255.000     0.984375      1065241        64.00
   12303.000     0.985938      1067126        71.11
   12335.000     0.987500      1068585        80.00
   12375.000     0.989062      1070448        91.43
   12415.000     0.990625      1072170       106.67
   12447.000     0.992188      1073671       128.00
   12471.000     0.992969      1074733       142.22
   12487.000     0.993750      1075473       160.00
   12511.000     0.994531      1076414       182.86
   12527.000     0.995313      1077017       213.33
   12559.000     0.996094      1078065       256.00
   12567.000     0.996484      1078372       284.44
   12583.000     0.996875      1078950       320.00
   12591.000     0.997266      1079115       365.71
   12615.000     0.997656      1079669       426.67
   12639.000     0.998047      1080060       512.00
   12655.000     0.998242      1080291       568.89
   12671.000     0.998437      1080443       640.00
   12687.000     0.998633      1080642       731.43
   12711.000     0.998828      1080863       853.33
   12735.000     0.999023      1081068      1024.00
   12751.000     0.999121      1081120      1137.78
   12783.000     0.999219      1081243      1280.00
   12823.000     0.999316      1081336      1462.86
   12903.000     0.999414      1081441      1706.67
   12951.000     0.999512      1081550      2048.00
   13023.000     0.999561      1081594      2275.56
   13183.000     0.999609      1081653      2560.00
   13367.000     0.999658      1081709      2925.71
   13647.000     0.999707      1081751      3413.33
   14087.000     0.999756      1081804      4096.00
   14335.000     0.999780      1081831      4551.11
   15879.000     0.999805      1081857      5120.00
   15903.000     0.999829      1081884      5851.43
   15967.000     0.999854      1081926      6826.67
   15975.000     0.999878      1081948      8192.00
   15983.000     0.999890      1081964      9102.22
   15983.000     0.999902      1081964     10240.00
   16023.000     0.999915      1081977     11702.86
   16031.000     0.999927      1082006     13653.33
   16031.000     0.999939      1082006     16384.00
   16039.000     0.999945      1082017     18204.44
   16039.000     0.999951      1082017     20480.00
   16047.000     0.999957      1082029     23405.71
   16047.000     0.999963      1082029     27306.67
   16055.000     0.999969      1082045     32768.00
   16055.000     0.999973      1082045     36408.89
   16055.000     0.999976      1082045     40960.00
   16055.000     0.999979      1082045     46811.43
   16119.000     0.999982      1082066     54613.33
   16119.000     0.999985      1082066     65536.00
   16119.000     0.999986      1082066     72817.78
   16119.000     0.999988      1082066     81920.00
   16119.000     0.999989      1082066     93622.86
   16119.000     0.999991      1082066    109226.67
   16119.000     0.999992      1082066    131072.00
   16119.000     0.999993      1082066    145635.56
   16119.000     0.999994      1082066    163840.00
   16119.000     0.999995      1082066    187245.71
   16119.000     0.999995      1082066    218453.33
   16119.000     0.999996      1082066    262144.00
   16119.000     0.999997      1082066    291271.11
   16119.000     0.999997      1082066    327680.00
   16119.000     0.999997      1082066    374491.43
   16119.000     0.999998      1082066    436906.67
   16119.000     0.999998      1082066    524288.00
   16127.000     0.999998      1082068    582542.22
   16127.000     1.000000      1082068          inf
#[Mean    =     9237.738, StdDeviation   =      731.891]
#[Max     =    16127.000, Total count    =      1082068]
#[Buckets =            4, SubBuckets     =         2048]
