       Value   Percentile   TotalCount 1/(1-Percentile)

      70.000     0.000000            2         1.00
     108.000     0.100000       138747         1.11
     116.000     0.200000       265621         1.25
     123.000     0.300000       401821         1.43
     129.000     0.400000       526040         1.67
     136.000     0.500000       668218         2.00
     139.000     0.550000       725963         2.22
     143.000     0.600000       796716         2.50
     147.000     0.650000       861548         2.86
     151.000     0.700000       919149         3.33
     157.000     0.750000       992832         4.00
     160.000     0.775000      1023836         4.44
     163.000     0.800000      1051945         5.00
     167.000     0.825000      1084639         5.71
     172.000     0.850000      1119059         6.67
     177.000     0.875000      1147883         8.00
     181.000     0.887500      1167127         8.89
     184.000     0.900000      1179711        10.00
     189.000     0.912500      1197470        11.43
     194.000     0.925000      1212091        13.33
     201.000     0.937500      1228524        16.00
     206.000     0.943750      1237731        17.78
     211.000     0.950000      1245679        20.00
     217.000     0.956250      1253564        22.86
     224.000     0.962500      1261063        26.67
     234.000     0.968750      1269440        32.00
     240.000     0.971875      1273470        35.56
     247.000     0.975000      1277310        40.00
     256.000     0.978125      1281392        45.71
     268.000     0.981250      1285509        53.33
     284.000     0.984375      1289555        64.00
     295.000     0.985938      1291689        71.11
     307.000     0.987500      1293645        80.00
     322.000     0.989062      1295780        91.43
     339.000     0.990625      1297739       106.67
     359.000     0.992188      1299855       128.00
     369.000     0.992969      1300887       142.22
     378.000     0.993750      1301844       160.00
     389.000     0.994531      1302911       182.86
     400.000     0.995313      1303918       213.33
     412.000     0.996094      1304919       256.00
     419.000     0.996484      1305440       284.44
     425.000     0.996875      1305908       320.00
     433.000     0.997266      1306429       365.71
     442.000     0.997656      1306968       426.67
     451.000     0.998047      1307454       512.00
     456.000     0.998242      1307700       568.89
     462.000     0.998437      1307980       640.00
     469.000     0.998633      1308222       731.43
     477.000     0.998828      1308505       853.33
     484.000     0.999023      1308723      1024.00
     490.000     0.999121      1308872      1137.78
     495.000     0.999219      1308988      1280.00
     502.000     0.999316      1309116      1462.86
     510.000     0.999414      1309244      1706.67
     521.000     0.999512      1309372      2048.00
     526.000     0.999561      1309433      2275.56
     532.000     0.999609      1309495      2560.00
     540.000     0.999658      1309559      2925.71
     549.000     0.999707      1309625      3413.33
     557.000     0.999756      1309689      4096.00
     564.000     0.999780      1309716      4551.11
     573.000     0.999805      1309752      5120.00
     580.000     0.999829      1309781      5851.43
     590.000     0.999854      1309811      6826.67
     600.000     0.999878      1309844      8192.00
     605.000     0.999890      1309858      9102.22
     612.000     0.999902      1309874     10240.00
     620.000     0.999915      1309890     11702.86
     627.000     0.999927      1309910     13653.33
     639.000     0.999939      1309923     16384.00
     646.000     0.999945      1309930     18204.44
     651.000     0.999951      1309938     20480.00
     656.000     0.999957      1309946     23405.71
     665.000     0.999963      1309954     27306.67
     672.000     0.999969      1309963     32768.00
     680.000     0.999973      1309966     36408.89
     695.000     0.999976      1309970     40960.00
     709.000     0.999979      1309974     46811.43
     711.000     0.999982      1309978     54613.33
     730.000     0.999985      1309982     65536.00
     735.000     0.999986      1309984     72817.78
     747.000     0.999988      1309986     81920.00
     775.000     0.999989      1309988     93622.86
     794.000     0.999991      1309990    109226.67
     813.000     0.999992      1309992    131072.00
     816.000     0.999993      1309993    145635.56
     824.000     0.999994      1309994    163840.00
     857.000     0.999995      1309995    187245.71
     864.000     0.999995      1309996    218453.33
     880.000     0.999996      1309997    262144.00
     880.000     0.999997      1309997    291271.11
     906.000     0.999997      1309998    327680.00
     906.000     0.999997      1309998    374491.43
     987.000     0.999998      1309999    436906.67
     987.000     0.999998      1309999    524288.00
     987.000     0.999998      1309999    582542.22
    1220.000     0.999998      1310000    655360.00
    1220.000     0.999999      1310000    748982.86
    1220.000     0.999999      1310000    873813.33
    1220.000     0.999999      1310000   1048576.00
    1220.000     0.999999      1310000   1165084.44
    1243.000     0.999999      1310001   1310720.00
    1243.000     1.000000      1310001          inf
#[Mean    =      144.339, StdDeviation   =       42.708]
#[Max     =     1243.000, Total count    =      1310001]
#[Buckets =            1, SubBuckets     =         2048]
