       Value   Percentile   TotalCount 1/(1-Percentile)

      60.000     0.000000            1         1.00
     462.000     0.100000       673680         1.11
     891.000     0.200000      1346250         1.25
    1564.000     0.300000      2019472         1.43
    2527.000     0.400000      2692701         1.67
    3745.000     0.500000      3365374         2.00
    4431.000     0.550000      3702528         2.22
    5159.000     0.600000      4039220         2.50
    5927.000     0.650000      4375238         2.86
    6755.000     0.700000      4710846         3.33
    7659.000     0.750000      5048303         4.00
    8147.000     0.775000      5216123         4.44
    8671.000     0.800000      5384417         5.00
    9231.000     0.825000      5552352         5.71
    9855.000     0.850000      5721984         6.67
   10543.000     0.875000      5888544         8.00
   10935.000     0.887500      5973729         8.89
   11351.000     0.900000      6057549        10.00
   11807.000     0.912500      6141257        11.43
   12319.000     0.925000      6225541        13.33
   12903.000     0.937500      6309549        16.00
   13231.000     0.943750      6351549        17.78
   13583.000     0.950000      6393192        20.00
   13983.000     0.956250      6435674        22.86
   14423.000     0.962500      6477282        26.67
   14935.000     0.968750      6519577        32.00
   15231.000     0.971875      6540811        35.56
   15551.000     0.975000      6561796        40.00
   15903.000     0.978125      6582571        45.71
   16303.000     0.981250      6603501        53.33
   16783.000     0.984375      6624522        64.00
   17055.000     0.985938      6634973        71.11
   17375.000     0.987500      6645840        80.00
   17711.000     0.989062      6656148        91.43
   18111.000     0.990625      6666693       106.67
   18591.000     0.992188      6677276       128.00
   18847.000     0.992969      6682432       142.22
   19135.000     0.993750      6687635       160.00
   19471.000     0.994531      6693017       182.86
   19855.000     0.995313      6698232       213.33
   20319.000     0.996094      6703340       256.00
   20591.000     0.996484      6706034       284.44
   20879.000     0.996875      6708656       320.00
   21215.000     0.997266      6711199       365.71
   21647.000     0.997656      6713908       426.67
   22159.000     0.998047      6716462       512.00
   22495.000     0.998242      6717804       568.89
   22895.000     0.998437      6719107       640.00
   23343.000     0.998633      6720431       731.43
   23919.000     0.998828      6721713       853.33
   24815.000     0.999023      6723039      1024.00
   25519.000     0.999121      6723695      1137.78
   26639.000     0.999219      6724356      1280.00
   28655.000     0.999316      6725000      1462.86
   33791.000     0.999414      6725656      1706.67
   44191.000     0.999512      6726314      2048.00
   50271.000     0.999561      6726643      2275.56
   57151.000     0.999609      6726972      2560.00
   63135.000     0.999658      6727301      2925.71
   69183.000     0.999707      6727633      3413.33
   75647.000     0.999756      6727959      4096.00
   78911.000     0.999780      6728126      4551.11
   81855.000     0.999805      6728289      5120.00
   85567.000     0.999829      6728453      5851.43
   88639.000     0.999854      6728619      6826.67
   92287.000     0.999878      6728781      8192.00
   93759.000     0.999890      6728861      9102.22
   95103.000     0.999902      6728942     10240.00
   96191.000     0.999915      6729026     11702.86
   97407.000     0.999927      6729109     13653.33
   98303.000     0.999939      6729189     16384.00
   99071.000     0.999945      6729235     18204.44
   99583.000     0.999951      6729272     20480.00
  100159.000     0.999957      6729314     23405.71
  100671.000     0.999963      6729355     27306.67
  101247.000     0.999969      6729400     32768.00
  101503.000     0.999973      6729418     36408.89
  101759.000     0.999976      6729435     40960.00
  102271.000     0.999979      6729459     46811.43
  102591.000     0.999982      6729480     54613.33
  102975.000     0.999985      6729497     65536.00
  103231.000     0.999986      6729512     72817.78
  103359.000     0.999988      6729519     81920.00
  103487.000     0.999989      6729529     93622.86
  103679.000     0.999991      6729540    109226.67
  103871.000     0.999992      6729548    131072.00
  104575.000     0.999993      6729553    145635.56
  104895.000     0.999994      6729561    163840.00
  105855.000     0.999995      6729564    187245.71
  107199.000     0.999995      6729571    218453.33
  107519.000     0.999996      6729575    262144.00
  107583.000     0.999997      6729576    291271.11
  108159.000     0.999997      6729579    327680.00
  108479.000     0.999997      6729584    374491.43
  108479.000     0.999998      6729584    436906.67
  109567.000     0.999998      6729589    524288.00
  109567.000     0.999998      6729589    582542.22
  109567.000     0.999998      6729589    655360.00
  109823.000     0.999999      6729592    748982.86
  109823.000     0.999999      6729592    873813.33
  109887.000     0.999999      6729593   1048576.00
  110399.000     0.999999      6729594   1165084.44
  110399.000     0.999999      6729594   1310720.00
  110975.000     0.999999      6729595   1497965.71
  111039.000     0.999999      6729596   1747626.67
  111039.000     1.000000      6729596   2097152.00
  111231.000     1.000000      6729597   2330168.89
  111231.000     1.000000      6729597   2621440.00
  111231.000     1.000000      6729597   2995931.43
  111295.000     1.000000      6729598   3495253.33
  111295.000     1.000000      6729598   4194304.00
  111295.000     1.000000      6729598   4660337.78
  111295.000     1.000000      6729598   5242880.00
  111295.000     1.000000      6729598   5991862.86
  111359.000     1.000000      6729599   6990506.67
  111359.000     1.000000      6729599          inf
#[Mean    =     4983.323, StdDeviation   =     4699.527]
#[Max     =   111359.000, Total count    =      6729599]
#[Buckets =            7, SubBuckets     =         2048]
