       Value   Percentile   TotalCount 1/(1-Percentile)

      59.000     0.000000            2         1.00
      83.000     0.100000       181263         1.11
      90.000     0.200000       342573         1.25
      95.000     0.300000       510015         1.43
     100.000     0.400000       684829         1.67
     105.000     0.500000       841246         2.00
     107.000     0.550000       900159         2.22
     110.000     0.600000       992393         2.50
     113.000     0.650000      1080521         2.86
     116.000     0.700000      1150508         3.33
     121.000     0.750000      1234566         4.00
     124.000     0.775000      1276311         4.44
     127.000     0.800000      1313109         5.00
     131.000     0.825000      1350384         5.71
     136.000     0.850000      1387925         6.67
     143.000     0.875000      1429714         8.00
     147.000     0.887500      1449134         8.89
     152.000     0.900000      1469787        10.00
     157.000     0.912500      1491865        11.43
     160.000     0.925000      1510008        13.33
     165.000     0.937500      1531884        16.00
     168.000     0.943750      1540669        17.78
     172.000     0.950000      1550486        20.00
     176.000     0.956250      1560652        22.86
     181.000     0.962500      1571870        26.67
     186.000     0.968750      1581123        32.00
     189.000     0.971875      1586049        35.56
     193.000     0.975000      1591709        40.00
     197.000     0.978125      1596595        45.71
     202.000     0.981250      1602125        53.33
     207.000     0.984375      1606807        64.00
     210.000     0.985938      1609087        71.11
     214.000     0.987500      1612043        80.00
     218.000     0.989062      1614370        91.43
     223.000     0.990625      1616711       106.67
     230.000     0.992188      1619495       128.00
     233.000     0.992969      1620509       142.22
     237.000     0.993750      1621877       160.00
     241.000     0.994531      1623099       182.86
     246.000     0.995313      1624533       213.33
     250.000     0.996094      1625727       256.00
     252.000     0.996484      1626265       284.44
     255.000     0.996875      1627090       320.00
     257.000     0.997266      1627590       365.71
     260.000     0.997656      1628236       426.67
     263.000     0.998047      1628796       512.00
     265.000     0.998242      1629135       568.89
     267.000     0.998437      1629458       640.00
     269.000     0.998633      1629700       731.43
     272.000     0.998828      1630016       853.33
     276.000     0.999023      1630337      1024.00
     279.000     0.999121      1630554      1137.78
     281.000     0.999219      1630672      1280.00
     284.000     0.999316      1630832      1462.86
     287.000     0.999414      1630976      1706.67
     291.000     0.999512      1631136      2048.00
     294.000     0.999561      1631229      2275.56
     296.000     0.999609      1631301      2560.00
     299.000     0.999658      1631371      2925.71
     303.000     0.999707      1631470      3413.33
     306.000     0.999756      1631529      4096.00
     310.000     0.999780      1631577      4551.11
     312.000     0.999805      1631609      5120.00
     316.000     0.999829      1631650      5851.43
     322.000     0.999854      1631694      6826.67
     327.000     0.999878      1631726      8192.00
     330.000     0.999890      1631750      9102.22
     335.000     0.999902      1631766     10240.00
     341.000     0.999915      1631786     11702.86
     350.000     0.999927      1631806     13653.33
     363.000     0.999939      1631826     16384.00
     369.000     0.999945      1631838     18204.44
     376.000     0.999951      1631846     20480.00
     387.000     0.999957      1631856     23405.71
     397.000     0.999963      1631866     27306.67
     415.000     0.999969      1631876     32768.00
     445.000     0.999973      1631881     36408.89
     474.000     0.999976      1631886     40960.00
     483.000     0.999979      1631891     46811.43
     581.000     0.999982      1631896     54613.33
    1030.000     0.999985      1631901     65536.00
    1060.000     0.999986      1631903     72817.78
    1264.000     0.999988      1631906     81920.00
    1441.000     0.999989      1631908     93622.86
    1592.000     0.999991      1631911    109226.67
    1653.000     0.999992      1631913    131072.00
    1663.000     0.999993      1631914    145635.56
    1680.000     0.999994      1631916    163840.00
    1724.000     0.999995      1631917    187245.71
    1824.000     0.999995      1631918    218453.33
    1826.000     0.999996      1631919    262144.00
    1835.000     0.999997      1631920    291271.11
    1840.000     0.999997      1631921    327680.00
    1840.000     0.999997      1631921    374491.43
    1879.000     0.999998      1631922    436906.67
    1879.000     0.999998      1631922    524288.00
    2411.000     0.999998      1631923    582542.22
    2411.000     0.999998      1631923    655360.00
    2411.000     0.999999      1631923    748982.86
    7099.000     0.999999      1631924    873813.33
    7099.000     0.999999      1631924   1048576.00
    7099.000     0.999999      1631924   1165084.44
    7099.000     0.999999      1631924   1310720.00
    7099.000     0.999999      1631924   1497965.71
    7175.000     0.999999      1631925   1747626.67
    7175.000     1.000000      1631925          inf
#[Mean    =      111.685, StdDeviation   =       31.463]
#[Max     =     7175.000, Total count    =      1631925]
#[Buckets =            3, SubBuckets     =         2048]
