       Value   Percentile   TotalCount 1/(1-Percentile)

      44.000     0.000000            7         1.00
      64.000     0.100000       283472         1.11
      66.000     0.200000       506937         1.25
      68.000     0.300000       704310         1.43
      73.000     0.400000       990975         1.67
      76.000     0.500000      1250534         2.00
      77.000     0.550000      1329316         2.22
      79.000     0.600000      1453878         2.50
      81.000     0.650000      1572821         2.86
      82.000     0.700000      1636213         3.33
      84.000     0.750000      1755799         4.00
      86.000     0.775000      1843705         4.44
      87.000     0.800000      1878469         5.00
      89.000     0.825000      1941362         5.71
      91.000     0.850000      1998117         6.67
      93.000     0.875000      2048953         8.00
      94.000     0.887500      2071529         8.89
      96.000     0.900000      2107749        10.00
      98.000     0.912500      2132461        11.43
     102.000     0.925000      2163262        13.33
     109.000     0.937500      2189264        16.00
     115.000     0.943750      2202986        17.78
     160.000     0.950000      2217246        20.00
     163.000     0.956250      2241295        22.86
     164.000     0.962500      2262315        26.67
     164.000     0.968750      2262315        32.00
     165.000     0.971875      2285909        35.56
     165.000     0.975000      2285909        40.00
     165.000     0.978125      2285909        45.71
     166.000     0.981250      2305349        53.33
     166.000     0.984375      2305349        64.00
     166.000     0.985938      2305349        71.11
     166.000     0.987500      2305349        80.00
     167.000     0.989062      2317364        91.43
     167.000     0.990625      2317364       106.67
     167.000     0.992188      2317364       128.00
     167.000     0.992969      2317364       142.22
     168.000     0.993750      2323174       160.00
     168.000     0.994531      2323174       182.86
     168.000     0.995313      2323174       213.33
     169.000     0.996094      2325281       256.00
     169.000     0.996484      2325281       284.44
     170.000     0.996875      2325996       320.00
     173.000     0.997266      2326731       365.71
     176.000     0.997656      2327559       426.67
     179.000     0.998047      2328748       512.00
     180.000     0.998242      2329111       568.89
     181.000     0.998437      2329397       640.00
     183.000     0.998633      2329765       731.43
     187.000     0.998828      2330237       853.33
     190.000     0.999023      2330852      1024.00
     191.000     0.999121      2331106      1137.78
     191.000     0.999219      2331106      1280.00
     192.000     0.999316      2331359      1462.86
     193.000     0.999414      2331563      1706.67
     195.000     0.999512      2331892      2048.00
     196.000     0.999561      2331973      2275.56
     197.000     0.999609      2332050      2560.00
     200.000     0.999658      2332132      2925.71
     206.000     0.999707      2332252      3413.33
     211.000     0.999756      2332371      4096.00
     214.000     0.999780      2332425      4551.11
     216.000     0.999805      2332489      5120.00
     218.000     0.999829      2332554      5851.43
     219.000     0.999854      2332594      6826.67
     220.000     0.999878      2332646      8192.00
     221.000     0.999890      2332679      9102.22
     222.000     0.999902      2332712     10240.00
     223.000     0.999915      2332741     11702.86
     224.000     0.999927      2332762     13653.33
     225.000     0.999939      2332790     16384.00
     226.000     0.999945      2332803     18204.44
     227.000     0.999951      2332818     20480.00
     229.000     0.999957      2332835     23405.71
     231.000     0.999963      2332842     27306.67
     235.000     0.999969      2332864     32768.00
     235.000     0.999973      2332864     36408.89
     237.000     0.999976      2332877     40960.00
     238.000     0.999979      2332883     46811.43
     239.000     0.999982      2332887     54613.33
     241.000     0.999985      2332892     65536.00
     244.000     0.999986      2332895     72817.78
     250.000     0.999988      2332899     81920.00
     265.000     0.999989      2332903     93622.86
     305.000     0.999991      2332906    109226.67
     372.000     0.999992      2332910    131072.00
     435.000     0.999993      2332911    145635.56
     444.000     0.999994      2332913    163840.00
     452.000     0.999995      2332915    187245.71
     486.000     0.999995      2332917    218453.33
     509.000     0.999996      2332919    262144.00
     509.000     0.999997      2332919    291271.11
     513.000     0.999997      2332920    327680.00
     532.000     0.999997      2332921    374491.43
     562.000     0.999998      2332923    436906.67
     562.000     0.999998      2332923    524288.00
     562.000     0.999998      2332923    582542.22
     565.000     0.999998      2332924    655360.00
     565.000     0.999999      2332924    748982.86
     593.000     0.999999      2332925    873813.33
     593.000     0.999999      2332925   1048576.00
     593.000     0.999999      2332925   1165084.44
     596.000     0.999999      2332926   1310720.00
     596.000     0.999999      2332926   1497965.71
     596.000     0.999999      2332926   1747626.67
     596.000     1.000000      2332926   2097152.00
     596.000     1.000000      2332926   2330168.89
    1390.000     1.000000      2332927   2621440.00
    1390.000     1.000000      2332927          inf
#[Mean    =       80.447, StdDeviation   =       22.963]
#[Max     =     1390.000, Total count    =      2332927]
#[Buckets =            1, SubBuckets     =         2048]
