       Value   Percentile   TotalCount 1/(1-Percentile)

      85.000     0.000000            3         1.00
     119.000     0.100000         6105         1.11
     140.000     0.200000        12010         1.25
     154.000     0.300000        18283         1.43
     162.000     0.400000        23874         1.67
     168.000     0.500000        29580         2.00
     171.000     0.550000        32754         2.22
     173.000     0.600000        38938         2.50
     173.000     0.650000        38938         2.86
     174.000     0.700000        43225         3.33
     175.000     0.750000        46047         4.00
     175.000     0.775000        46047         4.44
     176.000     0.800000        47493         5.00
     178.000     0.825000        49065         5.71
     180.000     0.850000        50509         6.67
     182.000     0.875000        51934         8.00
     183.000     0.887500        52636         8.89
     184.000     0.900000        53347        10.00
     185.000     0.912500        54213        11.43
     186.000     0.925000        55194        13.33
     186.000     0.937500        55194        16.00
     187.000     0.943750        55973        17.78
     187.000     0.950000        55973        20.00
     188.000     0.956250        56458        22.86
     188.000     0.962500        56458        26.67
     190.000     0.968750        56990        32.00
     190.000     0.971875        56990        35.56
     192.000     0.975000        57260        40.00
     193.000     0.978125        57391        45.71
     195.000     0.981250        57608        53.33
     197.000     0.984375        57795        64.00
     198.000     0.985938        57899        71.11
     198.000     0.987500        57899        80.00
     199.000     0.989062        57987        91.43
     201.000     0.990625        58125       106.67
     202.000     0.992188        58174       128.00
     203.000     0.992969        58228       142.22
     205.000     0.993750        58286       160.00
     206.000     0.994531        58320       182.86
     207.000     0.995313        58356       213.33
     209.000     0.996094        58404       256.00
     210.000     0.996484        58441       284.44
     211.000     0.996875        58476       320.00
     211.000     0.997266        58476       365.71
     212.000     0.997656        58507       426.67
     213.000     0.998047        58525       512.00
     213.000     0.998242        58525       568.89
     214.000     0.998437        58543       640.00
     215.000     0.998633        58555       731.43
     216.000     0.998828        58562       853.33
     218.000     0.999023        58579      1024.00
     218.000     0.999121        58579      1137.78
     219.000     0.999219        58583      1280.00
     221.000     0.999316        58590      1462.86
     223.000     0.999414        58595      1706.67
     225.000     0.999512        58601      2048.00
     227.000     0.999561        58604      2275.56
     228.000     0.999609        58606      2560.00
     229.000     0.999658        58608      2925.71
     234.000     0.999707        58612      3413.33
     239.000     0.999756        58614      4096.00
     241.000     0.999780        58616      4551.11
     248.000     0.999805        58617      5120.00
     250.000     0.999829        58618      5851.43
     318.000     0.999854        58620      6826.67
     338.000     0.999878        58621      8192.00
     344.000     0.999890        58622      9102.22
     359.000     0.999902        58623     10240.00
     359.000     0.999915        58623     11702.86
     408.000     0.999927        58624     13653.33
     523.000     0.999939        58625     16384.00
     523.000     0.999945        58625     18204.44
     689.000     0.999951        58626     20480.00
     689.000     0.999957        58626     23405.71
     689.000     0.999963        58626     27306.67
    1364.000     0.999969        58627     32768.00
    1364.000     0.999973        58627     36408.89
    1364.000     0.999976        58627     40960.00
    1364.000     0.999979        58627     46811.43
    1364.000     0.999982        58627     54613.33
    2517.000     0.999985        58628     65536.00
    2517.000     1.000000        58628          inf
#[Mean    =      159.691, StdDeviation   =       26.655]
#[Max     =     2517.000, Total count    =        58628]
#[Buckets =            2, SubBuckets     =         2048]
