       Value   Percentile   TotalCount 1/(1-Percentile)

      46.000     0.000000           37         1.00
      55.000     0.100000        83401         1.11
      56.000     0.200000       119942         1.25
      58.000     0.300000       144502         1.43
      59.000     0.400000       191198         1.67
      60.000     0.500000       302285         2.00
      60.000     0.550000       302285         2.22
      60.000     0.600000       302285         2.50
      60.000     0.650000       302285         2.86
      61.000     0.700000       370909         3.33
      61.000     0.750000       370909         4.00
      61.000     0.775000       370909         4.44
      61.000     0.800000       370909         5.00
      62.000     0.825000       388209         5.71
      63.000     0.850000       396512         6.67
      64.000     0.875000       407329         8.00
      65.000     0.887500       415668         8.89
      65.000     0.900000       415668        10.00
      66.000     0.912500       421158        11.43
      67.000     0.925000       425426        13.33
      69.000     0.937500       435013        16.00
      69.000     0.943750       435013        17.78
      70.000     0.950000       439996        20.00
      70.000     0.956250       439996        22.86
      71.000     0.962500       444286        26.67
      72.000     0.968750       447649        32.00
      72.000     0.971875       447649        35.56
      73.000     0.975000       449967        40.00
      73.000     0.978125       449967        45.71
      74.000     0.981250       451646        53.33
      75.000     0.984375       452934        64.00
      75.000     0.985938       452934        71.11
      76.000     0.987500       453863        80.00
      77.000     0.989062       454595        91.43
      78.000     0.990625       455237       106.67
      79.000     0.992188       455887       128.00
      80.000     0.992969       456503       142.22
      80.000     0.993750       456503       160.00
      81.000     0.994531       457025       182.86
      82.000     0.995313       457376       213.33
      83.000     0.996094       457716       256.00
      83.000     0.996484       457716       284.44
      84.000     0.996875       457997       320.00
      84.000     0.997266       457997       365.71
      85.000     0.997656       458189       426.67
      86.000     0.998047       458341       512.00
      87.000     0.998242       458465       568.89
      88.000     0.998437       458585       640.00
      88.000     0.998633       458585       731.43
      89.000     0.998828       458666       853.33
      91.000     0.999023       458793      1024.00
      92.000     0.999121       458864      1137.78
      92.000     0.999219       458864      1280.00
      93.000     0.999316       458916      1462.86
      94.000     0.999414       458962      1706.67
      95.000     0.999512       458993      2048.00
      96.000     0.999561       459026      2275.56
      96.000     0.999609       459026      2560.00
      97.000     0.999658       459060      2925.71
      98.000     0.999707       459085      3413.33
      99.000     0.999756       459098      4096.00
     100.000     0.999780       459114      4551.11
     100.000     0.999805       459114      5120.00
     101.000     0.999829       459134      5851.43
     102.000     0.999854       459145      6826.67
     103.000     0.999878       459154      8192.00
     103.000     0.999890       459154      9102.22
     104.000     0.999902       459163     10240.00
     105.000     0.999915       459171     11702.86
     105.000     0.999927       459171     13653.33
     106.000     0.999939       459176     16384.00
     107.000     0.999945       459180     18204.44
     108.000     0.999951       459185     20480.00
     108.000     0.999957       459185     23405.71
     109.000     0.999963       459189     27306.67
     109.000     0.999969       459189     32768.00
     111.000     0.999973       459192     36408.89
     111.000     0.999976       459192     40960.00
     114.000     0.999979       459194     46811.43
     115.000     0.999982       459195     54613.33
     116.000     0.999985       459197     65536.00
     116.000     0.999986       459197     72817.78
     117.000     0.999988       459198     81920.00
     119.000     0.999989       459199     93622.86
     119.000     0.999991       459199    109226.67
     122.000     0.999992       459200    131072.00
     122.000     0.999993       459200    145635.56
     129.000     0.999994       459201    163840.00
     129.000     0.999995       459201    187245.71
     129.000     0.999995       459201    218453.33
     143.000     0.999996       459202    262144.00
     143.000     0.999997       459202    291271.11
     143.000     0.999997       459202    327680.00
     143.000     0.999997       459202    374491.43
     143.000     0.999998       459202    436906.67
     447.000     0.999998       459203    524288.00
     447.000     1.000000       459203          inf
#[Mean    =       59.874, StdDeviation   =        5.027]
#[Max     =      447.000, Total count    =       459203]
#[Buckets =            1, SubBuckets     =         2048]
