       Value   Percentile   TotalCount 1/(1-Percentile)

    1600.000     0.000000            1         1.00
    8055.000     0.100000       116976         1.11
    8287.000     0.200000       234695         1.25
    8407.000     0.300000       362470         1.43
    8455.000     0.400000       474657         1.67
    8495.000     0.500000       608755         2.00
    8511.000     0.550000       665871         2.22
    8527.000     0.600000       722475         2.50
    8543.000     0.650000       774709         2.86
    8559.000     0.700000       822704         3.33
    8583.000     0.750000       886189         4.00
    8591.000     0.775000       906083         4.44
    8607.000     0.800000       939192         5.00
    8623.000     0.825000       969081         5.71
    8647.000     0.850000      1000045         6.67
    8671.000     0.875000      1024453         8.00
    8687.000     0.887500      1038317         8.89
    8711.000     0.900000      1052129        10.00
    8751.000     0.912500      1066570        11.43
    8911.000     0.925000      1080501        13.33
    9503.000     0.937500      1095114        16.00
    9823.000     0.943750      1102477        17.78
   10135.000     0.950000      1109815        20.00
   10487.000     0.956250      1117029        22.86
   10743.000     0.962500      1124430        26.67
   10927.000     0.968750      1131794        32.00
   11015.000     0.971875      1135375        35.56
   11087.000     0.975000      1139184        40.00
   11151.000     0.978125      1142618        45.71
   11215.000     0.981250      1146329        53.33
   11295.000     0.984375      1150072        64.00
   11335.000     0.985938      1151979        71.11
   11367.000     0.987500      1153674        80.00
   11399.000     0.989062      1155507        91.43
   11431.000     0.990625      1157318       106.67
   11463.000     0.992188      1159169       128.00
   11479.000     0.992969      1160032       142.22
   11495.000     0.993750      1160990       160.00
   11511.000     0.994531      1161721       182.86
   11535.000     0.995313      1162767       213.33
   11551.000     0.996094      1163505       256.00
   11567.000     0.996484      1164014       284.44
   11583.000     0.996875      1164417       320.00
   11607.000     0.997266      1165042       365.71
   11631.000     0.997656      1165409       426.67
   11679.000     0.998047      1165792       512.00
   11871.000     0.998242      1166021       568.89
   12295.000     0.998437      1166279       640.00
   12383.000     0.998633      1166483       731.43
   12519.000     0.998828      1166735       853.33
   12935.000     0.999023      1166924      1024.00
   15391.000     0.999121      1167046      1137.78
   24879.000     0.999219      1167184      1280.00
   25327.000     0.999316      1167280      1462.86
   25855.000     0.999414      1167380      1706.67
   26815.000     0.999512      1167503      2048.00
   26863.000     0.999561      1167555      2275.56
   26911.000     0.999609      1167620      2560.00
   27215.000     0.999658      1167666      2925.71
   27439.000     0.999707      1167726      3413.33
   27711.000     0.999756      1167803      4096.00
   27727.000     0.999780      1167808      4551.11
   27983.000     0.999805      1167840      5120.00
   28575.000     0.999829      1167871      5851.43
   29039.000     0.999854      1167894      6826.67
   29695.000     0.999878      1167922      8192.00
   29759.000     0.999890      1167969      9102.22
   29759.000     0.999902      1167969     10240.00
   29759.000     0.999915      1167969     11702.86
   29775.000     0.999927      1167998     13653.33
   29775.000     0.999939      1167998     16384.00
   29791.000     0.999945      1168015     18204.44
   29791.000     0.999951      1168015     20480.00
   29791.000     0.999957      1168015     23405.71
   29807.000     0.999963      1168026     27306.67
   30703.000     0.999969      1168038     32768.00
   30703.000     0.999973      1168038     36408.89
   30703.000     0.999976      1168038     40960.00
   30719.000     0.999979      1168040     46811.43
   30751.000     0.999982      1168064     54613.33
   30751.000     1.000000      1168064          inf
#[Mean    =     8554.986, StdDeviation   =      877.974]
#[Max     =    30751.000, Total count    =      1168064]
#[Buckets =            5, SubBuckets     =         2048]
