       Value   Percentile   TotalCount 1/(1-Percentile)

    2279.000     0.000000            1         1.00
   13223.000     0.100000       288690         1.11
   15951.000     0.200000       576832         1.25
   18255.000     0.300000       865923         1.43
   20703.000     0.400000      1152358         1.67
   23071.000     0.500000      1441408         2.00
   24319.000     0.550000      1586235         2.22
   25695.000     0.600000      1729499         2.50
   27295.000     0.650000      1873433         2.86
   29119.000     0.700000      2017671         3.33
   31231.000     0.750000      2161000         4.00
   32447.000     0.775000      2233010         4.44
   33759.000     0.800000      2305384         5.00
   35199.000     0.825000      2378074         5.71
   36703.000     0.850000      2449591         6.67
   38399.000     0.875000      2521789         8.00
   39327.000     0.887500      2556849         8.89
   40383.000     0.900000      2593080        10.00
   41599.000     0.912500      2628905        11.43
   43103.000     0.925000      2665086        13.33
   44927.000     0.937500      2700798        16.00
   46079.000     0.943750      2719300        17.78
   47391.000     0.950000      2737121        20.00
   48927.000     0.956250      2755052        22.86
   50719.000     0.962500      2773030        26.67
   52799.000     0.968750      2790877        32.00
   54015.000     0.971875      2799850        35.56
   55359.000     0.975000      2808976        40.00
   56799.000     0.978125      2817987        45.71
   58591.000     0.981250      2826918        53.33
   60863.000     0.984375      2835863        64.00
   62399.000     0.985938      2840412        71.11
   64255.000     0.987500      2844880        80.00
   66559.000     0.989062      2849394        91.43
   69247.000     0.990625      2853850       106.67
   72639.000     0.992188      2858420       128.00
   74559.000     0.992969      2860608       142.22
   77695.000     0.993750      2862884       160.00
   81855.000     0.994531      2865118       182.86
   88703.000     0.995313      2867350       213.33
  100991.000     0.996094      2869603       256.00
  109183.000     0.996484      2870726       284.44
  130559.000     0.996875      2871848       320.00
  148479.000     0.997266      2872989       365.71
  161279.000     0.997656      2874117       426.67
  169983.000     0.998047      2875233       512.00
  174207.000     0.998242      2875796       568.89
  179199.000     0.998437      2876357       640.00
  184959.000     0.998633      2876913       731.43
  191231.000     0.998828      2877475       853.33
  196991.000     0.999023      2878052      1024.00
  200447.000     0.999121      2878328      1137.78
  203775.000     0.999219      2878601      1280.00
  207615.000     0.999316      2878889      1462.86
  211327.000     0.999414      2879166      1706.67
  216831.000     0.999512      2879453      2048.00
  218879.000     0.999561      2879590      2275.56
  221439.000     0.999609      2879734      2560.00
  224127.000     0.999658      2879865      2925.71
  227327.000     0.999707      2880014      3413.33
  231039.000     0.999756      2880148      4096.00
  233599.000     0.999780      2880218      4551.11
  236031.000     0.999805      2880287      5120.00
  239359.000     0.999829      2880363      5851.43
  242559.000     0.999854      2880428      6826.67
  248447.000     0.999878      2880498      8192.00
  250751.000     0.999890      2880543      9102.22
  251775.000     0.999902      2880573     10240.00
  254207.000     0.999915      2880608     11702.86
  258687.000     0.999927      2880639     13653.33
  266239.000     0.999939      2880675     16384.00
  268543.000     0.999945      2880692     18204.44
  271359.000     0.999951      2880710     20480.00
  273151.000     0.999957      2880730     23405.71
  275199.000     0.999963      2880744     27306.67
  278271.000     0.999969      2880765     32768.00
  279295.000     0.999973      2880771     36408.89
  280063.000     0.999976      2880779     40960.00
  282623.000     0.999979      2880791     46811.43
  284927.000     0.999982      2880798     54613.33
  286975.000     0.999985      2880806     65536.00
  287743.000     0.999986      2880810     72817.78
  288255.000     0.999988      2880815     81920.00
  288767.000     0.999989      2880820     93622.86
  289279.000     0.999991      2880825    109226.67
  289791.000     0.999992      2880828    131072.00
  290047.000     0.999993      2880831    145635.56
  290559.000     0.999994      2880832    163840.00
  291071.000     0.999995      2880834    187245.71
  293887.000     0.999995      2880836    218453.33
  294143.000     0.999996      2880839    262144.00
  297215.000     0.999997      2880840    291271.11
  297471.000     0.999997      2880841    327680.00
  297727.000     0.999997      2880842    374491.43
  302335.000     0.999998      2880843    436906.67
  305663.000     0.999998      2880844    524288.00
  305919.000     0.999998      2880847    582542.22
  305919.000     0.999998      2880847    655360.00
  305919.000     0.999999      2880847    748982.86
  305919.000     0.999999      2880847    873813.33
  305919.000     0.999999      2880847   1048576.00
  305919.000     0.999999      2880847   1165084.44
  305919.000     0.999999      2880847   1310720.00
  306175.000     0.999999      2880849   1497965.71
  306175.000     1.000000      2880849          inf
#[Mean    =    25838.255, StdDeviation   =    14771.642]
#[Max     =   306175.000, Total count    =      2880849]
#[Buckets =            9, SubBuckets     =         2048]
