       Value   Percentile   TotalCount 1/(1-Percentile)

      86.000     0.000000            1         1.00
     413.000     0.100000       792385         1.11
     531.000     0.200000      1573685         1.25
     654.000     0.300000      2364095         1.43
     813.000     0.400000      3149784         1.67
    1078.000     0.500000      3934954         2.00
    1292.000     0.550000      4327632         2.22
    1582.000     0.600000      4720629         2.50
    1970.000     0.650000      5114283         2.86
    2491.000     0.700000      5508210         3.33
    3153.000     0.750000      5900913         4.00
    3551.000     0.775000      6097888         4.44
    4005.000     0.800000      6294424         5.00
    4531.000     0.825000      6490865         5.71
    5155.000     0.850000      6688296         6.67
    5907.000     0.875000      6884512         8.00
    6351.000     0.887500      6982282         8.89
    6867.000     0.900000      7081172        10.00
    7463.000     0.912500      7179280        11.43
    8199.000     0.925000      7277242        13.33
    9151.000     0.937500      7375657        16.00
    9775.000     0.943750      7425037        17.78
   10551.000     0.950000      7474153        20.00
   11567.000     0.956250      7523118        22.86
   13015.000     0.962500      7572313        26.67
   15287.000     0.968750      7621479        32.00
   17215.000     0.971875      7646086        35.56
   20271.000     0.975000      7670662        40.00
   25071.000     0.978125      7695237        45.71
   31839.000     0.981250      7719791        53.33
   40223.000     0.984375      7744398        64.00
   46015.000     0.985938      7756693        71.11
   53407.000     0.987500      7768977        80.00
   63551.000     0.989062      7781231        91.43
   79999.000     0.990625      7793545       106.67
  102527.000     0.992188      7805815       128.00
  118975.000     0.992969      7811989       142.22
  135423.000     0.993750      7818144       160.00
  153343.000     0.994531      7824280       182.86
  174079.000     0.995313      7830437       213.33
  196095.000     0.996094      7836546       256.00
  205695.000     0.996484      7839622       284.44
  217727.000     0.996875      7842700       320.00
  232319.000     0.997266      7845763       365.71
  246527.000     0.997656      7848859       426.67
  268543.000     0.998047      7851921       512.00
  284159.000     0.998242      7853464       568.89
  298751.000     0.998437      7854984       640.00
  313855.000     0.998633      7856532       731.43
  331519.000     0.998828      7858082       853.33
  372991.000     0.999023      7859601      1024.00
  387327.000     0.999121      7860369      1137.78
  401407.000     0.999219      7861141      1280.00
  420863.000     0.999316      7861903      1462.86
  443135.000     0.999414      7862668      1706.67
  461567.000     0.999512      7863442      2048.00
  479231.000     0.999561      7863824      2275.56
  517631.000     0.999609      7864209      2560.00
  555519.000     0.999658      7864585      2925.71
  626175.000     0.999707      7864973      3413.33
  653823.000     0.999756      7865361      4096.00
  679935.000     0.999780      7865545      4551.11
  688639.000     0.999805      7865739      5120.00
  713215.000     0.999829      7865932      5851.43
  748543.000     0.999854      7866125      6826.67
  783871.000     0.999878      7866313      8192.00
  795135.000     0.999890      7866409      9102.22
  820735.000     0.999902      7866514     10240.00
  877055.000     0.999915      7866601     11702.86
  964607.000     0.999927      7866706     13653.33
  970239.000     0.999939      7866799     16384.00
  973311.000     0.999945      7866845     18204.44
  985599.000     0.999951      7866891     20480.00
  995839.000     0.999957      7866941     23405.71
 1009663.000     0.999963      7866995     27306.67
 1011711.000     0.999969      7867040     32768.00
 1013759.000     0.999973      7867061     36408.89
 1016319.000     0.999976      7867082     40960.00
 1063935.000     0.999979      7867110     46811.43
 1068031.000     0.999982      7867148     54613.33
 1069055.000     0.999985      7867155     65536.00
 1073151.000     0.999986      7867175     72817.78
 1305599.000     0.999988      7867185     81920.00
 1306623.000     0.999989      7867198     93622.86
 1307647.000     0.999991      7867203    109226.67
 1309695.000     0.999992      7867213    131072.00
 1310719.000     0.999993      7867221    145635.56
 1313791.000     0.999994      7867227    163840.00
 1314815.000     0.999995      7867233    187245.71
 1316863.000     0.999995      7867240    218453.33
 1317887.000     0.999996      7867244    262144.00
 1320959.000     0.999997      7867257    291271.11
 1320959.000     0.999997      7867257    327680.00
 1320959.000     0.999997      7867257    374491.43
 1320959.000     0.999998      7867257    436906.67
 1321983.000     0.999998      7867264    524288.00
 1321983.000     0.999998      7867264    582542.22
 1321983.000     0.999998      7867264    655360.00
 1321983.000     0.999999      7867264    748982.86
 1321983.000     0.999999      7867264    873813.33
 1323007.000     0.999999      7867271   1048576.00
 1323007.000     0.999999      7867271   1165084.44
 1323007.000     0.999999      7867271   1310720.00
 1323007.000     0.999999      7867271   1497965.71
 1323007.000     0.999999      7867271   1747626.67
 1323007.000     1.000000      7867271   2097152.00
 1323007.000     1.000000      7867271   2330168.89
 1323007.000     1.000000      7867271   2621440.00
 1323007.000     1.000000      7867271   2995931.43
 1323007.000     1.000000      7867271   3495253.33
 1324031.000     1.000000      7867273   4194304.00
 1324031.000     1.000000      7867273          inf
#[Mean    =     4853.299, StdDeviation   =    25472.717]
#[Max     =  1324031.000, Total count    =      7867273]
#[Buckets =           11, SubBuckets     =         2048]
