       Value   Percentile   TotalCount 1/(1-Percentile)

      90.000     0.000000            2         1.00
     119.000     0.100000       145174         1.11
     124.000     0.200000       265864         1.25
     129.000     0.300000       408205         1.43
     133.000     0.400000       529048         1.67
     138.000     0.500000       679148         2.00
     140.000     0.550000       735729         2.22
     143.000     0.600000       813799         2.50
     145.000     0.650000       861619         2.86
     148.000     0.700000       925472         3.33
     152.000     0.750000       997219         4.00
     154.000     0.775000      1027255         4.44
     156.000     0.800000      1054310         5.00
     159.000     0.825000      1089341         5.71
     162.000     0.850000      1119148         6.67
     166.000     0.875000      1151565         8.00
     169.000     0.887500      1171730         8.89
     171.000     0.900000      1183580        10.00
     175.000     0.912500      1204162        11.43
     178.000     0.925000      1217264        13.33
     182.000     0.937500      1232669        16.00
     185.000     0.943750      1242793        17.78
     187.000     0.950000      1249010        20.00
     190.000     0.956250      1257666        22.86
     193.000     0.962500      1265481        26.67
     197.000     0.968750      1274667        32.00
     199.000     0.971875      1278729        35.56
     201.000     0.975000      1282381        40.00
     203.000     0.978125      1285838        45.71
     206.000     0.981250      1290381        53.33
     209.000     0.984375      1294340        64.00
     211.000     0.985938      1296736        71.11
     213.000     0.987500      1298783        80.00
     215.000     0.989062      1300620        91.43
     217.000     0.990625      1302218       106.67
     220.000     0.992188      1304318       128.00
     222.000     0.992969      1305556       142.22
     224.000     0.993750      1306602       160.00
     226.000     0.994531      1307539       182.86
     228.000     0.995313      1308364       213.33
     231.000     0.996094      1309485       256.00
     233.000     0.996484      1310124       284.44
     235.000     0.996875      1310653       320.00
     237.000     0.997266      1311113       365.71
     239.000     0.997656      1311552       426.67
     242.000     0.998047      1312125       512.00
     243.000     0.998242      1312296       568.89
     244.000     0.998437      1312449       640.00
     246.000     0.998633      1312731       731.43
     249.000     0.998828      1313050       853.33
     251.000     0.999023      1313232      1024.00
     253.000     0.999121      1313378      1137.78
     255.000     0.999219      1313503      1280.00
     257.000     0.999316      1313621      1462.86
     260.000     0.999414      1313758      1706.67
     263.000     0.999512      1313864      2048.00
     265.000     0.999561      1313931      2275.56
     268.000     0.999609      1313999      2560.00
     272.000     0.999658      1314062      2925.71
     277.000     0.999707      1314121      3413.33
     288.000     0.999756      1314182      4096.00
     302.000     0.999780      1314212      4551.11
     341.000     0.999805      1314244      5120.00
     441.000     0.999829      1314276      5851.43
     634.000     0.999854      1314309      6826.67
    1273.000     0.999878      1314340      8192.00
    1643.000     0.999890      1314356      9102.22
    2501.000     0.999902      1314372     10240.00
    3143.000     0.999915      1314388     11702.86
    6675.000     0.999927      1314404     13653.33
   15511.000     0.999939      1314421     16384.00
   16295.000     0.999945      1314428     18204.44
   16991.000     0.999951      1314436     20480.00
   17327.000     0.999957      1314445     23405.71
   18351.000     0.999963      1314452     27306.67
   25951.000     0.999969      1314460     32768.00
   31503.000     0.999973      1314464     36408.89
   32591.000     0.999976      1314469     40960.00
   32735.000     0.999979      1314472     46811.43
   33535.000     0.999982      1314476     54613.33
   35551.000     0.999985      1314480     65536.00
   35871.000     0.999986      1314482     72817.78
   36575.000     0.999988      1314484     81920.00
   36927.000     0.999989      1314486     93622.86
   38239.000     0.999991      1314488    109226.67
   38335.000     0.999992      1314490    131072.00
   38431.000     0.999993      1314491    145635.56
   38975.000     0.999994      1314492    163840.00
   39135.000     0.999995      1314493    187245.71
   39231.000     0.999995      1314494    218453.33
   40671.000     0.999996      1314495    262144.00
   41375.000     0.999997      1314496    291271.11
   41375.000     0.999997      1314496    327680.00
   41855.000     0.999997      1314497    374491.43
   41855.000     0.999998      1314497    436906.67
   44927.000     0.999998      1314498    524288.00
   44927.000     0.999998      1314498    582542.22
   44927.000     0.999998      1314498    655360.00
   45663.000     0.999999      1314499    748982.86
   45663.000     0.999999      1314499    873813.33
   45663.000     0.999999      1314499   1048576.00
   45663.000     0.999999      1314499   1165084.44
   45663.000     0.999999      1314499   1310720.00
   51423.000     0.999999      1314500   1497965.71
   51423.000     1.000000      1314500          inf
#[Mean    =      144.072, StdDeviation   =      230.078]
#[Max     =    51423.000, Total count    =      1314500]
#[Buckets =            6, SubBuckets     =         2048]
