       Value   Percentile   TotalCount 1/(1-Percentile)

      66.000     0.000000            1         1.00
     548.000     0.100000       862546         1.11
     991.000     0.200000      1724728         1.25
    1571.000     0.300000      2587161         1.43
    2421.000     0.400000      3449021         1.67
    3575.000     0.500000      4311754         2.00
    4171.000     0.550000      4744065         2.22
    4739.000     0.600000      5174880         2.50
    5275.000     0.650000      5605397         2.86
    5807.000     0.700000      6038791         3.33
    6363.000     0.750000      6468172         4.00
    6667.000     0.775000      6683189         4.44
    7003.000     0.800000      6899992         5.00
    7371.000     0.825000      7114613         5.71
    7791.000     0.850000      7329778         6.67
    8287.000     0.875000      7545829         8.00
    8575.000     0.887500      7654321         8.89
    8895.000     0.900000      7761969        10.00
    9263.000     0.912500      7868903        11.43
    9703.000     0.925000      7975907        13.33
   10263.000     0.937500      8083649        16.00
   10615.000     0.943750      8137931        17.78
   11031.000     0.950000      8191108        20.00
   11567.000     0.956250      8245622        22.86
   12263.000     0.962500      8299107        26.67
   13303.000     0.968750      8352966        32.00
   14063.000     0.971875      8379704        35.56
   15159.000     0.975000      8406721        40.00
   16879.000     0.978125      8433628        45.71
   20063.000     0.981250      8460613        53.33
   25375.000     0.984375      8487513        64.00
   28415.000     0.985938      8501020        71.11
   31327.000     0.987500      8514426        80.00
   34175.000     0.989062      8528006        91.43
   36799.000     0.990625      8541495       106.67
   39775.000     0.992188      8554913       128.00
   41407.000     0.992969      8561667       142.22
   43135.000     0.993750      8568408       160.00
   44831.000     0.994531      8575069       182.86
   46655.000     0.995313      8581872       213.33
   48735.000     0.996094      8588560       256.00
   49887.000     0.996484      8591901       284.44
   51039.000     0.996875      8595278       320.00
   52255.000     0.997266      8598717       365.71
   53567.000     0.997656      8602021       426.67
   54975.000     0.998047      8605381       512.00
   55775.000     0.998242      8607078       568.89
   56607.000     0.998437      8608742       640.00
   57535.000     0.998633      8610436       731.43
   58655.000     0.998828      8612141       853.33
   59871.000     0.999023      8613808      1024.00
   60511.000     0.999121      8614636      1137.78
   61247.000     0.999219      8615489      1280.00
   62047.000     0.999316      8616347      1462.86
   62943.000     0.999414      8617152      1706.67
   63999.000     0.999512      8617989      2048.00
   64639.000     0.999561      8618418      2275.56
   65311.000     0.999609      8618845      2560.00
   66047.000     0.999658      8619267      2925.71
   66879.000     0.999707      8619685      3413.33
   67775.000     0.999756      8620094      4096.00
   68287.000     0.999780      8620306      4551.11
   68863.000     0.999805      8620517      5120.00
   69567.000     0.999829      8620746      5851.43
   70271.000     0.999854      8620947      6826.67
   71039.000     0.999878      8621149      8192.00
   71487.000     0.999890      8621253      9102.22
   72063.000     0.999902      8621365     10240.00
   72767.000     0.999915      8621464     11702.86
   73599.000     0.999927      8621573     13653.33
   74367.000     0.999939      8621681     16384.00
   74751.000     0.999945      8621729     18204.44
   75135.000     0.999951      8621779     20480.00
   75519.000     0.999957      8621831     23405.71
   76095.000     0.999963      8621886     27306.67
   76607.000     0.999969      8621935     32768.00
   76863.000     0.999973      8621962     36408.89
   77119.000     0.999976      8621988     40960.00
   77567.000     0.999979      8622018     46811.43
   78015.000     0.999982      8622045     54613.33
   78463.000     0.999985      8622068     65536.00
   78719.000     0.999986      8622084     72817.78
   78911.000     0.999988      8622096     81920.00
   79103.000     0.999989      8622108     93622.86
   79359.000     0.999991      8622121    109226.67
   79679.000     0.999992      8622135    131072.00
   79807.000     0.999993      8622142    145635.56
   79935.000     0.999994      8622147    163840.00
   80063.000     0.999995      8622153    187245.71
   80255.000     0.999995      8622159    218453.33
   80575.000     0.999996      8622169    262144.00
   80575.000     0.999997      8622169    291271.11
   80703.000     0.999997      8622173    327680.00
   80831.000     0.999997      8622175    374491.43
   81087.000     0.999998      8622179    436906.67
   81215.000     0.999998      8622182    524288.00
   81407.000     0.999998      8622188    582542.22
   81407.000     0.999998      8622188    655360.00
   81407.000     0.999999      8622188    748982.86
   81599.000     0.999999      8622190    873813.33
   81599.000     0.999999      8622190   1048576.00
   81663.000     0.999999      8622191   1165084.44
   81791.000     0.999999      8622192   1310720.00
   82175.000     0.999999      8622193   1497965.71
   82367.000     0.999999      8622194   1747626.67
   82367.000     1.000000      8622194   2097152.00
   82879.000     1.000000      8622195   2330168.89
   82879.000     1.000000      8622195   2621440.00
   83135.000     1.000000      8622196   2995931.43
   83135.000     1.000000      8622196   3495253.33
   83135.000     1.000000      8622196   4194304.00
   83199.000     1.000000      8622197   4660337.78
   83199.000     1.000000      8622197   5242880.00
   83199.000     1.000000      8622197   5991862.86
   83199.000     1.000000      8622197   6990506.67
   83199.000     1.000000      8622197   8388608.00
   83455.000     1.000000      8622198   9320675.55
   83455.000     1.000000      8622198          inf
#[Mean    =     4727.447, StdDeviation   =     5900.495]
#[Max     =    83455.000, Total count    =      8622198]
#[Buckets =            7, SubBuckets     =         2048]
