       Value   Percentile   TotalCount 1/(1-Percentile)

      52.000     0.000000            1         1.00
     707.000     0.100000       814000         1.11
    1286.000     0.200000      1628760         1.25
    1968.000     0.300000      2442047         1.43
    2781.000     0.400000      3257258         1.67
    3763.000     0.500000      4070500         2.00
    4347.000     0.550000      4477448         2.22
    5027.000     0.600000      4885501         2.50
    5835.000     0.650000      5291278         2.86
    6851.000     0.700000      5698721         3.33
    8223.000     0.750000      6104522         4.00
    9143.000     0.775000      6309366         4.44
   10327.000     0.800000      6511723         5.00
   11967.000     0.825000      6715130         5.71
   14159.000     0.850000      6918403         6.67
   16591.000     0.875000      7122095         8.00
   17759.000     0.887500      7224934         8.89
   18847.000     0.900000      7325587        10.00
   19935.000     0.912500      7428370        11.43
   20991.000     0.925000      7529228        13.33
   22111.000     0.937500      7630972        16.00
   22703.000     0.943750      7682052        17.78
   23343.000     0.950000      7732384        20.00
   24047.000     0.956250      7783516        22.86
   24831.000     0.962500      7834554        26.67
   25743.000     0.968750      7885342        32.00
   26271.000     0.971875      7910724        35.56
   26863.000     0.975000      7935992        40.00
   27551.000     0.978125      7961456        45.71
   28335.000     0.981250      7986534        53.33
   29295.000     0.984375      8012243        64.00
   29823.000     0.985938      8024675        71.11
   30431.000     0.987500      8037386        80.00
   31135.000     0.989062      8050268        91.43
   31935.000     0.990625      8063020       106.67
   32927.000     0.992188      8075812       128.00
   33503.000     0.992969      8082112       142.22
   34143.000     0.993750      8088306       160.00
   34911.000     0.994531      8094698       182.86
   35807.000     0.995313      8101021       213.33
   36927.000     0.996094      8107337       256.00
   37631.000     0.996484      8110535       284.44
   38463.000     0.996875      8113798       320.00
   39423.000     0.997266      8116898       365.71
   40767.000     0.997656      8120092       426.67
   42943.000     0.998047      8123226       512.00
   44671.000     0.998242      8124812       568.89
   47455.000     0.998437      8126404       640.00
   51135.000     0.998633      8127993       731.43
   56831.000     0.998828      8129586       853.33
   63199.000     0.999023      8131170      1024.00
   67711.000     0.999121      8131976      1137.78
   74303.000     0.999219      8132764      1280.00
   83071.000     0.999316      8133559      1462.86
   92543.000     0.999414      8134359      1706.67
  101887.000     0.999512      8135144      2048.00
  107007.000     0.999561      8135543      2275.56
  112255.000     0.999609      8135940      2560.00
  118591.000     0.999658      8136337      2925.71
  126463.000     0.999707      8136734      3413.33
  134015.000     0.999756      8137131      4096.00
  138623.000     0.999780      8137332      4551.11
  143359.000     0.999805      8137529      5120.00
  147327.000     0.999829      8137731      5851.43
  151551.000     0.999854      8137928      6826.67
  154495.000     0.999878      8138130      8192.00
  155647.000     0.999890      8138228      9102.22
  156927.000     0.999902      8138335     10240.00
  158079.000     0.999915      8138438     11702.86
  159359.000     0.999927      8138526     13653.33
  160511.000     0.999939      8138629     16384.00
  161151.000     0.999945      8138672     18204.44
  162175.000     0.999951      8138730     20480.00
  162943.000     0.999957      8138773     23405.71
  164095.000     0.999963      8138821     27306.67
  165119.000     0.999969      8138871     32768.00
  165631.000     0.999973      8138899     36408.89
  166271.000     0.999976      8138924     40960.00
  166783.000     0.999979      8138946     46811.43
  167679.000     0.999982      8138969     54613.33
  168575.000     0.999985      8138994     65536.00
  169215.000     0.999986      8139012     72817.78
  169727.000     0.999988      8139019     81920.00
  170623.000     0.999989      8139033     93622.86
  171391.000     0.999991      8139044    109226.67
  172799.000     0.999992      8139056    131072.00
  173183.000     0.999993      8139063    145635.56
  174079.000     0.999994      8139070    163840.00
  174847.000     0.999995      8139076    187245.71
  176639.000     0.999995      8139081    218453.33
  177791.000     0.999996      8139088    262144.00
  178815.000     0.999997      8139091    291271.11
  179327.000     0.999997      8139094    327680.00
  179455.000     0.999997      8139097    374491.43
  180223.000     0.999998      8139100    436906.67
  180735.000     0.999998      8139103    524288.00
  181503.000     0.999998      8139106    582542.22
  181503.000     0.999998      8139106    655360.00
  183039.000     0.999999      8139108    748982.86
  183167.000     0.999999      8139109    873813.33
  184191.000     0.999999      8139111   1048576.00
  184831.000     0.999999      8139112   1165084.44
  184831.000     0.999999      8139112   1310720.00
  185343.000     0.999999      8139113   1497965.71
  185727.000     0.999999      8139114   1747626.67
  186751.000     1.000000      8139115   2097152.00
  186751.000     1.000000      8139115   2330168.89
  186751.000     1.000000      8139115   2621440.00
  188543.000     1.000000      8139116   2995931.43
  188543.000     1.000000      8139116   3495253.33
  189695.000     1.000000      8139117   4194304.00
  189695.000     1.000000      8139117   4660337.78
  189695.000     1.000000      8139117   5242880.00
  189695.000     1.000000      8139117   5991862.86
  189695.000     1.000000      8139117   6990506.67
  190975.000     1.000000      8139118   8388608.00
  190975.000     1.000000      8139118          inf
#[Mean    =     6696.586, StdDeviation   =     8109.545]
#[Max     =   190975.000, Total count    =      8139118]
#[Buckets =            8, SubBuckets     =         2048]
