       Value   Percentile   TotalCount 1/(1-Percentile)

      50.000     0.000000            3         1.00
      59.000     0.100000        33911         1.11
      65.000     0.200000        56580         1.25
      87.000     0.300000        84833         1.43
      92.000     0.400000       113170         1.67
     106.000     0.500000       144208         2.00
     107.000     0.550000       171762         2.22
     107.000     0.600000       171762         2.50
     110.000     0.650000       181501         2.86
     120.000     0.700000       195626         3.33
     130.000     0.750000       209429         4.00
     131.000     0.775000       219279         4.44
     132.000     0.800000       233668         5.00
     132.000     0.825000       233668         5.71
     133.000     0.850000       244364         6.67
     133.000     0.875000       244364         8.00
     134.000     0.887500       254685         8.89
     134.000     0.900000       254685        10.00
     134.000     0.912500       254685        11.43
     135.000     0.925000       258706        13.33
     137.000     0.937500       263991        16.00
     137.000     0.943750       263991        17.78
     138.000     0.950000       266779        20.00
     138.000     0.956250       266779        22.86
     139.000     0.962500       268695        26.67
     140.000     0.968750       270341        32.00
     141.000     0.971875       271631        35.56
     142.000     0.975000       272477        40.00
     143.000     0.978125       273172        45.71
     144.000     0.981250       273933        53.33
     145.000     0.984375       274758        64.00
     146.000     0.985938       275402        71.11
     146.000     0.987500       275402        80.00
     147.000     0.989062       275807        91.43
     149.000     0.990625       276362       106.67
     151.000     0.992188       276753       128.00
     152.000     0.992969       276919       142.22
     153.000     0.993750       277047       160.00
     155.000     0.994531       277258       182.86
     158.000     0.995313       277481       213.33
     163.000     0.996094       277686       256.00
     168.000     0.996484       277771       284.44
     174.000     0.996875       277959       320.00
     175.000     0.997266       278034       365.71
     176.000     0.997656       278109       426.67
     178.000     0.998047       278224       512.00
     180.000     0.998242       278280       568.89
     182.000     0.998437       278323       640.00
     186.000     0.998633       278371       731.43
     190.000     0.998828       278421       853.33
     203.000     0.999023       278476      1024.00
     210.000     0.999121       278506      1137.78
     213.000     0.999219       278540      1280.00
     216.000     0.999316       278560      1462.86
     224.000     0.999414       278586      1706.67
     233.000     0.999512       278616      2048.00
     234.000     0.999561       278633      2275.56
     235.000     0.999609       278642      2560.00
     236.000     0.999658       278654      2925.71
     239.000     0.999707       278667      3413.33
     246.000     0.999756       278679      4096.00
     251.000     0.999780       278686      4551.11
     256.000     0.999805       278695      5120.00
     258.000     0.999829       278702      5851.43
     260.000     0.999854       278707      6826.67
     262.000     0.999878       278714      8192.00
     264.000     0.999890       278717      9102.22
     266.000     0.999902       278720     10240.00
     270.000     0.999915       278724     11702.86
     276.000     0.999927       278728     13653.33
     278.000     0.999939       278730     16384.00
     279.000     0.999945       278732     18204.44
     280.000     0.999951       278735     20480.00
     285.000     0.999957       278736     23405.71
     286.000     0.999963       278737     27306.67
     297.000     0.999969       278739     32768.00
     299.000     0.999973       278740     36408.89
     310.000     0.999976       278741     40960.00
     318.000     0.999979       278742     46811.43
     318.000     0.999982       278742     54613.33
     319.000     0.999985       278743     65536.00
     332.000     0.999986       278744     72817.78
     332.000     0.999988       278744     81920.00
     336.000     0.999989       278745     93622.86
     336.000     0.999991       278745    109226.67
     336.000     0.999992       278745    131072.00
     369.000     0.999993       278746    145635.56
     369.000     0.999994       278746    163840.00
     369.000     0.999995       278746    187245.71
     369.000     0.999995       278746    218453.33
     369.000     0.999996       278746    262144.00
     432.000     0.999997       278747    291271.11
     432.000     1.000000       278747          inf
#[Mean    =      100.395, StdDeviation   =       28.561]
#[Max     =      432.000, Total count    =       278747]
#[Buckets =            1, SubBuckets     =         2048]
