       Value   Percentile   TotalCount 1/(1-Percentile)

      93.000     0.000000            1         1.00
     545.000     0.100000       807862         1.11
     737.000     0.200000      1613656         1.25
     966.000     0.300000      2419709         1.43
    1300.000     0.400000      3224526         1.67
    1904.000     0.500000      4029527         2.00
    2455.000     0.550000      4432800         2.22
    3339.000     0.600000      4835081         2.50
    4687.000     0.650000      5238094         2.86
    6523.000     0.700000      5641558         3.33
    8711.000     0.750000      6044467         4.00
    9919.000     0.775000      6245854         4.44
   11223.000     0.800000      6446714         5.00
   12647.000     0.825000      6648314         5.71
   14239.000     0.850000      6849827         6.67
   16143.000     0.875000      7051445         8.00
   17279.000     0.887500      7152105         8.89
   18623.000     0.900000      7253624        10.00
   20223.000     0.912500      7354187        11.43
   22223.000     0.925000      7454453        13.33
   24767.000     0.937500      7554735        16.00
   26319.000     0.943750      7605572        17.78
   28143.000     0.950000      7655492        20.00
   30335.000     0.956250      7705891        22.86
   33055.000     0.962500      7756195        26.67
   36543.000     0.968750      7806868        32.00
   38591.000     0.971875      7831768        35.56
   41023.000     0.975000      7856971        40.00
   44031.000     0.978125      7882275        45.71
   47679.000     0.981250      7907467        53.33
   52255.000     0.984375      7932466        64.00
   55167.000     0.985938      7945137        71.11
   58495.000     0.987500      7957739        80.00
   62463.000     0.989062      7970299        91.43
   67071.000     0.990625      7982841       106.67
   72639.000     0.992188      7995429       128.00
   75839.000     0.992969      8001723       142.22
   79359.000     0.993750      8008022       160.00
   83775.000     0.994531      8014335       182.86
   88447.000     0.995313      8020667       213.33
   93887.000     0.996094      8026909       256.00
   97151.000     0.996484      8030060       284.44
  101119.000     0.996875      8033233       320.00
  105727.000     0.997266      8036374       365.71
  110335.000     0.997656      8039491       426.67
  115199.000     0.998047      8042649       512.00
  118015.000     0.998242      8044223       568.89
  121791.000     0.998437      8045816       640.00
  126079.000     0.998633      8047373       731.43
  130751.000     0.998828      8048964       853.33
  136319.000     0.999023      8050528      1024.00
  139135.000     0.999121      8051295      1137.78
  142975.000     0.999219      8052085      1280.00
  147967.000     0.999316      8052878      1462.86
  154239.000     0.999414      8053663      1706.67
  161151.000     0.999512      8054447      2048.00
  165119.000     0.999561      8054842      2275.56
  169343.000     0.999609      8055237      2560.00
  173439.000     0.999658      8055623      2925.71
  180095.000     0.999707      8056023      3413.33
  185215.000     0.999756      8056420      4096.00
  187775.000     0.999780      8056618      4551.11
  191999.000     0.999805      8056805      5120.00
  196991.000     0.999829      8057003      5851.43
  201215.000     0.999854      8057196      6826.67
  205823.000     0.999878      8057399      8192.00
  208255.000     0.999890      8057496      9102.22
  210175.000     0.999902      8057596     10240.00
  212351.000     0.999915      8057689     11702.86
  219519.000     0.999927      8057786     13653.33
  226687.000     0.999939      8057886     16384.00
  230143.000     0.999945      8057936     18204.44
  234495.000     0.999951      8057983     20480.00
  243839.000     0.999957      8058032     23405.71
  254847.000     0.999963      8058081     27306.67
  272127.000     0.999969      8058131     32768.00
  279295.000     0.999973      8058158     36408.89
  287743.000     0.999976      8058180     40960.00
  296959.000     0.999979      8058205     46811.43
  299519.000     0.999982      8058232     54613.33
  300287.000     0.999985      8058267     65536.00
  300287.000     0.999986      8058267     72817.78
  300543.000     0.999988      8058281     81920.00
  301567.000     0.999989      8058292     93622.86
  302591.000     0.999991      8058304    109226.67
  335615.000     0.999992      8058316    131072.00
  343295.000     0.999993      8058323    145635.56
  343807.000     0.999994      8058329    163840.00
  344319.000     0.999995      8058336    187245.71
  344575.000     0.999995      8058343    218453.33
  345087.000     0.999996      8058352    262144.00
  345087.000     0.999997      8058352    291271.11
  345087.000     0.999997      8058352    327680.00
  345343.000     0.999997      8058357    374491.43
  345599.000     0.999998      8058363    436906.67
  345599.000     0.999998      8058363    524288.00
  345599.000     0.999998      8058363    582542.22
  345855.000     0.999998      8058368    655360.00
  345855.000     0.999999      8058368    748982.86
  345855.000     0.999999      8058368    873813.33
  346111.000     0.999999      8058370   1048576.00
  346111.000     0.999999      8058370   1165084.44
  346111.000     0.999999      8058370   1310720.00
  346367.000     0.999999      8058374   1497965.71
  346367.000     0.999999      8058374   1747626.67
  346367.000     1.000000      8058374   2097152.00
  346367.000     1.000000      8058374   2330168.89
  346367.000     1.000000      8058374   2621440.00
  346367.000     1.000000      8058374   2995931.43
  346367.000     1.000000      8058374   3495253.33
  346879.000     1.000000      8058375   4194304.00
  346879.000     1.000000      8058375   4660337.78
  346879.000     1.000000      8058375   5242880.00
  346879.000     1.000000      8058375   5991862.86
  346879.000     1.000000      8058375   6990506.67
  347135.000     1.000000      8058376   8388608.00
  347135.000     1.000000      8058376          inf
#[Mean    =     7197.495, StdDeviation   =    13308.133]
#[Max     =   347135.000, Total count    =      8058376]
#[Buckets =            9, SubBuckets     =         2048]
