       Value   Percentile   TotalCount 1/(1-Percentile)

     126.000     0.000000            1         1.00
     514.000     0.100000       294313         1.11
     881.000     0.200000       588223         1.25
    1469.000     0.300000       882459         1.43
    2467.000     0.400000      1176356         1.67
    4049.000     0.500000      1470473         2.00
    5231.000     0.550000      1617799         2.22
    6855.000     0.600000      1764503         2.50
    9071.000     0.650000      1911826         2.86
   12271.000     0.700000      2058563         3.33
   16895.000     0.750000      2205576         4.00
   19807.000     0.775000      2279240         4.44
   23615.000     0.800000      2352811         5.00
   29439.000     0.825000      2426115         5.71
   37791.000     0.850000      2499693         6.67
   50367.000     0.875000      2573302         8.00
   58335.000     0.887500      2609934         8.89
   67583.000     0.900000      2646896        10.00
   78463.000     0.912500      2683494        11.43
   91711.000     0.925000      2720279        13.33
  108607.000     0.937500      2757013        16.00
  119487.000     0.943750      2775342        17.78
  132863.000     0.950000      2793748        20.00
  154879.000     0.956250      2812127        22.86
  185983.000     0.962500      2830504        26.67
  211327.000     0.968750      2848924        32.00
  223103.000     0.971875      2858034        35.56
  234623.000     0.975000      2867237        40.00
  246015.000     0.978125      2876513        45.71
  255871.000     0.981250      2885689        53.33
  267519.000     0.984375      2894838        64.00
  273663.000     0.985938      2899436        71.11
  280575.000     0.987500      2903996        80.00
  289535.000     0.989062      2908715        91.43
  299263.000     0.990625      2913207       106.67
  312063.000     0.992188      2917786       128.00
  320511.000     0.992969      2920103       142.22
  329983.000     0.993750      2922390       160.00
  339967.000     0.994531      2924688       182.86
  349951.000     0.995313      2926995       213.33
  358655.000     0.996094      2929259       256.00
  363519.000     0.996484      2930422       284.44
  367871.000     0.996875      2931557       320.00
  372991.000     0.997266      2932702       365.71
  378879.000     0.997656      2933860       426.67
  387071.000     0.998047      2935013       512.00
  391679.000     0.998242      2935587       568.89
  397055.000     0.998437      2936155       640.00
  404223.000     0.998633      2936729       731.43
  412927.000     0.998828      2937312       853.33
  425983.000     0.999023      2937876      1024.00
  434431.000     0.999121      2938163      1137.78
  444927.000     0.999219      2938449      1280.00
  454143.000     0.999316      2938735      1462.86
  461311.000     0.999414      2939021      1706.67
  469503.000     0.999512      2939314      2048.00
  473343.000     0.999561      2939450      2275.56
  477951.000     0.999609      2939595      2560.00
  483327.000     0.999658      2939742      2925.71
  488959.000     0.999707      2939882      3413.33
  497663.000     0.999756      2940024      4096.00
  503807.000     0.999780      2940100      4551.11
  511231.000     0.999805      2940167      5120.00
  522495.000     0.999829      2940239      5851.43
  534527.000     0.999854      2940313      6826.67
  549375.000     0.999878      2940383      8192.00
  562175.000     0.999890      2940419      9102.22
  569343.000     0.999902      2940454     10240.00
  578047.000     0.999915      2940490     11702.86
  607231.000     0.999927      2940527     13653.33
  624127.000     0.999939      2940562     16384.00
  632319.000     0.999945      2940580     18204.44
  644095.000     0.999951      2940603     20480.00
  650751.000     0.999957      2940618     23405.71
  663039.000     0.999963      2940634     27306.67
  678399.000     0.999969      2940652     32768.00
  706047.000     0.999973      2940661     36408.89
  712703.000     0.999976      2940670     40960.00
  726527.000     0.999979      2940679     46811.43
  758783.000     0.999982      2940688     54613.33
  775679.000     0.999985      2940697     65536.00
  784383.000     0.999986      2940701     72817.78
  821247.000     0.999988      2940706     81920.00
  831487.000     0.999989      2940710     93622.86
  839167.000     0.999991      2940715    109226.67
  844799.000     0.999992      2940719    131072.00
  847359.000     0.999993      2940721    145635.56
  852479.000     0.999994      2940724    163840.00
  853503.000     0.999995      2940726    187245.71
  856063.000     0.999995      2940728    218453.33
  859647.000     0.999996      2940730    262144.00
  864255.000     0.999997      2940731    291271.11
  887295.000     0.999997      2940734    327680.00
  887295.000     0.999997      2940734    374491.43
  889343.000     0.999998      2940735    436906.67
  922623.000     0.999998      2940737    524288.00
  922623.000     0.999998      2940737    582542.22
  922623.000     0.999998      2940737    655360.00
  926719.000     0.999999      2940738    748982.86
  926719.000     0.999999      2940738    873813.33
  941055.000     0.999999      2940739   1048576.00
  941055.000     0.999999      2940739   1165084.44
  941055.000     0.999999      2940739   1310720.00
  941567.000     0.999999      2940741   1497965.71
  941567.000     1.000000      2940741          inf
#[Mean    =    24755.826, StdDeviation   =    57266.273]
#[Max     =   941567.000, Total count    =      2940741]
#[Buckets =           10, SubBuckets     =         2048]
