       Value   Percentile   TotalCount 1/(1-Percentile)

      55.000     0.000000            1         1.00
     203.000     0.100000       530755         1.11
     292.000     0.200000      1065312         1.25
     415.000     0.300000      1592499         1.43
     662.000     0.400000      2120384         1.67
    1452.000     0.500000      2650736         2.00
    2067.000     0.550000      2915738         2.22
    2835.000     0.600000      3180930         2.50
    4089.000     0.650000      3445531         2.86
    6943.000     0.700000      3710801         3.33
   10823.000     0.750000      3975829         4.00
   12711.000     0.775000      4108253         4.44
   14999.000     0.800000      4241087         5.00
   17007.000     0.825000      4373200         5.71
   18799.000     0.850000      4506241         6.67
   20879.000     0.875000      4638919         8.00
   22319.000     0.887500      4704481         8.89
   24879.000     0.900000      4770710        10.00
   35871.000     0.912500      4836951        11.43
   45823.000     0.925000      4903267        13.33
   55359.000     0.937500      4969579        16.00
   58847.000     0.943750      5002830        17.78
   62943.000     0.950000      5035809        20.00
   71999.000     0.956250      5068872        22.86
  102975.000     0.962500      5101996        26.67
  144127.000     0.968750      5135416        32.00
  149247.000     0.971875      5151798        35.56
  153343.000     0.975000      5168347        40.00
  157183.000     0.978125      5185126        45.71
  161919.000     0.981250      5201494        53.33
  166911.000     0.984375      5217966        64.00
  169727.000     0.985938      5226310        71.11
  174463.000     0.987500      5234605        80.00
  180607.000     0.989062      5242789        91.43
  187007.000     0.990625      5251121       106.67
  193919.000     0.992188      5259352       128.00
  197119.000     0.992969      5263550       142.22
  200319.000     0.993750      5267696       160.00
  203647.000     0.994531      5271826       182.86
  206975.000     0.995313      5276057       213.33
  210175.000     0.996094      5280127       256.00
  211839.000     0.996484      5282230       284.44
  213631.000     0.996875      5284206       320.00
  215807.000     0.997266      5286276       365.71
  218623.000     0.997656      5288382       426.67
  221567.000     0.998047      5290417       512.00
  223359.000     0.998242      5291503       568.89
  225279.000     0.998437      5292519       640.00
  227583.000     0.998633      5293553       731.43
  230399.000     0.998828      5294584       853.33
  234111.000     0.999023      5295592      1024.00
  236159.000     0.999121      5296106      1137.78
  238335.000     0.999219      5296650      1280.00
  240639.000     0.999316      5297155      1462.86
  243455.000     0.999414      5297661      1706.67
  246911.000     0.999512      5298183      2048.00
  248575.000     0.999561      5298438      2275.56
  250495.000     0.999609      5298702      2560.00
  252287.000     0.999658      5298967      2925.71
  254463.000     0.999707      5299210      3413.33
  257279.000     0.999756      5299481      4096.00
  258687.000     0.999780      5299609      4551.11
  260223.000     0.999805      5299735      5120.00
  261887.000     0.999829      5299861      5851.43
  263679.000     0.999854      5299992      6826.67
  266495.000     0.999878      5300122      8192.00
  267519.000     0.999890      5300184      9102.22
  269311.000     0.999902      5300247     10240.00
  271359.000     0.999915      5300313     11702.86
  272895.000     0.999927      5300374     13653.33
  275199.000     0.999939      5300440     16384.00
  276479.000     0.999945      5300472     18204.44
  277503.000     0.999951      5300504     20480.00
  279295.000     0.999957      5300536     23405.71
  280831.000     0.999963      5300569     27306.67
  282367.000     0.999969      5300603     32768.00
  283135.000     0.999973      5300619     36408.89
  283903.000     0.999976      5300635     40960.00
  284415.000     0.999979      5300651     46811.43
  285183.000     0.999982      5300671     54613.33
  286719.000     0.999985      5300683     65536.00
  287231.000     0.999986      5300690     72817.78
  287743.000     0.999988      5300698     81920.00
  288767.000     0.999989      5300708     93622.86
  289535.000     0.999991      5300715    109226.67
  290303.000     0.999992      5300723    131072.00
  291071.000     0.999993      5300727    145635.56
  291327.000     0.999994      5300730    163840.00
  292095.000     0.999995      5300734    187245.71
  293119.000     0.999995      5300739    218453.33
  293375.000     0.999996      5300744    262144.00
  293375.000     0.999997      5300744    291271.11
  293887.000     0.999997      5300746    327680.00
  294399.000     0.999997      5300749    374491.43
  294655.000     0.999998      5300751    436906.67
  295423.000     0.999998      5300754    524288.00
  295423.000     0.999998      5300754    582542.22
  295423.000     0.999998      5300754    655360.00
  295935.000     0.999999      5300755    748982.86
  296447.000     0.999999      5300756    873813.33
  298495.000     0.999999      5300757   1048576.00
  299263.000     0.999999      5300759   1165084.44
  299263.000     0.999999      5300759   1310720.00
  299263.000     0.999999      5300759   1497965.71
  299263.000     0.999999      5300759   1747626.67
  302591.000     1.000000      5300760   2097152.00
  302591.000     1.000000      5300760   2330168.89
  302591.000     1.000000      5300760   2621440.00
  303871.000     1.000000      5300761   2995931.43
  303871.000     1.000000      5300761   3495253.33
  303871.000     1.000000      5300761   4194304.00
  303871.000     1.000000      5300761   4660337.78
  303871.000     1.000000      5300761   5242880.00
  305663.000     1.000000      5300762   5991862.86
  305663.000     1.000000      5300762          inf
#[Mean    =    13370.920, StdDeviation   =    33932.825]
#[Max     =   305663.000, Total count    =      5300762]
#[Buckets =            9, SubBuckets     =         2048]
