       Value   Percentile   TotalCount 1/(1-Percentile)

      67.000     0.000000            1         1.00
      82.000     0.100000        36102         1.11
      83.000     0.200000        47181         1.25
     126.000     0.300000        56844         1.43
     141.000     0.400000        76045         1.67
     153.000     0.500000       103184         2.00
     154.000     0.550000       107407         2.22
     158.000     0.600000       113905         2.50
     178.000     0.650000       123113         2.86
     191.000     0.700000       132676         3.33
     203.000     0.750000       144427         4.00
     204.000     0.775000       150613         4.44
     205.000     0.800000       153653         5.00
     207.000     0.825000       156700         5.71
     208.000     0.850000       160923         6.67
     209.000     0.875000       165913         8.00
     210.000     0.887500       171596         8.89
     210.000     0.900000       171596        10.00
     211.000     0.912500       177471        11.43
     211.000     0.925000       177471        13.33
     211.000     0.937500       177471        16.00
     212.000     0.943750       179882        17.78
     212.000     0.950000       179882        20.00
     213.000     0.956250       181082        22.86
     214.000     0.962500       182034        26.67
     216.000     0.968750       183520        32.00
     217.000     0.971875       184242        35.56
     217.000     0.975000       184242        40.00
     218.000     0.978125       184942        45.71
     219.000     0.981250       185571        53.33
     220.000     0.984375       186050        64.00
     221.000     0.985938       186490        71.11
     222.000     0.987500       186870        80.00
     223.000     0.989062       187211        91.43
     223.000     0.990625       187211       106.67
     224.000     0.992188       187508       128.00
     225.000     0.992969       187734       142.22
     226.000     0.993750       187932       160.00
     226.000     0.994531       187932       182.86
     227.000     0.995313       188084       213.33
     228.000     0.996094       188219       256.00
     229.000     0.996484       188337       284.44
     230.000     0.996875       188439       320.00
     230.000     0.997266       188439       365.71
     232.000     0.997656       188560       426.67
     233.000     0.998047       188611       512.00
     234.000     0.998242       188656       568.89
     235.000     0.998437       188704       640.00
     235.000     0.998633       188704       731.43
     236.000     0.998828       188742       853.33
     238.000     0.999023       188779      1024.00
     239.000     0.999121       188798      1137.78
     240.000     0.999219       188812      1280.00
     241.000     0.999316       188824      1462.86
     244.000     0.999414       188848      1706.67
     248.000     0.999512       188864      2048.00
     252.000     0.999561       188873      2275.56
     258.000     0.999609       188880      2560.00
     281.000     0.999658       188889      2925.71
     315.000     0.999707       188899      3413.33
     369.000     0.999756       188907      4096.00
     430.000     0.999780       188912      4551.11
     527.000     0.999805       188917      5120.00
     745.000     0.999829       188921      5851.43
    1344.000     0.999854       188926      6826.67
    1526.000     0.999878       188930      8192.00
    1646.000     0.999890       188933      9102.22
    1700.000     0.999902       188935     10240.00
    1949.000     0.999915       188937     11702.86
    2445.000     0.999927       188940     13653.33
    4831.000     0.999939       188942     16384.00
    4971.000     0.999945       188943     18204.44
    5051.000     0.999951       188944     20480.00
    5083.000     0.999957       188945     23405.71
    5155.000     0.999963       188947     27306.67
    5435.000     0.999969       188948     32768.00
    5435.000     0.999973       188948     36408.89
   17311.000     0.999976       188949     40960.00
   17311.000     0.999979       188949     46811.43
   17551.000     0.999982       188950     54613.33
   17711.000     0.999985       188951     65536.00
   17711.000     0.999986       188951     72817.78
   17711.000     0.999988       188951     81920.00
   17711.000     0.999989       188951     93622.86
   17983.000     0.999991       188952    109226.67
   17983.000     0.999992       188952    131072.00
   17983.000     0.999993       188952    145635.56
   17983.000     0.999994       188952    163840.00
   17983.000     0.999995       188952    187245.71
   18287.000     0.999995       188953    218453.33
   18287.000     1.000000       188953          inf
#[Mean    =      150.076, StdDeviation   =      109.052]
#[Max     =    18287.000, Total count    =       188953]
#[Buckets =            5, SubBuckets     =         2048]
