       Value   Percentile   TotalCount 1/(1-Percentile)

     143.000     0.000000            1         1.00
     660.000     0.100000       353563         1.11
    1041.000     0.200000       706886         1.25
    1701.000     0.300000      1059824         1.43
    2511.000     0.400000      1413353         1.67
    3197.000     0.500000      1766270         2.00
    3713.000     0.550000      1942680         2.22
    4831.000     0.600000      2119036         2.50
    9959.000     0.650000      2295629         2.86
   15743.000     0.700000      2472187         3.33
   21327.000     0.750000      2648675         4.00
   23615.000     0.775000      2737008         4.44
   27023.000     0.800000      2825435         5.00
   32191.000     0.825000      2913597         5.71
   44735.000     0.850000      3001775         6.67
   56607.000     0.875000      3090257         8.00
   62175.000     0.887500      3134187         8.89
   69631.000     0.900000      3178506        10.00
   77567.000     0.912500      3222699        11.43
   88447.000     0.925000      3266793        13.33
   98687.000     0.937500      3311034        16.00
  103231.000     0.943750      3332918        17.78
  107903.000     0.950000      3355113        20.00
  115967.000     0.956250      3377141        22.86
  123903.000     0.962500      3399231        26.67
  134655.000     0.968750      3421253        32.00
  140927.000     0.971875      3432194        35.56
  150015.000     0.975000      3443297        40.00
  157823.000     0.978125      3454399        45.71
  166527.000     0.981250      3465357        53.33
  175487.000     0.984375      3476310        64.00
  180735.000     0.985938      3481819        71.11
  185727.000     0.987500      3487437        80.00
  191487.000     0.989062      3492853        91.43
  198655.000     0.990625      3498468       106.67
  205951.000     0.992188      3503926       128.00
  209023.000     0.992969      3506740       142.22
  212223.000     0.993750      3509522       160.00
  216191.000     0.994531      3512166       182.86
  220415.000     0.995313      3514927       213.33
  224383.000     0.996094      3517692       256.00
  226303.000     0.996484      3519119       284.44
  228735.000     0.996875      3520481       320.00
  230783.000     0.997266      3521849       365.71
  232831.000     0.997656      3523204       426.67
  235263.000     0.998047      3524610       512.00
  236671.000     0.998242      3525317       568.89
  238207.000     0.998437      3525966       640.00
  240639.000     0.998633      3526661       731.43
  246783.000     0.998828      3527343       853.33
  253695.000     0.999023      3528026      1024.00
  257663.000     0.999121      3528378      1137.78
  265471.000     0.999219      3528723      1280.00
  273151.000     0.999316      3529062      1462.86
  282367.000     0.999414      3529408      1706.67
  303871.000     0.999512      3529752      2048.00
  323327.000     0.999561      3529924      2275.56
  339199.000     0.999609      3530097      2560.00
  346111.000     0.999658      3530273      2925.71
  350975.000     0.999707      3530440      3413.33
  354303.000     0.999756      3530629      4096.00
  356095.000     0.999780      3530700      4551.11
  357375.000     0.999805      3530787      5120.00
  358399.000     0.999829      3530874      5851.43
  359935.000     0.999854      3530963      6826.67
  364287.000     0.999878      3531045      8192.00
  366847.000     0.999890      3531087      9102.22
  370943.000     0.999902      3531131     10240.00
  375295.000     0.999915      3531175     11702.86
  378623.000     0.999927      3531216     13653.33
  381951.000     0.999939      3531260     16384.00
  383743.000     0.999945      3531287     18204.44
  385279.000     0.999951      3531305     20480.00
  386303.000     0.999957      3531328     23405.71
  388095.000     0.999963      3531345     27306.67
  402431.000     0.999969      3531367     32768.00
  412159.000     0.999973      3531378     36408.89
  421375.000     0.999976      3531388     40960.00
  428031.000     0.999979      3531399     46811.43
  431615.000     0.999982      3531410     54613.33
  440319.000     0.999985      3531421     65536.00
  441343.000     0.999986      3531427     72817.78
  441599.000     0.999988      3531431     81920.00
  446207.000     0.999989      3531437     93622.86
  452351.000     0.999991      3531443    109226.67
  460031.000     0.999992      3531448    131072.00
  461055.000     0.999993      3531450    145635.56
  462335.000     0.999994      3531453    163840.00
  463871.000     0.999995      3531456    187245.71
  466175.000     0.999995      3531459    218453.33
  466687.000     0.999996      3531461    262144.00
  467199.000     0.999997      3531462    291271.11
  467711.000     0.999997      3531465    327680.00
  467711.000     0.999997      3531465    374491.43
  468479.000     0.999998      3531467    436906.67
  468991.000     0.999998      3531468    524288.00
  468991.000     0.999998      3531468    582542.22
  472831.000     0.999998      3531469    655360.00
  474367.000     0.999999      3531470    748982.86
  474367.000     0.999999      3531470    873813.33
  479487.000     0.999999      3531471   1048576.00
  479487.000     0.999999      3531471   1165084.44
  480511.000     0.999999      3531472   1310720.00
  480511.000     0.999999      3531472   1497965.71
  480511.000     0.999999      3531472   1747626.67
  493823.000     1.000000      3531473   2097152.00
  493823.000     1.000000      3531473   2330168.89
  493823.000     1.000000      3531473   2621440.00
  493823.000     1.000000      3531473   2995931.43
  493823.000     1.000000      3531473   3495253.33
  496383.000     1.000000      3531474   4194304.00
  496383.000     1.000000      3531474          inf
#[Mean    =    21161.634, StdDeviation   =    39902.274]
#[Max     =   496383.000, Total count    =      3531474]
#[Buckets =            9, SubBuckets     =         2048]
