       Value   Percentile   TotalCount 1/(1-Percentile)

      64.000     0.000000            1         1.00
     461.000     0.100000       834211         1.11
     719.000     0.200000      1669216         1.25
    1054.000     0.300000      2500176         1.43
    1572.000     0.400000      3333172         1.67
    2373.000     0.500000      4167297         2.00
    2969.000     0.550000      4583032         2.22
    3725.000     0.600000      4999087         2.50
    4527.000     0.650000      5417266         2.86
    5295.000     0.700000      5833730         3.33
    6063.000     0.750000      6249121         4.00
    6471.000     0.775000      6458922         4.44
    6907.000     0.800000      6666635         5.00
    7391.000     0.825000      6874176         5.71
    7959.000     0.850000      7081991         6.67
    8679.000     0.875000      7291257         8.00
    9135.000     0.887500      7395577         8.89
    9695.000     0.900000      7498573        10.00
   10447.000     0.912500      7603131        11.43
   11511.000     0.925000      7707118        13.33
   13231.000     0.937500      7811069        16.00
   14687.000     0.943750      7863062        17.78
   17359.000     0.950000      7915087        20.00
   21775.000     0.956250      7967201        22.86
   25839.000     0.962500      8019349        26.67
   29359.000     0.968750      8071333        32.00
   31039.000     0.971875      8097408        35.56
   32767.000     0.975000      8123579        40.00
   34655.000     0.978125      8149785        45.71
   36831.000     0.981250      8175588        53.33
   39071.000     0.984375      8201815        64.00
   40223.000     0.985938      8214663        71.11
   41503.000     0.987500      8227810        80.00
   42847.000     0.989062      8240709        91.43
   44351.000     0.990625      8253774       106.67
   45983.000     0.992188      8266592       128.00
   46943.000     0.992969      8273208       142.22
   47935.000     0.993750      8279606       160.00
   49023.000     0.994531      8286120       182.86
   50207.000     0.995313      8292745       213.33
   51519.000     0.996094      8299149       256.00
   52287.000     0.996484      8302412       284.44
   53151.000     0.996875      8305677       320.00
   54111.000     0.997266      8308921       365.71
   55231.000     0.997656      8312181       426.67
   56479.000     0.998047      8315395       512.00
   57183.000     0.998242      8317079       568.89
   57919.000     0.998437      8318692       640.00
   58751.000     0.998633      8320265       731.43
   59775.000     0.998828      8321909       853.33
   61055.000     0.999023      8323541      1024.00
   61791.000     0.999121      8324340      1137.78
   62655.000     0.999219      8325146      1280.00
   63647.000     0.999316      8325973      1462.86
   64767.000     0.999414      8326791      1706.67
   65983.000     0.999512      8327603      2048.00
   66687.000     0.999561      8328003      2275.56
   67519.000     0.999609      8328425      2560.00
   68351.000     0.999658      8328827      2925.71
   69183.000     0.999707      8329238      3413.33
   70079.000     0.999756      8329636      4096.00
   70527.000     0.999780      8329846      4551.11
   70975.000     0.999805      8330029      5120.00
   71551.000     0.999829      8330243      5851.43
   72127.000     0.999854      8330434      6826.67
   72959.000     0.999878      8330637      8192.00
   73471.000     0.999890      8330747      9102.22
   74047.000     0.999902      8330843     10240.00
   74687.000     0.999915      8330943     11702.86
   75455.000     0.999927      8331046     13653.33
   76159.000     0.999939      8331147     16384.00
   76671.000     0.999945      8331202     18204.44
   77119.000     0.999951      8331254     20480.00
   77503.000     0.999957      8331299     23405.71
   78143.000     0.999963      8331352     27306.67
   78783.000     0.999969      8331401     32768.00
   79167.000     0.999973      8331428     36408.89
   79551.000     0.999976      8331453     40960.00
   79999.000     0.999979      8331482     46811.43
   80511.000     0.999982      8331503     54613.33
   81151.000     0.999985      8331527     65536.00
   81535.000     0.999986      8331544     72817.78
   81663.000     0.999988      8331553     81920.00
   82047.000     0.999989      8331567     93622.86
   82367.000     0.999991      8331578    109226.67
   82815.000     0.999992      8331592    131072.00
   82943.000     0.999993      8331598    145635.56
   83071.000     0.999994      8331604    163840.00
   83391.000     0.999995      8331610    187245.71
   83647.000     0.999995      8331616    218453.33
   83903.000     0.999996      8331624    262144.00
   84159.000     0.999997      8331629    291271.11
   84159.000     0.999997      8331629    327680.00
   84415.000     0.999997      8331633    374491.43
   84863.000     0.999998      8331635    436906.67
   85183.000     0.999998      8331639    524288.00
   85439.000     0.999998      8331640    582542.22
   85567.000     0.999998      8331642    655360.00
   85631.000     0.999999      8331643    748982.86
   86015.000     0.999999      8331646    873813.33
   86207.000     0.999999      8331647   1048576.00
   86207.000     0.999999      8331647   1165084.44
   86271.000     0.999999      8331649   1310720.00
   86271.000     0.999999      8331649   1497965.71
   86335.000     0.999999      8331650   1747626.67
   86655.000     1.000000      8331651   2097152.00
   86655.000     1.000000      8331651   2330168.89
   86655.000     1.000000      8331651   2621440.00
   86719.000     1.000000      8331652   2995931.43
   86719.000     1.000000      8331652   3495253.33
   86847.000     1.000000      8331653   4194304.00
   86847.000     1.000000      8331653   4660337.78
   86847.000     1.000000      8331653   5242880.00
   86847.000     1.000000      8331653   5991862.86
   86847.000     1.000000      8331653   6990506.67
   87103.000     1.000000      8331654   8388608.00
   87103.000     1.000000      8331654          inf
#[Mean    =     4991.371, StdDeviation   =     7864.508]
#[Max     =    87103.000, Total count    =      8331654]
#[Buckets =            7, SubBuckets     =         2048]
