       Value   Percentile   TotalCount 1/(1-Percentile)

     115.000     0.000000            1         1.00
     433.000     0.100000       332344         1.11
     636.000     0.200000       663619         1.25
    1840.000     0.300000       995282         1.43
    7027.000     0.400000      1327195         1.67
   11863.000     0.500000      1659264         2.00
   15199.000     0.550000      1824871         2.22
   18543.000     0.600000      1990834         2.50
   20511.000     0.650000      2157069         2.86
   22847.000     0.700000      2322335         3.33
   27359.000     0.750000      2488460         4.00
   29999.000     0.775000      2571412         4.44
   33759.000     0.800000      2654410         5.00
   36415.000     0.825000      2737028         5.71
   39039.000     0.850000      2820154         6.67
   43711.000     0.875000      2902831         8.00
   48607.000     0.887500      2944373         8.89
   53215.000     0.900000      2985929        10.00
   60319.000     0.912500      3027281        11.43
   66751.000     0.925000      3068987        13.33
   73087.000     0.937500      3110326        16.00
   76351.000     0.943750      3130957        17.78
   82303.000     0.950000      3151798        20.00
   90239.000     0.956250      3172341        22.86
   99903.000     0.962500      3193143        26.67
  111807.000     0.968750      3213866        32.00
  118399.000     0.971875      3224184        35.56
  127871.000     0.975000      3234570        40.00
  136959.000     0.978125      3244926        45.71
  145151.000     0.981250      3255336        53.33
  153727.000     0.984375      3265684        64.00
  159103.000     0.985938      3270907        71.11
  165503.000     0.987500      3276011        80.00
  173567.000     0.989062      3281250        91.43
  180991.000     0.990625      3286436       106.67
  190207.000     0.992188      3291579       128.00
  194559.000     0.992969      3294152       142.22
  199423.000     0.993750      3296743       160.00
  206847.000     0.994531      3299362       182.86
  216191.000     0.995313      3301932       213.33
  227583.000     0.996094      3304522       256.00
  233471.000     0.996484      3305822       284.44
  240511.000     0.996875      3307111       320.00
  247295.000     0.997266      3308421       365.71
  253311.000     0.997656      3309730       426.67
  261503.000     0.998047      3311001       512.00
  265471.000     0.998242      3311675       568.89
  273407.000     0.998437      3312305       640.00
  282879.000     0.998633      3312956       731.43
  293375.000     0.998828      3313592       853.33
  302591.000     0.999023      3314243      1024.00
  306943.000     0.999121      3314572      1137.78
  310527.000     0.999219      3314900      1280.00
  313855.000     0.999316      3315216      1462.86
  317183.000     0.999414      3315536      1706.67
  323327.000     0.999512      3315858      2048.00
  326655.000     0.999561      3316033      2275.56
  329471.000     0.999609      3316182      2560.00
  332287.000     0.999658      3316349      2925.71
  336639.000     0.999707      3316511      3413.33
  342527.000     0.999756      3316672      4096.00
  346111.000     0.999780      3316753      4551.11
  349951.000     0.999805      3316830      5120.00
  355327.000     0.999829      3316914      5851.43
  359935.000     0.999854      3316993      6826.67
  364543.000     0.999878      3317075      8192.00
  367103.000     0.999890      3317114      9102.22
  370175.000     0.999902      3317158     10240.00
  372735.000     0.999915      3317194     11702.86
  377087.000     0.999927      3317237     13653.33
  382719.000     0.999939      3317275     16384.00
  386303.000     0.999945      3317296     18204.44
  388863.000     0.999951      3317317     20480.00
  391679.000     0.999957      3317337     23405.71
  394239.000     0.999963      3317360     27306.67
  395775.000     0.999969      3317376     32768.00
  397823.000     0.999973      3317387     36408.89
  399359.000     0.999976      3317399     40960.00
  400639.000     0.999979      3317407     46811.43
  402687.000     0.999982      3317417     54613.33
  406271.000     0.999985      3317427     65536.00
  411903.000     0.999986      3317432     72817.78
  428799.000     0.999988      3317437     81920.00
  431103.000     0.999989      3317442     93622.86
  432383.000     0.999991      3317447    109226.67
  433407.000     0.999992      3317452    131072.00
  434687.000     0.999993      3317455    145635.56
  435199.000     0.999994      3317458    163840.00
  436223.000     0.999995      3317461    187245.71
  436735.000     0.999995      3317462    218453.33
  437759.000     0.999996      3317465    262144.00
  438271.000     0.999997      3317466    291271.11
  438527.000     0.999997      3317467    327680.00
  438783.000     0.999997      3317469    374491.43
  439807.000     0.999998      3317470    436906.67
  440063.000     0.999998      3317471    524288.00
  440575.000     0.999998      3317472    582542.22
  440575.000     0.999998      3317472    655360.00
  441343.000     0.999999      3317473    748982.86
  442367.000     0.999999      3317474    873813.33
  442367.000     0.999999      3317474   1048576.00
  443135.000     0.999999      3317475   1165084.44
  443135.000     0.999999      3317475   1310720.00
  443135.000     0.999999      3317475   1497965.71
  463359.000     0.999999      3317477   1747626.67
  463359.000     1.000000      3317477          inf
#[Mean    =    22385.787, StdDeviation   =    34444.083]
#[Max     =   463359.000, Total count    =      3317477]
#[Buckets =            9, SubBuckets     =         2048]
