       Value   Percentile   TotalCount 1/(1-Percentile)

      53.000     0.000000            2         1.00
      67.000     0.100000       265931         1.11
      70.000     0.200000       534689         1.25
      72.000     0.300000       793935         1.43
      73.000     0.400000       928241         1.67
      75.000     0.500000      1159130         2.00
      77.000     0.550000      1323865         2.22
      79.000     0.600000      1433278         2.50
      81.000     0.650000      1507884         2.86
      86.000     0.700000      1641788         3.33
      90.000     0.750000      1758735         4.00
      92.000     0.775000      1825140         4.44
      93.000     0.800000      1858726         5.00
      95.000     0.825000      1921380         5.71
      97.000     0.850000      1980516         6.67
      99.000     0.875000      2037889         8.00
     100.000     0.887500      2065012         8.89
     101.000     0.900000      2089607        10.00
     103.000     0.912500      2129273        11.43
     104.000     0.925000      2144670        13.33
     107.000     0.937500      2179388        16.00
     108.000     0.943750      2188800        17.78
     110.000     0.950000      2205666        20.00
     112.000     0.956250      2221348        22.86
     114.000     0.962500      2235559        26.67
     116.000     0.968750      2248151        32.00
     117.000     0.971875      2253781        35.56
     119.000     0.975000      2263854        40.00
     120.000     0.978125      2268046        45.71
     122.000     0.981250      2275192        53.33
     125.000     0.984375      2283866        64.00
     126.000     0.985938      2286267        71.11
     127.000     0.987500      2288558        80.00
     129.000     0.989062      2292688        91.43
     131.000     0.990625      2296286       106.67
     134.000     0.992188      2300711       128.00
     135.000     0.992969      2301979       142.22
     136.000     0.993750      2303132       160.00
     138.000     0.994531      2305110       182.86
     140.000     0.995313      2306921       213.33
     142.000     0.996094      2308604       256.00
     143.000     0.996484      2309344       284.44
     145.000     0.996875      2310661       320.00
     146.000     0.997266      2311228       365.71
     148.000     0.997656      2312202       426.67
     150.000     0.998047      2313082       512.00
     151.000     0.998242      2313416       568.89
     153.000     0.998437      2314029       640.00
     154.000     0.998633      2314324       731.43
     156.000     0.998828      2314845       853.33
     158.000     0.999023      2315277      1024.00
     160.000     0.999121      2315616      1137.78
     161.000     0.999219      2315772      1280.00
     163.000     0.999316      2316026      1462.86
     164.000     0.999414      2316157      1706.67
     167.000     0.999512      2316444      2048.00
     168.000     0.999561      2316544      2275.56
     169.000     0.999609      2316614      2560.00
     171.000     0.999658      2316726      2925.71
     173.000     0.999707      2316850      3413.33
     175.000     0.999756      2316940      4096.00
     176.000     0.999780      2316988      4551.11
     178.000     0.999805      2317057      5120.00
     180.000     0.999829      2317109      5851.43
     182.000     0.999854      2317160      6826.67
     185.000     0.999878      2317222      8192.00
     186.000     0.999890      2317238      9102.22
     188.000     0.999902      2317269     10240.00
     190.000     0.999915      2317293     11702.86
     194.000     0.999927      2317322     13653.33
     197.000     0.999939      2317349     16384.00
     199.000     0.999945      2317366     18204.44
     200.000     0.999951      2317375     20480.00
     203.000     0.999957      2317390     23405.71
     208.000     0.999963      2317403     27306.67
     212.000     0.999969      2317416     32768.00
     216.000     0.999973      2317423     36408.89
     222.000     0.999976      2317430     40960.00
     231.000     0.999979      2317438     46811.43
     246.000     0.999982      2317444     54613.33
     266.000     0.999985      2317451     65536.00
     353.000     0.999986      2317455     72817.78
     422.000     0.999988      2317458     81920.00
     488.000     0.999989      2317463     93622.86
     496.000     0.999991      2317466    109226.67
     521.000     0.999992      2317469    131072.00
     532.000     0.999993      2317471    145635.56
     536.000     0.999994      2317472    163840.00
     556.000     0.999995      2317474    187245.71
     569.000     0.999995      2317476    218453.33
     588.000     0.999996      2317478    262144.00
     601.000     0.999997      2317479    291271.11
     601.000     0.999997      2317479    327680.00
     639.000     0.999997      2317480    374491.43
     649.000     0.999998      2317481    436906.67
     680.000     0.999998      2317482    524288.00
     705.000     0.999998      2317483    582542.22
     705.000     0.999998      2317483    655360.00
     705.000     0.999999      2317483    748982.86
     736.000     0.999999      2317484    873813.33
     736.000     0.999999      2317484   1048576.00
     773.000     0.999999      2317485   1165084.44
     773.000     0.999999      2317485   1310720.00
     773.000     0.999999      2317485   1497965.71
     773.000     0.999999      2317485   1747626.67
     773.000     1.000000      2317485   2097152.00
     805.000     1.000000      2317486   2330168.89
     805.000     1.000000      2317486          inf
#[Mean    =       81.039, StdDeviation   =       15.085]
#[Max     =      805.000, Total count    =      2317486]
#[Buckets =            1, SubBuckets     =         2048]
