       Value   Percentile   TotalCount 1/(1-Percentile)

      50.000     0.000000            2         1.00
      56.000     0.100000        38266         1.11
      63.000     0.200000        70181         1.25
      79.000     0.300000        86836         1.43
      89.000     0.400000       115723         1.67
     103.000     0.500000       152725         2.00
     104.000     0.550000       179124         2.22
     104.000     0.600000       179124         2.50
     107.000     0.650000       188101         2.86
     116.000     0.700000       201480         3.33
     129.000     0.750000       221020         4.00
     130.000     0.775000       242724         4.44
     130.000     0.800000       242724         5.00
     130.000     0.825000       242724         5.71
     131.000     0.850000       258305         6.67
     131.000     0.875000       258305         8.00
     131.000     0.887500       258305         8.89
     132.000     0.900000       263430        10.00
     132.000     0.912500       263430        11.43
     133.000     0.925000       266308        13.33
     135.000     0.937500       270720        16.00
     136.000     0.943750       272685        17.78
     137.000     0.950000       274702        20.00
     138.000     0.956250       276703        22.86
     139.000     0.962500       278364        26.67
     140.000     0.968750       279681        32.00
     140.000     0.971875       279681        35.56
     141.000     0.975000       280743        40.00
     142.000     0.978125       281690        45.71
     143.000     0.981250       282513        53.33
     144.000     0.984375       283218        64.00
     145.000     0.985938       283848        71.11
     146.000     0.987500       284532        80.00
     146.000     0.989062       284532        91.43
     147.000     0.990625       284979       106.67
     149.000     0.992188       285502       128.00
     150.000     0.992969       285664       142.22
     152.000     0.993750       285921       160.00
     154.000     0.994531       286069       182.86
     157.000     0.995313       286285       213.33
     162.000     0.996094       286482       256.00
     170.000     0.996484       286604       284.44
     172.000     0.996875       286759       320.00
     173.000     0.997266       286848       365.71
     174.000     0.997656       286952       426.67
     176.000     0.998047       287054       512.00
     179.000     0.998242       287109       568.89
     183.000     0.998437       287162       640.00
     188.000     0.998633       287212       731.43
     203.000     0.998828       287269       853.33
     210.000     0.999023       287326      1024.00
     213.000     0.999121       287357      1137.78
     220.000     0.999219       287380      1280.00
     228.000     0.999316       287408      1462.86
     232.000     0.999414       287459      1706.67
     233.000     0.999512       287472      2048.00
     235.000     0.999561       287488      2275.56
     236.000     0.999609       287492      2560.00
     240.000     0.999658       287511      2925.71
     241.000     0.999707       287520      3413.33
     246.000     0.999756       287534      4096.00
     252.000     0.999780       287545      4551.11
     254.000     0.999805       287549      5120.00
     259.000     0.999829       287556      5851.43
     265.000     0.999854       287562      6826.67
     270.000     0.999878       287569      8192.00
     274.000     0.999890       287577      9102.22
     274.000     0.999902       287577     10240.00
     276.000     0.999915       287580     11702.86
     278.000     0.999927       287584     13653.33
     280.000     0.999939       287587     16384.00
     284.000     0.999945       287589     18204.44
     287.000     0.999951       287591     20480.00
     297.000     0.999957       287592     23405.71
     302.000     0.999963       287594     27306.67
     309.000     0.999969       287596     32768.00
     313.000     0.999973       287597     36408.89
     313.000     0.999976       287597     40960.00
     338.000     0.999979       287598     46811.43
     382.000     0.999982       287599     54613.33
     423.000     0.999985       287600     65536.00
     459.000     0.999986       287601     72817.78
     459.000     0.999988       287601     81920.00
     459.000     0.999989       287601     93622.86
     501.000     0.999991       287602    109226.67
     501.000     0.999992       287602    131072.00
     527.000     0.999993       287603    145635.56
     527.000     0.999994       287603    163840.00
     527.000     0.999995       287603    187245.71
     527.000     0.999995       287603    218453.33
     527.000     0.999996       287603    262144.00
     670.000     0.999997       287604    291271.11
     670.000     1.000000       287604          inf
#[Mean    =       96.983, StdDeviation   =       29.609]
#[Max     =      670.000, Total count    =       287604]
#[Buckets =            1, SubBuckets     =         2048]
