       Value   Percentile   TotalCount 1/(1-Percentile)

     308.000     0.000000            1         1.00
   13519.000     0.100000       294437         1.11
   16103.000     0.200000       588467         1.25
   18207.000     0.300000       883560         1.43
   20463.000     0.400000      1177300         1.67
   22703.000     0.500000      1470324         2.00
   23935.000     0.550000      1616657         2.22
   25295.000     0.600000      1763480         2.50
   26815.000     0.650000      1911325         2.86
   28463.000     0.700000      2057729         3.33
   30319.000     0.750000      2204317         4.00
   31375.000     0.775000      2278102         4.44
   32559.000     0.800000      2351003         5.00
   33919.000     0.825000      2425751         5.71
   35423.000     0.850000      2498071         6.67
   37183.000     0.875000      2572327         8.00
   38143.000     0.887500      2608677         8.89
   39199.000     0.900000      2645316        10.00
   40351.000     0.912500      2681917        11.43
   41695.000     0.925000      2718214        13.33
   43455.000     0.937500      2755533        16.00
   44543.000     0.943750      2773710        17.78
   45759.000     0.950000      2791934        20.00
   47167.000     0.956250      2810169        22.86
   48831.000     0.962500      2828589        26.67
   50751.000     0.968750      2846803        32.00
   51839.000     0.971875      2856185        35.56
   53023.000     0.975000      2865260        40.00
   54335.000     0.978125      2874429        45.71
   55967.000     0.981250      2883597        53.33
   57919.000     0.984375      2892694        64.00
   59263.000     0.985938      2897301        71.11
   60895.000     0.987500      2901882        80.00
   63103.000     0.989062      2906499        91.43
   65855.000     0.990625      2911071       106.67
   69055.000     0.992188      2915661       128.00
   71103.000     0.992969      2917955       142.22
   73919.000     0.993750      2920268       160.00
   78207.000     0.994531      2922550       182.86
   84095.000     0.995313      2924837       213.33
   94911.000     0.996094      2927147       256.00
  101695.000     0.996484      2928278       284.44
  116607.000     0.996875      2929425       320.00
  137471.000     0.997266      2930580       365.71
  155519.000     0.997656      2931721       426.67
  166655.000     0.998047      2932891       512.00
  171263.000     0.998242      2933442       568.89
  176383.000     0.998437      2934024       640.00
  180991.000     0.998633      2934597       731.43
  187263.000     0.998828      2935170       853.33
  194431.000     0.999023      2935746      1024.00
  197759.000     0.999121      2936026      1137.78
  201727.000     0.999219      2936316      1280.00
  204671.000     0.999316      2936600      1462.86
  207871.000     0.999414      2936894      1706.67
  212863.000     0.999512      2937176      2048.00
  215423.000     0.999561      2937318      2275.56
  218623.000     0.999609      2937460      2560.00
  221823.000     0.999658      2937603      2925.71
  224511.000     0.999707      2937747      3413.33
  227711.000     0.999756      2937894      4096.00
  229503.000     0.999780      2937967      4551.11
  231551.000     0.999805      2938040      5120.00
  233343.000     0.999829      2938116      5851.43
  234495.000     0.999854      2938183      6826.67
  237055.000     0.999878      2938252      8192.00
  240255.000     0.999890      2938285      9102.22
  242687.000     0.999902      2938322     10240.00
  244351.000     0.999915      2938357     11702.86
  247551.000     0.999927      2938392     13653.33
  250111.000     0.999939      2938428     16384.00
  251903.000     0.999945      2938455     18204.44
  252031.000     0.999951      2938466     20480.00
  254079.000     0.999957      2938483     23405.71
  256255.000     0.999963      2938504     27306.67
  258047.000     0.999969      2938518     32768.00
  259583.000     0.999973      2938528     36408.89
  261503.000     0.999976      2938537     40960.00
  262911.000     0.999979      2938546     46811.43
  264959.000     0.999982      2938556     54613.33
  267007.000     0.999985      2938563     65536.00
  267775.000     0.999986      2938572     72817.78
  267775.000     0.999988      2938572     81920.00
  271359.000     0.999989      2938576     93622.86
  273407.000     0.999991      2938582    109226.67
  273663.000     0.999992      2938585    131072.00
  273919.000     0.999993      2938587    145635.56
  275967.000     0.999994      2938591    163840.00
  277759.000     0.999995      2938592    187245.71
  280575.000     0.999995      2938595    218453.33
  280831.000     0.999996      2938596    262144.00
  284159.000     0.999997      2938597    291271.11
  287743.000     0.999997      2938600    327680.00
  287743.000     0.999997      2938600    374491.43
  287999.000     0.999998      2938606    436906.67
  287999.000     0.999998      2938606    524288.00
  287999.000     0.999998      2938606    582542.22
  287999.000     0.999998      2938606    655360.00
  287999.000     0.999999      2938606    748982.86
  287999.000     0.999999      2938606    873813.33
  287999.000     0.999999      2938606   1048576.00
  287999.000     0.999999      2938606   1165084.44
  287999.000     0.999999      2938606   1310720.00
  287999.000     0.999999      2938606   1497965.71
  287999.000     0.999999      2938606   1747626.67
  287999.000     1.000000      2938606   2097152.00
  287999.000     1.000000      2938606   2330168.89
  287999.000     1.000000      2938606   2621440.00
  288255.000     1.000000      2938607   2995931.43
  288255.000     1.000000      2938607          inf
#[Mean    =    25335.150, StdDeviation   =    14043.260]
#[Max     =   288255.000, Total count    =      2938607]
#[Buckets =            9, SubBuckets     =         2048]
