       Value   Percentile   TotalCount 1/(1-Percentile)

     298.000     0.000000            1         1.00
   15575.000     0.100000       282878         1.11
   18143.000     0.200000       566277         1.25
   20351.000     0.300000       849575         1.43
   22495.000     0.400000      1130887         1.67
   24671.000     0.500000      1413738         2.00
   25807.000     0.550000      1555218         2.22
   27007.000     0.600000      1697767         2.50
   28271.000     0.650000      1838426         2.86
   29647.000     0.700000      1980119         3.33
   31183.000     0.750000      2120843         4.00
   32031.000     0.775000      2191032         4.44
   32959.000     0.800000      2262230         5.00
   33983.000     0.825000      2333514         5.71
   35103.000     0.850000      2402624         6.67
   36447.000     0.875000      2474009         8.00
   37215.000     0.887500      2509476         8.89
   38079.000     0.900000      2545189        10.00
   39039.000     0.912500      2580284        11.43
   40127.000     0.925000      2614900        13.33
   41503.000     0.937500      2650717        16.00
   42303.000     0.943750      2668239        17.78
   43199.000     0.950000      2685478        20.00
   44319.000     0.956250      2703405        22.86
   45631.000     0.962500      2720792        26.67
   47359.000     0.968750      2738486        32.00
   48415.000     0.971875      2747260        35.56
   49727.000     0.975000      2756067        40.00
   51359.000     0.978125      2764877        45.71
   53535.000     0.981250      2773651        53.33
   56575.000     0.984375      2782458        64.00
   58815.000     0.985938      2786910        71.11
   61855.000     0.987500      2791283        80.00
   66431.000     0.989062      2795708        91.43
   72639.000     0.990625      2800134       106.67
   78911.000     0.992188      2804552       128.00
   82623.000     0.992969      2806771       142.22
   86655.000     0.993750      2808963       160.00
   91263.000     0.994531      2811177       182.86
   96383.000     0.995313      2813375       213.33
  101695.000     0.996094      2815590       256.00
  104575.000     0.996484      2816678       284.44
  107583.000     0.996875      2817786       320.00
  110911.000     0.997266      2818903       365.71
  115263.000     0.997656      2819988       426.67
  120447.000     0.998047      2821096       512.00
  123903.000     0.998242      2821654       568.89
  127871.000     0.998437      2822196       640.00
  131967.000     0.998633      2822752       731.43
  137087.000     0.998828      2823299       853.33
  145279.000     0.999023      2823859      1024.00
  150783.000     0.999121      2824131      1137.78
  157567.000     0.999219      2824407      1280.00
  166911.000     0.999316      2824684      1462.86
  175487.000     0.999414      2824955      1706.67
  184447.000     0.999512      2825242      2048.00
  186879.000     0.999561      2825375      2275.56
  190719.000     0.999609      2825511      2560.00
  193279.000     0.999658      2825653      2925.71
  196351.000     0.999707      2825784      3413.33
  198271.000     0.999756      2825923      4096.00
  199423.000     0.999780      2825994      4551.11
  200575.000     0.999805      2826059      5120.00
  203007.000     0.999829      2826134      5851.43
  204031.000     0.999854      2826198      6826.67
  205439.000     0.999878      2826269      8192.00
  206335.000     0.999890      2826302      9102.22
  207103.000     0.999902      2826335     10240.00
  208255.000     0.999915      2826375     11702.86
  209407.000     0.999927      2826404     13653.33
  210943.000     0.999939      2826439     16384.00
  211839.000     0.999945      2826457     18204.44
  212735.000     0.999951      2826473     20480.00
  214271.000     0.999957      2826493     23405.71
  215807.000     0.999963      2826509     27306.67
  217727.000     0.999969      2826526     32768.00
  219391.000     0.999973      2826534     36408.89
  220031.000     0.999976      2826542     40960.00
  221055.000     0.999979      2826551     46811.43
  221823.000     0.999982      2826562     54613.33
  222335.000     0.999985      2826570     65536.00
  222463.000     0.999986      2826573     72817.78
  222847.000     0.999988      2826578     81920.00
  223231.000     0.999989      2826582     93622.86
  223743.000     0.999991      2826586    109226.67
  223999.000     0.999992      2826590    131072.00
  224255.000     0.999993      2826593    145635.56
  224383.000     0.999994      2826596    163840.00
  224383.000     0.999995      2826596    187245.71
  224639.000     0.999995      2826599    218453.33
  225023.000     0.999996      2826602    262144.00
  225023.000     0.999997      2826602    291271.11
  225279.000     0.999997      2826603    327680.00
  225407.000     0.999997      2826604    374491.43
  225663.000     0.999998      2826607    436906.67
  225663.000     0.999998      2826607    524288.00
  225663.000     0.999998      2826607    582542.22
  225663.000     0.999998      2826607    655360.00
  226431.000     0.999999      2826608    748982.86
  226431.000     0.999999      2826608    873813.33
  226559.000     0.999999      2826609   1048576.00
  226559.000     0.999999      2826609   1165084.44
  226559.000     0.999999      2826609   1310720.00
  226815.000     0.999999      2826611   1497965.71
  226815.000     1.000000      2826611          inf
#[Mean    =    26521.766, StdDeviation   =    12170.653]
#[Max     =   226815.000, Total count    =      2826611]
#[Buckets =            8, SubBuckets     =         2048]
