       Value   Percentile   TotalCount 1/(1-Percentile)

      56.000     0.000000            1         1.00
     742.000     0.100000       810546         1.11
    1323.000     0.200000      1621143         1.25
    2005.000     0.300000      2431463         1.43
    2791.000     0.400000      3242889         1.67
    3683.000     0.500000      4052278         2.00
    4171.000     0.550000      4457404         2.22
    4695.000     0.600000      4862943         2.50
    5267.000     0.650000      5269361         2.86
    5891.000     0.700000      5673686         3.33
    6595.000     0.750000      6078721         4.00
    6987.000     0.775000      6281093         4.44
    7415.000     0.800000      6483403         5.00
    7887.000     0.825000      6685451         5.71
    8423.000     0.850000      6889682         6.67
    9031.000     0.875000      7090728         8.00
    9383.000     0.887500      7193427         8.89
    9759.000     0.900000      7293567        10.00
   10183.000     0.912500      7394696        11.43
   10671.000     0.925000      7496598        13.33
   11239.000     0.937500      7597736        16.00
   11559.000     0.943750      7648100        17.78
   11911.000     0.950000      7698922        20.00
   12295.000     0.956250      7749007        22.86
   12735.000     0.962500      7800103        26.67
   13231.000     0.968750      7849899        32.00
   13519.000     0.971875      7875933        35.56
   13823.000     0.975000      7901062        40.00
   14159.000     0.978125      7926149        45.71
   14543.000     0.981250      7951358        53.33
   14983.000     0.984375      7976827        64.00
   15231.000     0.985938      7989390        71.11
   15503.000     0.987500      8002014        80.00
   15815.000     0.989062      8014716        91.43
   16159.000     0.990625      8027156       106.67
   16559.000     0.992188      8039802       128.00
   16799.000     0.992969      8046332       142.22
   17055.000     0.993750      8052779       160.00
   17343.000     0.994531      8059044       182.86
   17663.000     0.995313      8065255       213.33
   18031.000     0.996094      8071496       256.00
   18255.000     0.996484      8074670       284.44
   18495.000     0.996875      8077849       320.00
   18767.000     0.997266      8080971       365.71
   19103.000     0.997656      8084252       426.67
   19471.000     0.998047      8087395       512.00
   19663.000     0.998242      8088905       568.89
   19887.000     0.998437      8090496       640.00
   20143.000     0.998633      8092099       731.43
   20415.000     0.998828      8093671       853.33
   20751.000     0.999023      8095223      1024.00
   20959.000     0.999121      8095992      1137.78
   21199.000     0.999219      8096776      1280.00
   21471.000     0.999316      8097587      1462.86
   21807.000     0.999414      8098385      1706.67
   22191.000     0.999512      8099179      2048.00
   22383.000     0.999561      8099552      2275.56
   22639.000     0.999609      8099939      2560.00
   22927.000     0.999658      8100341      2925.71
   23263.000     0.999707      8100747      3413.33
   23679.000     0.999756      8101128      4096.00
   23919.000     0.999780      8101340      4551.11
   24175.000     0.999805      8101527      5120.00
   24415.000     0.999829      8101723      5851.43
   24751.000     0.999854      8101917      6826.67
   25071.000     0.999878      8102115      8192.00
   25263.000     0.999890      8102214      9102.22
   25455.000     0.999902      8102312     10240.00
   25759.000     0.999915      8102412     11702.86
   26095.000     0.999927      8102512     13653.33
   26527.000     0.999939      8102613     16384.00
   26719.000     0.999945      8102658     18204.44
   26943.000     0.999951      8102708     20480.00
   27247.000     0.999957      8102759     23405.71
   27615.000     0.999963      8102807     27306.67
   28367.000     0.999969      8102857     32768.00
   28703.000     0.999973      8102881     36408.89
   28975.000     0.999976      8102906     40960.00
   29487.000     0.999979      8102930     46811.43
   29935.000     0.999982      8102956     54613.33
   30591.000     0.999985      8102980     65536.00
   30847.000     0.999986      8102992     72817.78
   32159.000     0.999988      8103005     81920.00
   32719.000     0.999989      8103017     93622.86
   33599.000     0.999991      8103029    109226.67
   34239.000     0.999992      8103043    131072.00
   34559.000     0.999993      8103048    145635.56
   34687.000     0.999994      8103054    163840.00
   34911.000     0.999995      8103060    187245.71
   35999.000     0.999995      8103067    218453.33
   36127.000     0.999996      8103073    262144.00
   36607.000     0.999997      8103076    291271.11
   37151.000     0.999997      8103079    327680.00
   37343.000     0.999997      8103082    374491.43
   37631.000     0.999998      8103085    436906.67
   37791.000     0.999998      8103088    524288.00
   37855.000     0.999998      8103090    582542.22
   37919.000     0.999998      8103091    655360.00
   38047.000     0.999999      8103093    748982.86
   38143.000     0.999999      8103094    873813.33
   38239.000     0.999999      8103096   1048576.00
   38367.000     0.999999      8103097   1165084.44
   38367.000     0.999999      8103097   1310720.00
   38591.000     0.999999      8103098   1497965.71
   38751.000     0.999999      8103099   1747626.67
   38975.000     1.000000      8103102   2097152.00
   38975.000     1.000000      8103102   2330168.89
   38975.000     1.000000      8103102   2621440.00
   38975.000     1.000000      8103102   2995931.43
   38975.000     1.000000      8103102   3495253.33
   38975.000     1.000000      8103102   4194304.00
   38975.000     1.000000      8103102   4660337.78
   38975.000     1.000000      8103102   5242880.00
   38975.000     1.000000      8103102   5991862.86
   38975.000     1.000000      8103102   6990506.67
   39071.000     1.000000      8103103   8388608.00
   39071.000     1.000000      8103103          inf
#[Mean    =     4587.618, StdDeviation   =     3688.908]
#[Max     =    39071.000, Total count    =      8103103]
#[Buckets =            6, SubBuckets     =         2048]
