       Value   Percentile   TotalCount 1/(1-Percentile)

     152.000     0.000000            1         1.00
    4203.000     0.100000       353254         1.11
    9279.000     0.200000       705973         1.25
   12503.000     0.300000      1059002         1.43
   15687.000     0.400000      1412283         1.67
   19007.000     0.500000      1765243         2.00
   20479.000     0.550000      1943128         2.22
   22063.000     0.600000      2118519         2.50
   24287.000     0.650000      2294509         2.86
   26703.000     0.700000      2472110         3.33
   28431.000     0.750000      2647338         4.00
   29231.000     0.775000      2735809         4.44
   30047.000     0.800000      2824204         5.00
   30959.000     0.825000      2912464         5.71
   32111.000     0.850000      3001278         6.67
   33663.000     0.875000      3089501         8.00
   34655.000     0.887500      3132812         8.89
   35967.000     0.900000      3176945        10.00
   37855.000     0.912500      3221235        11.43
   40479.000     0.925000      3265342        13.33
   43775.000     0.937500      3309227        16.00
   45599.000     0.943750      3331357        17.78
   47615.000     0.950000      3353147        20.00
   49983.000     0.956250      3375439        22.86
   52735.000     0.962500      3397404        26.67
   55903.000     0.968750      3419458        32.00
   57663.000     0.971875      3430530        35.56
   59647.000     0.975000      3441496        40.00
   62015.000     0.978125      3452520        45.71
   64959.000     0.981250      3463542        53.33
   68799.000     0.984375      3474628        64.00
   70847.000     0.985938      3480024        71.11
   73087.000     0.987500      3485577        80.00
   75775.000     0.989062      3491146        91.43
   78911.000     0.990625      3496544       106.67
   83327.000     0.992188      3502077       128.00
   86335.000     0.992969      3504877       142.22
   89727.000     0.993750      3507585       160.00
   93759.000     0.994531      3510339       182.86
   97535.000     0.995313      3513102       213.33
  101119.000     0.996094      3515888       256.00
  103167.000     0.996484      3517260       284.44
  105407.000     0.996875      3518601       320.00
  108287.000     0.997266      3519988       365.71
  111871.000     0.997656      3521356       426.67
  116031.000     0.998047      3522750       512.00
  118591.000     0.998242      3523436       568.89
  121727.000     0.998437      3524117       640.00
  126783.000     0.998633      3524808       731.43
  134143.000     0.998828      3525492       853.33
  142591.000     0.999023      3526183      1024.00
  145023.000     0.999121      3526543      1137.78
  147071.000     0.999219      3526878      1280.00
  149247.000     0.999316      3527219      1462.86
  152063.000     0.999414      3527569      1706.67
  156287.000     0.999512      3527908      2048.00
  159103.000     0.999561      3528076      2275.56
  162175.000     0.999609      3528250      2560.00
  167935.000     0.999658      3528428      2925.71
  173055.000     0.999707      3528593      3413.33
  186879.000     0.999756      3528766      4096.00
  189439.000     0.999780      3528861      4551.11
  190847.000     0.999805      3528939      5120.00
  192383.000     0.999829      3529026      5851.43
  194431.000     0.999854      3529113      6826.67
  209407.000     0.999878      3529198      8192.00
  219903.000     0.999890      3529240      9102.22
  228223.000     0.999902      3529283     10240.00
  244991.000     0.999915      3529326     11702.86
  266239.000     0.999927      3529371     13653.33
  289279.000     0.999939      3529412     16384.00
  301055.000     0.999945      3529434     18204.44
  310271.000     0.999951      3529456     20480.00
  316415.000     0.999957      3529477     23405.71
  320255.000     0.999963      3529504     27306.67
  322047.000     0.999969      3529521     32768.00
  323583.000     0.999973      3529533     36408.89
  324607.000     0.999976      3529541     40960.00
  327423.000     0.999979      3529553     46811.43
  328703.000     0.999982      3529563     54613.33
  330495.000     0.999985      3529575     65536.00
  331775.000     0.999986      3529580     72817.78
  332287.000     0.999988      3529585     81920.00
  333567.000     0.999989      3529590     93622.86
  334591.000     0.999991      3529597    109226.67
  335359.000     0.999992      3529601    131072.00
  335871.000     0.999993      3529603    145635.56
  336895.000     0.999994      3529606    163840.00
  337663.000     0.999995      3529609    187245.71
  337919.000     0.999995      3529611    218453.33
  341503.000     0.999996      3529615    262144.00
  341503.000     0.999997      3529615    291271.11
  344831.000     0.999997      3529617    327680.00
  346623.000     0.999997      3529618    374491.43
  347391.000     0.999998      3529620    436906.67
  347903.000     0.999998      3529621    524288.00
  347903.000     0.999998      3529621    582542.22
  349183.000     0.999998      3529622    655360.00
  349439.000     0.999999      3529623    748982.86
  349439.000     0.999999      3529623    873813.33
  350463.000     0.999999      3529625   1048576.00
  350463.000     0.999999      3529625   1165084.44
  350463.000     0.999999      3529625   1310720.00
  350463.000     0.999999      3529625   1497965.71
  350463.000     0.999999      3529625   1747626.67
  350719.000     1.000000      3529626   2097152.00
  350719.000     1.000000      3529626   2330168.89
  350719.000     1.000000      3529626   2621440.00
  350719.000     1.000000      3529626   2995931.43
  350719.000     1.000000      3529626   3495253.33
  353535.000     1.000000      3529627   4194304.00
  353535.000     1.000000      3529627          inf
#[Mean    =    21155.648, StdDeviation   =    15733.617]
#[Max     =   353535.000, Total count    =      3529627]
#[Buckets =            9, SubBuckets     =         2048]
