       Value   Percentile   TotalCount 1/(1-Percentile)

      63.000     0.000000            1         1.00
      98.000     0.100000       145052         1.11
     106.000     0.200000       294844         1.25
     112.000     0.300000       434210         1.43
     118.000     0.400000       581982         1.67
     124.000     0.500000       724311         2.00
     127.000     0.550000       789954         2.22
     131.000     0.600000       871402         2.50
     134.000     0.650000       926759         2.86
     139.000     0.700000      1008325         3.33
     144.000     0.750000      1075914         4.00
     147.000     0.775000      1110784         4.44
     150.000     0.800000      1141913         5.00
     154.000     0.825000      1178032         5.71
     158.000     0.850000      1208905         6.67
     164.000     0.875000      1246858         8.00
     167.000     0.887500      1262693         8.89
     171.000     0.900000      1280953        10.00
     176.000     0.912500      1300016        11.43
     181.000     0.925000      1315666        13.33
     188.000     0.937500      1333364        16.00
     193.000     0.943750      1343657        17.78
     198.000     0.950000      1352178        20.00
     204.000     0.956250      1360720        22.86
     211.000     0.962500      1368980        26.67
     221.000     0.968750      1377978        32.00
     227.000     0.971875      1382276        35.56
     234.000     0.975000      1386568        40.00
     243.000     0.978125      1391181        45.71
     253.000     0.981250      1395321        53.33
     267.000     0.984375      1399747        64.00
     277.000     0.985938      1402126        71.11
     288.000     0.987500      1404231        80.00
     302.000     0.989062      1406381        91.43
     321.000     0.990625      1408699       106.67
     341.000     0.992188      1410886       128.00
     352.000     0.992969      1412001       142.22
     363.000     0.993750      1413096       160.00
     375.000     0.994531      1414181       182.86
     388.000     0.995313      1415333       213.33
     401.000     0.996094      1416449       256.00
     407.000     0.996484      1416964       284.44
     415.000     0.996875      1417558       320.00
     423.000     0.997266      1418103       365.71
     431.000     0.997656      1418631       426.67
     440.000     0.998047      1419160       512.00
     445.000     0.998242      1419445       568.89
     450.000     0.998437      1419708       640.00
     457.000     0.998633      1419996       731.43
     465.000     0.998828      1420305       853.33
     472.000     0.999023      1420546      1024.00
     477.000     0.999121      1420686      1137.78
     482.000     0.999219      1420826      1280.00
     489.000     0.999316      1420967      1462.86
     496.000     0.999414      1421104      1706.67
     506.000     0.999512      1421241      2048.00
     511.000     0.999561      1421308      2275.56
     518.000     0.999609      1421374      2560.00
     524.000     0.999658      1421444      2925.71
     533.000     0.999707      1421516      3413.33
     543.000     0.999756      1421584      4096.00
     551.000     0.999780      1421617      4551.11
     561.000     0.999805      1421656      5120.00
     571.000     0.999829      1421686      5851.43
     586.000     0.999854      1421721      6826.67
     612.000     0.999878      1421755      8192.00
     629.000     0.999890      1421772      9102.22
     659.000     0.999902      1421790     10240.00
     704.000     0.999915      1421807     11702.86
    1123.000     0.999927      1421824     13653.33
    1360.000     0.999939      1421842     16384.00
    1658.000     0.999945      1421850     18204.44
    1929.000     0.999951      1421859     20480.00
    1954.000     0.999957      1421868     23405.71
    1973.000     0.999963      1421877     27306.67
    1989.000     0.999969      1421885     32768.00
    1994.000     0.999973      1421889     36408.89
    1999.000     0.999976      1421894     40960.00
    2014.000     0.999979      1421898     46811.43
    2037.000     0.999982      1421902     54613.33
    2055.000     0.999985      1421908     65536.00
    2065.000     0.999986      1421909     72817.78
    2073.000     0.999988      1421911     81920.00
    2083.000     0.999989      1421913     93622.86
    2163.000     0.999991      1421915    109226.67
    2381.000     0.999992      1421918    131072.00
    2409.000     0.999993      1421919    145635.56
    2417.000     0.999994      1421920    163840.00
    2441.000     0.999995      1421921    187245.71
    2455.000     0.999995      1421922    218453.33
    2457.000     0.999996      1421923    262144.00
    2481.000     0.999997      1421924    291271.11
    2481.000     0.999997      1421924    327680.00
    2499.000     0.999997      1421925    374491.43
    2499.000     0.999998      1421925    436906.67
    2565.000     0.999998      1421926    524288.00
    2565.000     0.999998      1421926    582542.22
    2565.000     0.999998      1421926    655360.00
    3853.000     0.999999      1421927    748982.86
    3853.000     0.999999      1421927    873813.33
    3853.000     0.999999      1421927   1048576.00
    3853.000     0.999999      1421927   1165084.44
    3853.000     0.999999      1421927   1310720.00
    3957.000     0.999999      1421928   1497965.71
    3957.000     1.000000      1421928          inf
#[Mean    =      132.759, StdDeviation   =       44.234]
#[Max     =     3957.000, Total count    =      1421928]
#[Buckets =            2, SubBuckets     =         2048]
