       Value   Percentile   TotalCount 1/(1-Percentile)

      83.000     0.000000            1         1.00
     602.000     0.100000       798823         1.11
     799.000     0.200000      1598296         1.25
    1008.000     0.300000      2393260         1.43
    1274.000     0.400000      3192884         1.67
    1684.000     0.500000      3989405         2.00
    2033.000     0.550000      4387664         2.22
    2633.000     0.600000      4786923         2.50
    3861.000     0.650000      5185404         2.86
    6023.000     0.700000      5584141         3.33
    8967.000     0.750000      5983294         4.00
   10743.000     0.775000      6183208         4.44
   12735.000     0.800000      6381992         5.00
   14975.000     0.825000      6581505         5.71
   17535.000     0.850000      6780891         6.67
   20479.000     0.875000      6981069         8.00
   22063.000     0.887500      7080135         8.89
   23791.000     0.900000      7179812        10.00
   25679.000     0.912500      7279375        11.43
   27855.000     0.925000      7379034        13.33
   30415.000     0.937500      7479016        16.00
   31887.000     0.943750      7528737        17.78
   33567.000     0.950000      7578885        20.00
   35519.000     0.956250      7628901        22.86
   37759.000     0.962500      7678690        26.67
   40447.000     0.968750      7728080        32.00
   42047.000     0.971875      7753279        35.56
   43839.000     0.975000      7778190        40.00
   45951.000     0.978125      7802838        45.71
   48767.000     0.981250      7827821        53.33
   52575.000     0.984375      7852737        64.00
   55007.000     0.985938      7865122        71.11
   57951.000     0.987500      7877570        80.00
   61407.000     0.989062      7890085        91.43
   65503.000     0.990625      7902563       106.67
   70207.000     0.992188      7915004       128.00
   72831.000     0.992969      7921197       142.22
   75647.000     0.993750      7927528       160.00
   78655.000     0.994531      7933707       182.86
   82047.000     0.995313      7939945       213.33
   85695.000     0.996094      7946144       256.00
   87999.000     0.996484      7949274       284.44
   90303.000     0.996875      7952389       320.00
   92671.000     0.997266      7955477       365.71
   95295.000     0.997656      7958562       426.67
   98495.000     0.998047      7961695       512.00
  100735.000     0.998242      7963270       568.89
  103231.000     0.998437      7964815       640.00
  106367.000     0.998633      7966360       731.43
  109823.000     0.998828      7967920       853.33
  113343.000     0.999023      7969472      1024.00
  115583.000     0.999121      7970259      1137.78
  118271.000     0.999219      7971025      1280.00
  121535.000     0.999316      7971815      1462.86
  125567.000     0.999414      7972587      1706.67
  130623.000     0.999512      7973368      2048.00
  134655.000     0.999561      7973750      2275.56
  139135.000     0.999609      7974144      2560.00
  146047.000     0.999658      7974528      2925.71
  153855.000     0.999707      7974916      3413.33
  159743.000     0.999756      7975307      4096.00
  162943.000     0.999780      7975504      4551.11
  166399.000     0.999805      7975698      5120.00
  170111.000     0.999829      7975889      5851.43
  173567.000     0.999854      7976086      6826.67
  178687.000     0.999878      7976284      8192.00
  183167.000     0.999890      7976377      9102.22
  185471.000     0.999902      7976474     10240.00
  190463.000     0.999915      7976578     11702.86
  191103.000     0.999927      7976681     13653.33
  192895.000     0.999939      7976770     16384.00
  198655.000     0.999945      7976813     18204.44
  201599.000     0.999951      7976862     20480.00
  204287.000     0.999957      7976912     23405.71
  209151.000     0.999963      7976959     27306.67
  216319.000     0.999969      7977008     32768.00
  219519.000     0.999973      7977032     36408.89
  223103.000     0.999976      7977058     40960.00
  224255.000     0.999979      7977082     46811.43
  227583.000     0.999982      7977105     54613.33
  235135.000     0.999985      7977130     65536.00
  243711.000     0.999986      7977142     72817.78
  246399.000     0.999988      7977154     81920.00
  247935.000     0.999989      7977166     93622.86
  249983.000     0.999991      7977178    109226.67
  251647.000     0.999992      7977192    131072.00
  252031.000     0.999993      7977199    145635.56
  252287.000     0.999994      7977203    163840.00
  252671.000     0.999995      7977210    187245.71
  253311.000     0.999995      7977215    218453.33
  254463.000     0.999996      7977221    262144.00
  260351.000     0.999997      7977224    291271.11
  263423.000     0.999997      7977227    327680.00
  264959.000     0.999997      7977230    374491.43
  265215.000     0.999998      7977234    436906.67
  265727.000     0.999998      7977236    524288.00
  266239.000     0.999998      7977239    582542.22
  266239.000     0.999998      7977239    655360.00
  268287.000     0.999999      7977242    748982.86
  268287.000     0.999999      7977242    873813.33
  268543.000     0.999999      7977245   1048576.00
  268543.000     0.999999      7977245   1165084.44
  268543.000     0.999999      7977245   1310720.00
  268799.000     0.999999      7977248   1497965.71
  268799.000     0.999999      7977248   1747626.67
  268799.000     1.000000      7977248   2097152.00
  268799.000     1.000000      7977248   2330168.89
  268799.000     1.000000      7977248   2621440.00
  270847.000     1.000000      7977250   2995931.43
  270847.000     1.000000      7977250   3495253.33
  270847.000     1.000000      7977250   4194304.00
  270847.000     1.000000      7977250   4660337.78
  270847.000     1.000000      7977250   5242880.00
  270847.000     1.000000      7977250   5991862.86
  270847.000     1.000000      7977250   6990506.67
  271103.000     1.000000      7977251   8388608.00
  271103.000     1.000000      7977251          inf
#[Mean    =     7760.373, StdDeviation   =    13462.626]
#[Max     =   271103.000, Total count    =      7977251]
#[Buckets =            9, SubBuckets     =         2048]
