       Value   Percentile   TotalCount 1/(1-Percentile)

      93.000     0.000000            1         1.00
     457.000     0.100000       834809         1.11
     619.000     0.200000      1662316         1.25
     788.000     0.300000      2493676         1.43
     989.000     0.400000      3325909         1.67
    1255.000     0.500000      4155821         2.00
    1433.000     0.550000      4572193         2.22
    1647.000     0.600000      4987687         2.50
    1896.000     0.650000      5403200         2.86
    2187.000     0.700000      5817896         3.33
    2553.000     0.750000      6233051         4.00
    2781.000     0.775000      6441748         4.44
    3051.000     0.800000      6648827         5.00
    3383.000     0.825000      6857243         5.71
    3799.000     0.850000      7064162         6.67
    4343.000     0.875000      7272488         8.00
    4675.000     0.887500      7376441         8.89
    5071.000     0.900000      7480555        10.00
    5555.000     0.912500      7583955        11.43
    6179.000     0.925000      7687632        13.33
    7019.000     0.937500      7791490        16.00
    7563.000     0.943750      7843246        17.78
    8239.000     0.950000      7895363        20.00
    9103.000     0.956250      7947316        22.86
   10263.000     0.962500      7999252        26.67
   11959.000     0.968750      8051069        32.00
   13159.000     0.971875      8076984        35.56
   14759.000     0.975000      8103017        40.00
   17135.000     0.978125      8128987        45.71
   21151.000     0.981250      8154895        53.33
   30031.000     0.984375      8180865        64.00
   36479.000     0.985938      8193863        71.11
   42783.000     0.987500      8206890        80.00
   51711.000     0.989062      8219828        91.43
   63967.000     0.990625      8232827       106.67
   78015.000     0.992188      8245832       128.00
   87359.000     0.992969      8252310       142.22
   97599.000     0.993750      8258810       160.00
  108415.000     0.994531      8265298       182.86
  120575.000     0.995313      8271799       213.33
  137471.000     0.996094      8278301       256.00
  145023.000     0.996484      8281503       284.44
  156031.000     0.996875      8284754       320.00
  167935.000     0.997266      8288027       365.71
  183679.000     0.997656      8291244       426.67
  201983.000     0.998047      8294498       512.00
  210943.000     0.998242      8296124       568.89
  225919.000     0.998437      8297738       640.00
  241919.000     0.998633      8299368       731.43
  252927.000     0.998828      8300991       853.33
  269823.000     0.999023      8302632      1024.00
  279295.000     0.999121      8303451      1137.78
  285183.000     0.999219      8304256      1280.00
  295167.000     0.999316      8305044      1462.86
  310271.000     0.999414      8305856      1706.67
  329983.000     0.999512      8306674      2048.00
  340735.000     0.999561      8307072      2275.56
  351487.000     0.999609      8307481      2560.00
  364799.000     0.999658      8307880      2925.71
  402431.000     0.999707      8308289      3413.33
  419071.000     0.999756      8308693      4096.00
  427775.000     0.999780      8308900      4551.11
  436479.000     0.999805      8309097      5120.00
  441855.000     0.999829      8309304      5851.43
  450303.000     0.999854      8309504      6826.67
  461567.000     0.999878      8309712      8192.00
  482047.000     0.999890      8309808      9102.22
  486911.000     0.999902      8309909     10240.00
  503039.000     0.999915      8310012     11702.86
  547327.000     0.999927      8310116     13653.33
  566271.000     0.999939      8310218     16384.00
  608255.000     0.999945      8310276     18204.44
  654847.000     0.999951      8310317     20480.00
  658431.000     0.999957      8310377     23405.71
  693247.000     0.999963      8310418     27306.67
 1023999.000     0.999969      8310480     32768.00
 1024511.000     0.999973      8310502     36408.89
 1025535.000     0.999976      8310529     40960.00
 1026559.000     0.999979      8310546     46811.43
 1071103.000     0.999982      8310570     54613.33
 1078271.000     0.999985      8310599     65536.00
 1086463.000     0.999986      8310613     72817.78
 1090559.000     0.999988      8310633     81920.00
 1090559.000     0.999989      8310633     93622.86
 1091583.000     0.999991      8310656    109226.67
 1092607.000     0.999992      8310674    131072.00
 1092607.000     0.999993      8310674    145635.56
 1092607.000     0.999994      8310674    163840.00
 1094655.000     0.999995      8310679    187245.71
 1098751.000     0.999995      8310685    218453.33
 1099775.000     0.999996      8310690    262144.00
 1100799.000     0.999997      8310694    291271.11
 1104895.000     0.999997      8310696    327680.00
 1107967.000     0.999997      8310699    374491.43
 1108991.000     0.999998      8310703    436906.67
 1110015.000     0.999998      8310707    524288.00
 1110015.000     0.999998      8310707    582542.22
 1111039.000     0.999998      8310709    655360.00
 1111039.000     0.999999      8310709    748982.86
 1130495.000     0.999999      8310716    873813.33
 1130495.000     0.999999      8310716   1048576.00
 1130495.000     0.999999      8310716   1165084.44
 1130495.000     0.999999      8310716   1310720.00
 1130495.000     0.999999      8310716   1497965.71
 1130495.000     0.999999      8310716   1747626.67
 1131519.000     1.000000      8310719   2097152.00
 1131519.000     1.000000      8310719   2330168.89
 1131519.000     1.000000      8310719   2621440.00
 1131519.000     1.000000      8310719   2995931.43
 1131519.000     1.000000      8310719   3495253.33
 1131519.000     1.000000      8310719   4194304.00
 1131519.000     1.000000      8310719   4660337.78
 1131519.000     1.000000      8310719   5242880.00
 1131519.000     1.000000      8310719   5991862.86
 1131519.000     1.000000      8310719   6990506.67
 1132543.000     1.000000      8310720   8388608.00
 1132543.000     1.000000      8310720          inf
#[Mean    =     3823.287, StdDeviation   =    18241.053]
#[Max     =  1132543.000, Total count    =      8310720]
#[Buckets =           11, SubBuckets     =         2048]
