       Value   Percentile   TotalCount 1/(1-Percentile)

      73.000     0.000000            1         1.00
     708.000     0.100000       902299         1.11
    1384.000     0.200000      1803383         1.25
    2221.000     0.300000      2704643         1.43
    3189.000     0.400000      3606060         1.67
    4045.000     0.500000      4507547         2.00
    4479.000     0.550000      4957351         2.22
    4939.000     0.600000      5409074         2.50
    5419.000     0.650000      5857970         2.86
    5919.000     0.700000      6309067         3.33
    6447.000     0.750000      6760404         4.00
    6731.000     0.775000      6985111         4.44
    7039.000     0.800000      7210523         5.00
    7375.000     0.825000      7435698         5.71
    7755.000     0.850000      7661811         6.67
    8191.000     0.875000      7885355         8.00
    8447.000     0.887500      7999738         8.89
    8727.000     0.900000      8113345        10.00
    9031.000     0.912500      8224685        11.43
    9375.000     0.925000      8335711        13.33
    9783.000     0.937500      8449238        16.00
   10015.000     0.943750      8505538        17.78
   10279.000     0.950000      8562529        20.00
   10575.000     0.956250      8618380        22.86
   10919.000     0.962500      8673723        26.67
   11351.000     0.968750      8730089        32.00
   11615.000     0.971875      8758230        35.56
   11927.000     0.975000      8786314        40.00
   12319.000     0.978125      8814820        45.71
   12807.000     0.981250      8842840        53.33
   13455.000     0.984375      8870735        64.00
   13887.000     0.985938      8884989        71.11
   14407.000     0.987500      8898896        80.00
   15087.000     0.989062      8913001        91.43
   15935.000     0.990625      8927045       106.67
   17039.000     0.992188      8941262       128.00
   17727.000     0.992969      8948257       142.22
   18511.000     0.993750      8955265       160.00
   19439.000     0.994531      8962302       182.86
   20527.000     0.995313      8969281       213.33
   21823.000     0.996094      8976310       256.00
   22607.000     0.996484      8979888       284.44
   23439.000     0.996875      8983356       320.00
   24447.000     0.997266      8986917       365.71
   25615.000     0.997656      8990399       426.67
   27039.000     0.998047      8993913       512.00
   27871.000     0.998242      8995680       568.89
   28751.000     0.998437      8997456       640.00
   29679.000     0.998633      8999217       731.43
   30735.000     0.998828      9000954       853.33
   31999.000     0.999023      9002726      1024.00
   32703.000     0.999121      9003611      1137.78
   33503.000     0.999219      9004510      1280.00
   34303.000     0.999316      9005382      1462.86
   35231.000     0.999414      9006250      1706.67
   36223.000     0.999512      9007144      2048.00
   36735.000     0.999561      9007554      2275.56
   37311.000     0.999609      9008002      2560.00
   37983.000     0.999658      9008448      2925.71
   38687.000     0.999707      9008871      3413.33
   39551.000     0.999756      9009320      4096.00
   39967.000     0.999780      9009531      4551.11
   40543.000     0.999805      9009755      5120.00
   41087.000     0.999829      9009976      5851.43
   41663.000     0.999854      9010195      6826.67
   42399.000     0.999878      9010415      8192.00
   42751.000     0.999890      9010525      9102.22
   43167.000     0.999902      9010636     10240.00
   43679.000     0.999915      9010752     11702.86
   44127.000     0.999927      9010851     13653.33
   44799.000     0.999939      9010967     16384.00
   45087.000     0.999945      9011019     18204.44
   45407.000     0.999951      9011073     20480.00
   45759.000     0.999957      9011127     23405.71
   46239.000     0.999963      9011181     27306.67
   46751.000     0.999969      9011239     32768.00
   47071.000     0.999973      9011264     36408.89
   47391.000     0.999976      9011293     40960.00
   47775.000     0.999979      9011319     46811.43
   48127.000     0.999982      9011349     54613.33
   48703.000     0.999985      9011374     65536.00
   48927.000     0.999986      9011389     72817.78
   49215.000     0.999988      9011401     81920.00
   49535.000     0.999989      9011415     93622.86
   49855.000     0.999991      9011429    109226.67
   50623.000     0.999992      9011445    131072.00
   50815.000     0.999993      9011451    145635.56
   51199.000     0.999994      9011456    163840.00
   51455.000     0.999995      9011464    187245.71
   51871.000     0.999995      9011470    218453.33
   52351.000     0.999996      9011477    262144.00
   52543.000     0.999997      9011481    291271.11
   52767.000     0.999997      9011484    327680.00
   52831.000     0.999997      9011487    374491.43
   52991.000     0.999998      9011491    436906.67
   53279.000     0.999998      9011494    524288.00
   53631.000     0.999998      9011496    582542.22
   54111.000     0.999998      9011498    655360.00
   54559.000     0.999999      9011499    748982.86
   54623.000     0.999999      9011501    873813.33
   55359.000     0.999999      9011503   1048576.00
   55519.000     0.999999      9011504   1165084.44
   55903.000     0.999999      9011505   1310720.00
   55903.000     0.999999      9011505   1497965.71
   56799.000     0.999999      9011506   1747626.67
   57023.000     1.000000      9011507   2097152.00
   57919.000     1.000000      9011508   2330168.89
   57919.000     1.000000      9011508   2621440.00
   57919.000     1.000000      9011508   2995931.43
   58303.000     1.000000      9011509   3495253.33
   58303.000     1.000000      9011509   4194304.00
   58687.000     1.000000      9011510   4660337.78
   58687.000     1.000000      9011510   5242880.00
   58687.000     1.000000      9011510   5991862.86
   58687.000     1.000000      9011510   6990506.67
   58687.000     1.000000      9011510   8388608.00
   61023.000     1.000000      9011511   9320675.55
   61023.000     1.000000      9011511          inf
#[Mean    =     4540.551, StdDeviation   =     3550.793]
#[Max     =    61023.000, Total count    =      9011511]
#[Buckets =            6, SubBuckets     =         2048]
