       Value   Percentile   TotalCount 1/(1-Percentile)

    6319.000     0.000000            1         1.00
   10543.000     0.100000        86803         1.11
   10775.000     0.200000       169590         1.25
   10951.000     0.300000       257611         1.43
   11111.000     0.400000       341106         1.67
   11279.000     0.500000       426695         2.00
   11375.000     0.550000       466983         2.22
   11487.000     0.600000       510606         2.50
   11631.000     0.650000       551607         2.86
   11847.000     0.700000       593955         3.33
   12215.000     0.750000       635827         4.00
   12463.000     0.775000       656789         4.44
   12751.000     0.800000       677955         5.00
   13039.000     0.825000       698983         5.71
   13319.000     0.850000       720301         6.67
   13583.000     0.875000       741616         8.00
   13719.000     0.887500       752031         8.89
   13879.000     0.900000       762935        10.00
   14015.000     0.912500       773434        11.43
   14159.000     0.925000       783571        13.33
   14319.000     0.937500       794235        16.00
   14415.000     0.943750       799817        17.78
   14511.000     0.950000       804866        20.00
   14615.000     0.956250       810087        22.86
   14719.000     0.962500       815635        26.67
   14823.000     0.968750       820823        32.00
   14887.000     0.971875       823574        35.56
   14959.000     0.975000       825969        40.00
   15047.000     0.978125       828567        45.71
   15159.000     0.981250       831407        53.33
   15295.000     0.984375       833866        64.00
   15399.000     0.985938       835194        71.11
   15535.000     0.987500       836569        80.00
   15743.000     0.989062       837889        91.43
   15943.000     0.990625       839168       106.67
   16247.000     0.992188       840470       128.00
   16447.000     0.992969       841148       142.22
   16623.000     0.993750       841815       160.00
   16815.000     0.994531       842472       182.86
   17151.000     0.995313       843131       213.33
   17615.000     0.996094       843783       256.00
   17887.000     0.996484       844114       284.44
   18511.000     0.996875       844437       320.00
   20239.000     0.997266       844771       365.71
   20751.000     0.997656       845108       426.67
   21215.000     0.998047       845430       512.00
   21487.000     0.998242       845599       568.89
   21743.000     0.998437       845769       640.00
   22015.000     0.998633       845930       731.43
   22399.000     0.998828       846098       853.33
   22719.000     0.999023       846259      1024.00
   22911.000     0.999121       846346      1137.78
   23151.000     0.999219       846432      1280.00
   23359.000     0.999316       846506      1462.86
   23599.000     0.999414       846590      1706.67
   23759.000     0.999512       846671      2048.00
   23839.000     0.999561       846727      2275.56
   23967.000     0.999609       846755      2560.00
   24191.000     0.999658       846798      2925.71
   24847.000     0.999707       846836      3413.33
   25311.000     0.999756       846887      4096.00
   25471.000     0.999780       846902      4551.11
   25839.000     0.999805       846920      5120.00
   26191.000     0.999829       846940      5851.43
   28095.000     0.999854       846964      6826.67
   35199.000     0.999878       846983      8192.00
   35263.000     0.999890       846991      9102.22
   35391.000     0.999902       847002     10240.00
   36863.000     0.999915       847014     11702.86
   36927.000     0.999927       847022     13653.33
   36991.000     0.999939       847036     16384.00
   37023.000     0.999945       847048     18204.44
   37023.000     0.999951       847048     20480.00
   37023.000     0.999957       847048     23405.71
   37055.000     0.999963       847059     27306.67
   37055.000     0.999969       847059     32768.00
   37087.000     0.999973       847063     36408.89
   37119.000     0.999976       847068     40960.00
   37119.000     0.999979       847068     46811.43
   38207.000     0.999982       847070     54613.33
   38239.000     0.999985       847073     65536.00
   38239.000     0.999986       847073     72817.78
   38271.000     0.999988       847075     81920.00
   38271.000     0.999989       847075     93622.86
   38303.000     0.999991       847078    109226.67
   38303.000     0.999992       847078    131072.00
   38527.000     0.999993       847081    145635.56
   38527.000     0.999994       847081    163840.00
   38527.000     0.999995       847081    187245.71
   38527.000     0.999995       847081    218453.33
   38527.000     0.999996       847081    262144.00
   38559.000     0.999997       847084    291271.11
   38559.000     1.000000       847084          inf
#[Mean    =    11751.061, StdDeviation   =     1435.942]
#[Max     =    38559.000, Total count    =       847084]
#[Buckets =            6, SubBuckets     =         2048]
