       Value   Percentile   TotalCount 1/(1-Percentile)

     100.000     0.000000            1         1.00
     466.000     0.100000       855567         1.11
     625.000     0.200000      1712782         1.25
     790.000     0.300000      2566493         1.43
     985.000     0.400000      3419934         1.67
    1235.000     0.500000      4275530         2.00
    1392.000     0.550000      4701911         2.22
    1574.000     0.600000      5128646         2.50
    1780.000     0.650000      5557254         2.86
    2016.000     0.700000      5984790         3.33
    2317.000     0.750000      6412389         4.00
    2511.000     0.775000      6625067         4.44
    2753.000     0.800000      6839529         5.00
    3055.000     0.825000      7052606         5.71
    3439.000     0.850000      7265559         6.67
    3943.000     0.875000      7479718         8.00
    4267.000     0.887500      7586178         8.89
    4675.000     0.900000      7693160        10.00
    5191.000     0.912500      7800337        11.43
    5847.000     0.925000      7906656        13.33
    6731.000     0.937500      8013389        16.00
    7315.000     0.943750      8066799        17.78
    8023.000     0.950000      8120272        20.00
    8903.000     0.956250      8173757        22.86
   10095.000     0.962500      8227113        26.67
   11799.000     0.968750      8280569        32.00
   12991.000     0.971875      8307233        35.56
   14623.000     0.975000      8333900        40.00
   16911.000     0.978125      8360724        45.71
   21039.000     0.981250      8387324        53.33
   29071.000     0.984375      8414058        64.00
   34719.000     0.985938      8427450        71.11
   41151.000     0.987500      8440764        80.00
   49631.000     0.989062      8454113        91.43
   59295.000     0.990625      8467502       106.67
   71935.000     0.992188      8480832       128.00
   80511.000     0.992969      8487513       142.22
   90495.000     0.993750      8494173       160.00
  103615.000     0.994531      8500863       182.86
  117311.000     0.995313      8507547       213.33
  136703.000     0.996094      8514205       256.00
  147839.000     0.996484      8517575       284.44
  157311.000     0.996875      8520895       320.00
  171135.000     0.997266      8524223       365.71
  184319.000     0.997656      8527556       426.67
  198527.000     0.998047      8530898       512.00
  213119.000     0.998242      8532569       568.89
  228735.000     0.998437      8534257       640.00
  243967.000     0.998633      8535924       731.43
  262399.000     0.998828      8537597       853.33
  284415.000     0.999023      8539241      1024.00
  294399.000     0.999121      8540077      1137.78
  311807.000     0.999219      8540925      1280.00
  332543.000     0.999316      8541761      1462.86
  346623.000     0.999414      8542581      1706.67
  369663.000     0.999512      8543415      2048.00
  393471.000     0.999561      8543833      2275.56
  403711.000     0.999609      8544260      2560.00
  419839.000     0.999658      8544668      2925.71
  443135.000     0.999707      8545084      3413.33
  524799.000     0.999756      8545502      4096.00
  541695.000     0.999780      8545722      4551.11
  563711.000     0.999805      8545930      5120.00
  595455.000     0.999829      8546144      5851.43
  631295.000     0.999854      8546336      6826.67
  654847.000     0.999878      8546546      8192.00
  675327.000     0.999890      8546658      9102.22
  677887.000     0.999902      8546780     10240.00
  688127.000     0.999915      8546861     11702.86
  693247.000     0.999927      8546977     13653.33
  710143.000     0.999939      8547069     16384.00
  715775.000     0.999945      8547120     18204.44
  806399.000     0.999951      8547180     20480.00
  996351.000     0.999957      8547223     23405.71
 1069055.000     0.999963      8547276     27306.67
 1465343.000     0.999969      8547333     32768.00
 1676287.000     0.999973      8547357     36408.89
 1969151.000     0.999976      8547381     40960.00
 2006015.000     0.999979      8547408     46811.43
 2015231.000     0.999982      8547437     54613.33
 2426879.000     0.999985      8547461     65536.00
 2445311.000     0.999986      8547474     72817.78
 2529279.000     0.999988      8547484     81920.00
 2727935.000     0.999989      8547497     93622.86
 2729983.000     0.999991      8547511    109226.67
 2893823.000     0.999992      8547526    131072.00
 2973695.000     0.999993      8547533    145635.56
 3039231.000     0.999994      8547543    163840.00
 3039231.000     0.999995      8547543    187245.71
 3041279.000     0.999995      8547553    218453.33
 3137535.000     0.999996      8547556    262144.00
 3174399.000     0.999997      8547560    291271.11
 3479551.000     0.999997      8547562    327680.00
 3483647.000     0.999997      8547568    374491.43
 4222975.000     0.999998      8547571    436906.67
 4857855.000     0.999998      8547583    524288.00
 4857855.000     0.999998      8547583    582542.22
 4857855.000     0.999998      8547583    655360.00
 4857855.000     0.999999      8547583    748982.86
 4857855.000     0.999999      8547583    873813.33
 4857855.000     0.999999      8547583   1048576.00
 4857855.000     0.999999      8547583   1165084.44
 4857855.000     0.999999      8547583   1310720.00
 4857855.000     0.999999      8547583   1497965.71
 4861951.000     0.999999      8547588   1747626.67
 4861951.000     1.000000      8547588          inf
#[Mean    =     3797.959, StdDeviation   =    23885.005]
#[Max     =  4861951.000, Total count    =      8547588]
#[Buckets =           13, SubBuckets     =         2048]
