       Value   Percentile   TotalCount 1/(1-Percentile)

      50.000     0.000000            6         1.00
      64.000     0.100000       267461         1.11
      66.000     0.200000       429536         1.25
      72.000     0.300000       670396         1.43
      76.000     0.400000       862194         1.67
      81.000     0.500000      1088609         2.00
      84.000     0.550000      1196687         2.22
      87.000     0.600000      1309560         2.50
      90.000     0.650000      1423523         2.86
      93.000     0.700000      1525116         3.33
      96.000     0.750000      1626803         4.00
      98.000     0.775000      1683205         4.44
     100.000     0.800000      1727250         5.00
     103.000     0.825000      1778563         5.71
     107.000     0.850000      1826185         6.67
     113.000     0.875000      1878569         8.00
     117.000     0.887500      1912179         8.89
     119.000     0.900000      1932655        10.00
     122.000     0.912500      1965991        11.43
     125.000     0.925000      1990149        13.33
     130.000     0.937500      2013951        16.00
     133.000     0.943750      2024495        17.78
     137.000     0.950000      2038530        20.00
     141.000     0.956250      2051707        22.86
     148.000     0.962500      2065913        26.67
     156.000     0.968750      2079586        32.00
     159.000     0.971875      2085087        35.56
     162.000     0.975000      2093108        40.00
     163.000     0.978125      2098528        45.71
     164.000     0.981250      2106701        53.33
     165.000     0.984375      2114460        64.00
     166.000     0.985938      2119022        71.11
     166.000     0.987500      2119022        80.00
     167.000     0.989062      2121451        91.43
     170.000     0.990625      2124960       106.67
     175.000     0.992188      2128364       128.00
     178.000     0.992969      2130320       142.22
     180.000     0.993750      2131703       160.00
     183.000     0.994531      2133661       182.86
     186.000     0.995313      2135186       213.33
     190.000     0.996094      2136553       256.00
     194.000     0.996484      2137380       284.44
     200.000     0.996875      2138323       320.00
     205.000     0.997266      2139140       365.71
     209.000     0.997656      2140013       426.67
     213.000     0.998047      2140957       512.00
     214.000     0.998242      2141212       568.89
     216.000     0.998437      2141714       640.00
     218.000     0.998633      2142170       731.43
     219.000     0.998828      2142420       853.33
     221.000     0.999023      2142819      1024.00
     222.000     0.999121      2143031      1137.78
     224.000     0.999219      2143367      1280.00
     225.000     0.999316      2143507      1462.86
     227.000     0.999414      2143754      1706.67
     228.000     0.999512      2143853      2048.00
     230.000     0.999561      2144051      2275.56
     231.000     0.999609      2144136      2560.00
     232.000     0.999658      2144211      2925.71
     233.000     0.999707      2144281      3413.33
     235.000     0.999756      2144381      4096.00
     236.000     0.999780      2144440      4551.11
     237.000     0.999805      2144480      5120.00
     239.000     0.999829      2144559      5851.43
     240.000     0.999854      2144596      6826.67
     242.000     0.999878      2144653      8192.00
     243.000     0.999890      2144686      9102.22
     244.000     0.999902      2144708     10240.00
     245.000     0.999915      2144721     11702.86
     247.000     0.999927      2144755     13653.33
     248.000     0.999939      2144773     16384.00
     249.000     0.999945      2144789     18204.44
     250.000     0.999951      2144805     20480.00
     251.000     0.999957      2144814     23405.71
     252.000     0.999963      2144825     27306.67
     253.000     0.999969      2144836     32768.00
     254.000     0.999973      2144840     36408.89
     256.000     0.999976      2144848     40960.00
     258.000     0.999979      2144853     46811.43
     262.000     0.999982      2144862     54613.33
     268.000     0.999985      2144866     65536.00
     314.000     0.999986      2144869     72817.78
     393.000     0.999988      2144872     81920.00
     464.000     0.999989      2144876     93622.86
     592.000     0.999991      2144880    109226.67
     604.000     0.999992      2144882    131072.00
     655.000     0.999993      2144884    145635.56
     660.000     0.999994      2144886    163840.00
     708.000     0.999995      2144887    187245.71
     800.000     0.999995      2144889    218453.33
     877.000     0.999996      2144890    262144.00
     911.000     0.999997      2144891    291271.11
     912.000     0.999997      2144892    327680.00
     999.000     0.999997      2144893    374491.43
    1012.000     0.999998      2144894    436906.67
    1012.000     0.999998      2144894    524288.00
    1069.000     0.999998      2144895    582542.22
    1069.000     0.999998      2144895    655360.00
    1131.000     0.999999      2144896    748982.86
    1131.000     0.999999      2144896    873813.33
    1131.000     0.999999      2144896   1048576.00
    1176.000     0.999999      2144897   1165084.44
    1176.000     0.999999      2144897   1310720.00
    1176.000     0.999999      2144897   1497965.71
    1176.000     0.999999      2144897   1747626.67
    1176.000     1.000000      2144897   2097152.00
    1498.000     1.000000      2144898   2330168.89
    1498.000     1.000000      2144898          inf
#[Mean    =       86.931, StdDeviation   =       24.892]
#[Max     =     1498.000, Total count    =      2144898]
#[Buckets =            1, SubBuckets     =         2048]
