       Value   Percentile   TotalCount 1/(1-Percentile)

     665.000     0.000000            1         1.00
    7391.000     0.100000       116212         1.11
    7871.000     0.200000       232298         1.25
    8239.000     0.300000       349041         1.43
    8495.000     0.400000       464841         1.67
    8663.000     0.500000       583148         2.00
    8727.000     0.550000       639850         2.22
    8807.000     0.600000       700703         2.50
    8895.000     0.650000       754348         2.86
    9007.000     0.700000       812877         3.33
    9151.000     0.750000       872077         4.00
    9231.000     0.775000       900588         4.44
    9311.000     0.800000       928416         5.00
    9415.000     0.825000       958506         5.71
    9519.000     0.850000       986554         6.67
    9647.000     0.875000      1015260         8.00
    9719.000     0.887500      1029244         8.89
    9791.000     0.900000      1043810        10.00
    9871.000     0.912500      1059327        11.43
    9951.000     0.925000      1073457        13.33
   10047.000     0.937500      1087797        16.00
   10095.000     0.943750      1094876        17.78
   10159.000     0.950000      1102373        20.00
   10215.000     0.956250      1109468        22.86
   10287.000     0.962500      1116454        26.67
   10383.000     0.968750      1123622        32.00
   10431.000     0.971875      1126823        35.56
   10487.000     0.975000      1130542        40.00
   10559.000     0.978125      1134415        45.71
   10607.000     0.981250      1137750        53.33
   10671.000     0.984375      1141478        64.00
   10719.000     0.985938      1143158        71.11
   10799.000     0.987500      1145150        80.00
   10839.000     0.989062      1147098        91.43
   10887.000     0.990625      1148665       106.67
   10959.000     0.992188      1150331       128.00
   11007.000     0.992969      1151371       142.22
   11039.000     0.993750      1152272       160.00
   11087.000     0.994531      1153108       182.86
   11127.000     0.995313      1154121       213.33
   11151.000     0.996094      1155146       256.00
   11159.000     0.996484      1155390       284.44
   11183.000     0.996875      1155762       320.00
   11255.000     0.997266      1156194       365.71
   11295.000     0.997656      1156665       426.67
   11367.000     0.998047      1157158       512.00
   11383.000     0.998242      1157344       568.89
   11407.000     0.998437      1157593       640.00
   11439.000     0.998633      1157835       731.43
   11471.000     0.998828      1158076       853.33
   11503.000     0.999023      1158239      1024.00
   11535.000     0.999121      1158371      1137.78
   11551.000     0.999219      1158462      1280.00
   11591.000     0.999316      1158593      1462.86
   11631.000     0.999414      1158707      1706.67
   11639.000     0.999512      1158797      2048.00
   11655.000     0.999561      1158896      2275.56
   11663.000     0.999609      1158971      2560.00
   11663.000     0.999658      1158971      2925.71
   11671.000     0.999707      1159041      3413.33
   11719.000     0.999756      1159083      4096.00
   11743.000     0.999780      1159110      4551.11
   11863.000     0.999805      1159138      5120.00
   11903.000     0.999829      1159180      5851.43
   11911.000     0.999854      1159203      6826.67
   11927.000     0.999878      1159229      8192.00
   12015.000     0.999890      1159238      9102.22
   12031.000     0.999902      1159253     10240.00
   12223.000     0.999915      1159265     11702.86
   12239.000     0.999927      1159288     13653.33
   12247.000     0.999939      1159300     16384.00
   12247.000     0.999945      1159300     18204.44
   12271.000     0.999951      1159316     20480.00
   12271.000     0.999957      1159316     23405.71
   16783.000     0.999963      1159325     27306.67
   16799.000     0.999969      1159334     32768.00
   16799.000     0.999973      1159334     36408.89
   16815.000     0.999976      1159356     40960.00
   16815.000     0.999979      1159356     46811.43
   16815.000     0.999982      1159356     54613.33
   16815.000     0.999985      1159356     65536.00
   16815.000     0.999986      1159356     72817.78
   16815.000     0.999988      1159356     81920.00
   16815.000     0.999989      1159356     93622.86
   16815.000     0.999991      1159356    109226.67
   16815.000     0.999992      1159356    131072.00
   16815.000     0.999993      1159356    145635.56
   16815.000     0.999994      1159356    163840.00
   17103.000     0.999995      1159360    187245.71
   17103.000     0.999995      1159360    218453.33
   17103.000     0.999996      1159360    262144.00
   17103.000     0.999997      1159360    291271.11
   17103.000     0.999997      1159360    327680.00
   17103.000     0.999997      1159360    374491.43
   17119.000     0.999998      1159363    436906.67
   17119.000     1.000000      1159363          inf
#[Mean    =     8618.690, StdDeviation   =      916.584]
#[Max     =    17119.000, Total count    =      1159363]
#[Buckets =            5, SubBuckets     =         2048]
