       Value   Percentile   TotalCount 1/(1-Percentile)

      64.000     0.000000            1         1.00
     342.000     0.100000       816980         1.11
     505.000     0.200000      1627367         1.25
     691.000     0.300000      2439864         1.43
     925.000     0.400000      3252308         1.67
    1246.000     0.500000      4065711         2.00
    1467.000     0.550000      4472953         2.22
    1766.000     0.600000      4879072         2.50
    2225.000     0.650000      5285352         2.86
    2947.000     0.700000      5691390         3.33
    3879.000     0.750000      6098538         4.00
    4379.000     0.775000      6301154         4.44
    4899.000     0.800000      6505476         5.00
    5455.000     0.825000      6708587         5.71
    6087.000     0.850000      6911539         6.67
    6839.000     0.875000      7115126         8.00
    7279.000     0.887500      7216587         8.89
    7767.000     0.900000      7317454        10.00
    8319.000     0.912500      7419435        11.43
    8951.000     0.925000      7521124        13.33
    9695.000     0.937500      7622799        16.00
   10135.000     0.943750      7673718        17.78
   10639.000     0.950000      7724645        20.00
   11223.000     0.956250      7775247        22.86
   11935.000     0.962500      7825960        26.67
   12847.000     0.968750      7876608        32.00
   13431.000     0.971875      7901976        35.56
   14159.000     0.975000      7927271        40.00
   15087.000     0.978125      7952657        45.71
   16311.000     0.981250      7978086        53.33
   17919.000     0.984375      8003622        64.00
   18879.000     0.985938      8016210        71.11
   19967.000     0.987500      8028983        80.00
   21199.000     0.989062      8041639        91.43
   22591.000     0.990625      8054215       106.67
   24175.000     0.992188      8066977       128.00
   25055.000     0.992969      8073310       142.22
   26015.000     0.993750      8079650       160.00
   27087.000     0.994531      8086006       182.86
   28287.000     0.995313      8092378       213.33
   29631.000     0.996094      8098753       256.00
   30383.000     0.996484      8101934       284.44
   31199.000     0.996875      8105070       320.00
   32095.000     0.997266      8108215       365.71
   33119.000     0.997656      8111460       426.67
   34207.000     0.998047      8114561       512.00
   34847.000     0.998242      8116218       568.89
   35519.000     0.998437      8117745       640.00
   36287.000     0.998633      8119323       731.43
   37151.000     0.998828      8120941       853.33
   38143.000     0.999023      8122536      1024.00
   38687.000     0.999121      8123304      1137.78
   39359.000     0.999219      8124123      1280.00
   40031.000     0.999316      8124879      1462.86
   40927.000     0.999414      8125694      1706.67
   41951.000     0.999512      8126478      2048.00
   42527.000     0.999561      8126876      2275.56
   43199.000     0.999609      8127266      2560.00
   43935.000     0.999658      8127668      2925.71
   44767.000     0.999707      8128052      3413.33
   45727.000     0.999756      8128456      4096.00
   46303.000     0.999780      8128651      4551.11
   46943.000     0.999805      8128849      5120.00
   47647.000     0.999829      8129050      5851.43
   48415.000     0.999854      8129247      6826.67
   49311.000     0.999878      8129443      8192.00
   49887.000     0.999890      8129550      9102.22
   50431.000     0.999902      8129642     10240.00
   51039.000     0.999915      8129741     11702.86
   51583.000     0.999927      8129840     13653.33
   52287.000     0.999939      8129938     16384.00
   52607.000     0.999945      8129990     18204.44
   53087.000     0.999951      8130040     20480.00
   53535.000     0.999957      8130086     23405.71
   54111.000     0.999963      8130139     27306.67
   54751.000     0.999969      8130187     32768.00
   55103.000     0.999973      8130211     36408.89
   55423.000     0.999976      8130235     40960.00
   56095.000     0.999979      8130260     46811.43
   56607.000     0.999982      8130289     54613.33
   57055.000     0.999985      8130310     65536.00
   57279.000     0.999986      8130322     72817.78
   57567.000     0.999988      8130335     81920.00
   57919.000     0.999989      8130348     93622.86
   58239.000     0.999991      8130359    109226.67
   58751.000     0.999992      8130371    131072.00
   59327.000     0.999993      8130378    145635.56
   59615.000     0.999994      8130384    163840.00
   59743.000     0.999995      8130390    187245.71
   60255.000     0.999995      8130396    218453.33
   61375.000     0.999996      8130403    262144.00
   61823.000     0.999997      8130406    291271.11
   62015.000     0.999997      8130409    327680.00
   62175.000     0.999997      8130413    374491.43
   63295.000     0.999998      8130415    436906.67
   63711.000     0.999998      8130418    524288.00
   63903.000     0.999998      8130421    582542.22
   63903.000     0.999998      8130421    655360.00
   64383.000     0.999999      8130423    748982.86
   64991.000     0.999999      8130424    873813.33
   65727.000     0.999999      8130426   1048576.00
   66239.000     0.999999      8130427   1165084.44
   66239.000     0.999999      8130427   1310720.00
   67135.000     0.999999      8130428   1497965.71
   67647.000     0.999999      8130429   1747626.67
   68287.000     1.000000      8130430   2097152.00
   68287.000     1.000000      8130430   2330168.89
   68287.000     1.000000      8130430   2621440.00
   68863.000     1.000000      8130431   2995931.43
   68863.000     1.000000      8130431   3495253.33
   69055.000     1.000000      8130432   4194304.00
   69055.000     1.000000      8130432   4660337.78
   69055.000     1.000000      8130432   5242880.00
   69055.000     1.000000      8130432   5991862.86
   69055.000     1.000000      8130432   6990506.67
   70207.000     1.000000      8130433   8388608.00
   70207.000     1.000000      8130433          inf
#[Mean    =     3002.223, StdDeviation   =     4332.213]
#[Max     =    70207.000, Total count    =      8130433]
#[Buckets =            7, SubBuckets     =         2048]
