       Value   Percentile   TotalCount 1/(1-Percentile)

      63.000     0.000000            2         1.00
     608.000     0.100000       585182         1.11
    1017.000     0.200000      1169389         1.25
    1535.000     0.300000      1753610         1.43
    2255.000     0.400000      2338606         1.67
    3319.000     0.500000      2923137         2.00
    4049.000     0.550000      3215031         2.22
    4935.000     0.600000      3507182         2.50
    5963.000     0.650000      3799816         2.86
    7095.000     0.700000      4092305         3.33
    8279.000     0.750000      4383945         4.00
    8895.000     0.775000      4531695         4.44
    9511.000     0.800000      4676337         5.00
   10159.000     0.825000      4823337         5.71
   10847.000     0.850000      4968397         6.67
   11615.000     0.875000      5115023         8.00
   12031.000     0.887500      5187633         8.89
   12487.000     0.900000      5261515        10.00
   12983.000     0.912500      5334481        11.43
   13535.000     0.925000      5407240        13.33
   14159.000     0.937500      5480155        16.00
   14503.000     0.943750      5516224        17.78
   14895.000     0.950000      5553266        20.00
   15319.000     0.956250      5589351        22.86
   15799.000     0.962500      5625793        26.67
   16359.000     0.968750      5662575        32.00
   16671.000     0.971875      5680564        35.56
   17023.000     0.975000      5699034        40.00
   17407.000     0.978125      5717636        45.71
   17839.000     0.981250      5735720        53.33
   18335.000     0.984375      5754058        64.00
   18607.000     0.985938      5762749        71.11
   18927.000     0.987500      5772094        80.00
   19279.000     0.989062      5781357        91.43
   19663.000     0.990625      5790151       106.67
   20127.000     0.992188      5799308       128.00
   20399.000     0.992969      5803943       142.22
   20687.000     0.993750      5808524       160.00
   21023.000     0.994531      5813176       182.86
   21391.000     0.995313      5817543       213.33
   21839.000     0.996094      5822185       256.00
   22095.000     0.996484      5824481       284.44
   22383.000     0.996875      5826768       320.00
   22719.000     0.997266      5829024       365.71
   23087.000     0.997656      5831251       426.67
   23535.000     0.998047      5833529       512.00
   23775.000     0.998242      5834678       568.89
   24047.000     0.998437      5835806       640.00
   24351.000     0.998633      5836959       731.43
   24719.000     0.998828      5838109       853.33
   25119.000     0.999023      5839230      1024.00
   25359.000     0.999121      5839801      1137.78
   25647.000     0.999219      5840401      1280.00
   25951.000     0.999316      5840951      1462.86
   26319.000     0.999414      5841528      1706.67
   26767.000     0.999512      5842092      2048.00
   27023.000     0.999561      5842377      2275.56
   27311.000     0.999609      5842656      2560.00
   27647.000     0.999658      5842943      2925.71
   28047.000     0.999707      5843234      3413.33
   28495.000     0.999756      5843514      4096.00
   28767.000     0.999780      5843660      4551.11
   29039.000     0.999805      5843796      5120.00
   29375.000     0.999829      5843945      5851.43
   29839.000     0.999854      5844085      6826.67
   30303.000     0.999878      5844227      8192.00
   30591.000     0.999890      5844296      9102.22
   30927.000     0.999902      5844369     10240.00
   31279.000     0.999915      5844442     11702.86
   31791.000     0.999927      5844509     13653.33
   32511.000     0.999939      5844581     16384.00
   32959.000     0.999945      5844616     18204.44
   33439.000     0.999951      5844652     20480.00
   33887.000     0.999957      5844689     23405.71
   34239.000     0.999963      5844724     27306.67
   34847.000     0.999969      5844760     32768.00
   35167.000     0.999973      5844777     36408.89
   35455.000     0.999976      5844795     40960.00
   35775.000     0.999979      5844813     46811.43
   36031.000     0.999982      5844832     54613.33
   36383.000     0.999985      5844851     65536.00
   36479.000     0.999986      5844857     72817.78
   36735.000     0.999988      5844866     81920.00
   37087.000     0.999989      5844875     93622.86
   37311.000     0.999991      5844884    109226.67
   37631.000     0.999992      5844893    131072.00
   37823.000     0.999993      5844897    145635.56
   38111.000     0.999994      5844902    163840.00
   38367.000     0.999995      5844906    187245.71
   38719.000     0.999995      5844911    218453.33
   39071.000     0.999996      5844916    262144.00
   39103.000     0.999997      5844917    291271.11
   39391.000     0.999997      5844920    327680.00
   39743.000     0.999997      5844922    374491.43
   40255.000     0.999998      5844924    436906.67
   40607.000     0.999998      5844926    524288.00
   41055.000     0.999998      5844927    582542.22
   41119.000     0.999998      5844929    655360.00
   41151.000     0.999999      5844930    748982.86
   41183.000     0.999999      5844931    873813.33
   41215.000     0.999999      5844932   1048576.00
   41215.000     0.999999      5844932   1165084.44
   41343.000     0.999999      5844933   1310720.00
   41471.000     0.999999      5844934   1497965.71
   41471.000     0.999999      5844934   1747626.67
   41663.000     1.000000      5844935   2097152.00
   41663.000     1.000000      5844935   2330168.89
   41663.000     1.000000      5844935   2621440.00
   41695.000     1.000000      5844936   2995931.43
   41695.000     1.000000      5844936   3495253.33
   41695.000     1.000000      5844936   4194304.00
   41695.000     1.000000      5844936   4660337.78
   41695.000     1.000000      5844936   5242880.00
   42047.000     1.000000      5844937   5991862.86
   42047.000     1.000000      5844937          inf
#[Mean    =     5199.501, StdDeviation   =     4881.050]
#[Max     =    42047.000, Total count    =      5844937]
#[Buckets =            6, SubBuckets     =         2048]
