       Value   Percentile   TotalCount 1/(1-Percentile)

      68.000     0.000000            6         1.00
      79.000     0.100000       171269         1.11
      85.000     0.200000       359946         1.25
      92.000     0.300000       515727         1.43
     102.000     0.400000       678886         1.67
     109.000     0.500000       840476         2.00
     112.000     0.550000       939845         2.22
     114.000     0.600000      1012486         2.50
     116.000     0.650000      1082211         2.86
     119.000     0.700000      1176748         3.33
     122.000     0.750000      1258873         4.00
     124.000     0.775000      1305076         4.44
     126.000     0.800000      1344024         5.00
     128.000     0.825000      1377582         5.71
     131.000     0.850000      1419927         6.67
     135.000     0.875000      1463795         8.00
     137.000     0.887500      1481383         8.89
     139.000     0.900000      1496083        10.00
     143.000     0.912500      1520812        11.43
     147.000     0.925000      1540588        13.33
     152.000     0.937500      1559708        16.00
     155.000     0.943750      1568757        17.78
     159.000     0.950000      1579142        20.00
     164.000     0.956250      1589914        22.86
     170.000     0.962500      1601030        26.67
     176.000     0.968750      1611042        32.00
     179.000     0.971875      1615480        35.56
     183.000     0.975000      1620931        40.00
     187.000     0.978125      1626142        45.71
     191.000     0.981250      1630838        53.33
     196.000     0.984375      1635956        64.00
     199.000     0.985938      1638860        71.11
     202.000     0.987500      1641720        80.00
     205.000     0.989062      1644122        91.43
     209.000     0.990625      1646770       106.67
     213.000     0.992188      1649194       128.00
     215.000     0.992969      1650280       142.22
     218.000     0.993750      1651788       160.00
     220.000     0.994531      1652638       182.86
     224.000     0.995313      1654243       213.33
     227.000     0.996094      1655379       256.00
     229.000     0.996484      1656021       284.44
     231.000     0.996875      1656615       320.00
     234.000     0.997266      1657371       365.71
     236.000     0.997656      1657835       426.67
     239.000     0.998047      1658495       512.00
     241.000     0.998242      1658875       568.89
     243.000     0.998437      1659193       640.00
     245.000     0.998633      1659460       731.43
     248.000     0.998828      1659833       853.33
     251.000     0.999023      1660150      1024.00
     252.000     0.999121      1660266      1137.78
     254.000     0.999219      1660433      1280.00
     256.000     0.999316      1660587      1462.86
     259.000     0.999414      1660764      1706.67
     262.000     0.999512      1660913      2048.00
     265.000     0.999561      1661013      2275.56
     267.000     0.999609      1661080      2560.00
     270.000     0.999658      1661163      2925.71
     273.000     0.999707      1661240      3413.33
     278.000     0.999756      1661321      4096.00
     281.000     0.999780      1661360      4551.11
     285.000     0.999805      1661410      5120.00
     289.000     0.999829      1661449      5851.43
     291.000     0.999854      1661478      6826.67
     296.000     0.999878      1661520      8192.00
     299.000     0.999890      1661538      9102.22
     303.000     0.999902      1661558     10240.00
     308.000     0.999915      1661579     11702.86
     314.000     0.999927      1661600     13653.33
     321.000     0.999939      1661619     16384.00
     325.000     0.999945      1661629     18204.44
     330.000     0.999951      1661638     20480.00
     348.000     0.999957      1661650     23405.71
     365.000     0.999963      1661659     27306.67
     413.000     0.999969      1661669     32768.00
     426.000     0.999973      1661675     36408.89
     490.000     0.999976      1661679     40960.00
     553.000     0.999979      1661684     46811.43
     631.000     0.999982      1661689     54613.33
     913.000     0.999985      1661694     65536.00
     965.000     0.999986      1661697     72817.78
    1210.000     0.999988      1661699     81920.00
    1297.000     0.999989      1661702     93622.86
    1341.000     0.999991      1661704    109226.67
    1370.000     0.999992      1661707    131072.00
    1377.000     0.999993      1661708    145635.56
    1380.000     0.999994      1661709    163840.00
    1423.000     0.999995      1661711    187245.71
    1431.000     0.999995      1661712    218453.33
    1442.000     0.999996      1661713    262144.00
    1517.000     0.999997      1661714    291271.11
    1517.000     0.999997      1661714    327680.00
    1524.000     0.999997      1661715    374491.43
    1546.000     0.999998      1661716    436906.67
    1546.000     0.999998      1661716    524288.00
    1609.000     0.999998      1661717    582542.22
    1609.000     0.999998      1661717    655360.00
    1609.000     0.999999      1661717    748982.86
    1637.000     0.999999      1661718    873813.33
    1637.000     0.999999      1661718   1048576.00
    1637.000     0.999999      1661718   1165084.44
    1637.000     0.999999      1661718   1310720.00
    1637.000     0.999999      1661718   1497965.71
    2253.000     0.999999      1661719   1747626.67
    2253.000     1.000000      1661719          inf
#[Mean    =      109.766, StdDeviation   =       27.826]
#[Max     =     2253.000, Total count    =      1661719]
#[Buckets =            2, SubBuckets     =         2048]
