       Value   Percentile   TotalCount 1/(1-Percentile)

     122.000     0.000000            1         1.00
     653.000     0.100000       353261         1.11
     994.000     0.200000       706865         1.25
    1489.000     0.300000      1059324         1.43
    2037.000     0.400000      1412608         1.67
    2579.000     0.500000      1765073         2.00
    2861.000     0.550000      1941877         2.22
    3273.000     0.600000      2118642         2.50
    4295.000     0.650000      2294740         2.86
    6207.000     0.700000      2471295         3.33
   10055.000     0.750000      2647700         4.00
   14271.000     0.775000      2735849         4.44
   19295.000     0.800000      2824447         5.00
   22111.000     0.825000      2912639         5.71
   27423.000     0.850000      3000576         6.67
   37247.000     0.875000      3089108         8.00
   43231.000     0.887500      3132921         8.89
   52575.000     0.900000      3177102        10.00
   64671.000     0.912500      3221215        11.43
   78911.000     0.925000      3265346        13.33
   97407.000     0.937500      3309457        16.00
  116031.000     0.943750      3331562        17.78
  127871.000     0.950000      3353616        20.00
  141183.000     0.956250      3375695        22.86
  162303.000     0.962500      3397680        26.67
  186751.000     0.968750      3419801        32.00
  198527.000     0.971875      3430831        35.56
  211711.000     0.975000      3441819        40.00
  226175.000     0.978125      3452860        45.71
  236287.000     0.981250      3463884        53.33
  249087.000     0.984375      3474885        64.00
  253823.000     0.985938      3480471        71.11
  258687.000     0.987500      3485994        80.00
  264447.000     0.989062      3491445        91.43
  271615.000     0.990625      3497094       106.67
  281855.000     0.992188      3502516       128.00
  289279.000     0.992969      3505230       142.22
  300031.000     0.993750      3507996       160.00
  313087.000     0.994531      3510751       182.86
  325631.000     0.995313      3513494       213.33
  347903.000     0.996094      3516249       256.00
  361471.000     0.996484      3517638       284.44
  381695.000     0.996875      3519011       320.00
  426495.000     0.997266      3520382       365.71
  448511.000     0.997656      3521772       426.67
  463871.000     0.998047      3523155       512.00
  474111.000     0.998242      3523854       568.89
  485119.000     0.998437      3524529       640.00
  496127.000     0.998633      3525212       731.43
  509695.000     0.998828      3525902       853.33
  525823.000     0.999023      3526601      1024.00
  533503.000     0.999121      3526939      1137.78
  542719.000     0.999219      3527287      1280.00
  552959.000     0.999316      3527623      1462.86
  574463.000     0.999414      3527968      1706.67
  597503.000     0.999512      3528318      2048.00
  606719.000     0.999561      3528484      2275.56
  620031.000     0.999609      3528658      2560.00
  633855.000     0.999658      3528828      2925.71
  651775.000     0.999707      3529000      3413.33
  671743.000     0.999756      3529175      4096.00
  680959.000     0.999780      3529263      4551.11
  689663.000     0.999805      3529345      5120.00
  709631.000     0.999829      3529435      5851.43
  728063.000     0.999854      3529517      6826.67
  745983.000     0.999878      3529604      8192.00
  753663.000     0.999890      3529648      9102.22
  769023.000     0.999902      3529690     10240.00
  784383.000     0.999915      3529733     11702.86
  798207.000     0.999927      3529776     13653.33
  810495.000     0.999939      3529819     16384.00
  817151.000     0.999945      3529843     18204.44
  823295.000     0.999951      3529863     20480.00
  829439.000     0.999957      3529887     23405.71
  833535.000     0.999963      3529905     27306.67
  844287.000     0.999969      3529927     32768.00
  849919.000     0.999973      3529938     36408.89
  854527.000     0.999976      3529948     40960.00
  859135.000     0.999979      3529959     46811.43
  863743.000     0.999982      3529973     54613.33
  867839.000     0.999985      3529983     65536.00
  869375.000     0.999986      3529986     72817.78
  871935.000     0.999988      3529991     81920.00
  873983.000     0.999989      3529997     93622.86
  876031.000     0.999991      3530004    109226.67
  877567.000     0.999992      3530008    131072.00
  878591.000     0.999993      3530011    145635.56
  879103.000     0.999994      3530018    163840.00
  879103.000     0.999995      3530018    187245.71
  879103.000     0.999995      3530018    218453.33
  879615.000     0.999996      3530021    262144.00
  880127.000     0.999997      3530024    291271.11
  880127.000     0.999997      3530024    327680.00
  880639.000     0.999997      3530025    374491.43
  894463.000     0.999998      3530026    436906.67
  946687.000     0.999998      3530028    524288.00
  946687.000     0.999998      3530028    582542.22
  949247.000     0.999998      3530029    655360.00
  950271.000     0.999999      3530030    748982.86
  950271.000     0.999999      3530030    873813.33
  951295.000     0.999999      3530031   1048576.00
  951295.000     0.999999      3530031   1165084.44
  954879.000     0.999999      3530032   1310720.00
  954879.000     0.999999      3530032   1497965.71
  954879.000     0.999999      3530032   1747626.67
  992767.000     1.000000      3530033   2097152.00
  992767.000     1.000000      3530033   2330168.89
  992767.000     1.000000      3530033   2621440.00
  992767.000     1.000000      3530033   2995931.43
  992767.000     1.000000      3530033   3495253.33
 1038335.000     1.000000      3530034   4194304.00
 1038335.000     1.000000      3530034          inf
#[Mean    =    21101.458, StdDeviation   =    55602.768]
#[Max     =  1038335.000, Total count    =      3530034]
#[Buckets =           10, SubBuckets     =         2048]
