       Value   Percentile   TotalCount 1/(1-Percentile)

     272.000     0.000000            1         1.00
    4283.000     0.100000       129363         1.11
    5295.000     0.200000       257936         1.25
    7867.000     0.300000       386774         1.43
    9335.000     0.400000       516181         1.67
   11167.000     0.500000       644758         2.00
   12071.000     0.550000       709576         2.22
   12743.000     0.600000       773924         2.50
   13359.000     0.650000       838070         2.86
   13999.000     0.700000       902701         3.33
   14847.000     0.750000       966933         4.00
   15423.000     0.775000       999284         4.44
   16007.000     0.800000      1031559         5.00
   16623.000     0.825000      1064121         5.71
   17343.000     0.850000      1095949         6.67
   18399.000     0.875000      1128162         8.00
   19567.000     0.887500      1144182         8.89
   20495.000     0.900000      1160479        10.00
   21135.000     0.912500      1176340        11.43
   21839.000     0.925000      1192474        13.33
   22975.000     0.937500      1208515        16.00
   23503.000     0.943750      1216678        17.78
   23919.000     0.950000      1224755        20.00
   24287.000     0.956250      1232910        22.86
   24591.000     0.962500      1240726        26.67
   24895.000     0.968750      1248789        32.00
   25071.000     0.971875      1253082        35.56
   25247.000     0.975000      1256846        40.00
   25471.000     0.978125      1260893        45.71
   25759.000     0.981250      1265015        53.33
   26143.000     0.984375      1268962        64.00
   26399.000     0.985938      1270929        71.11
   26767.000     0.987500      1272948        80.00
   27807.000     0.989062      1274909        91.43
   28719.000     0.990625      1276937       106.67
   29471.000     0.992188      1278945       128.00
   29775.000     0.992969      1279946       142.22
   30191.000     0.993750      1280973       160.00
   30719.000     0.994531      1281969       182.86
   31967.000     0.995313      1282991       213.33
   33951.000     0.996094      1283993       256.00
   34559.000     0.996484      1284488       284.44
   34975.000     0.996875      1285013       320.00
   35359.000     0.997266      1285507       365.71
   35711.000     0.997656      1285995       426.67
   36031.000     0.998047      1286531       512.00
   36191.000     0.998242      1286814       568.89
   36319.000     0.998437      1287001       640.00
   36447.000     0.998633      1287262       731.43
   36575.000     0.998828      1287508       853.33
   36799.000     0.999023      1287764      1024.00
   36895.000     0.999121      1287892      1137.78
   36959.000     0.999219      1288003      1280.00
   37087.000     0.999316      1288137      1462.86
   37183.000     0.999414      1288266      1706.67
   37375.000     0.999512      1288380      2048.00
   37471.000     0.999561      1288446      2275.56
   37567.000     0.999609      1288518      2560.00
   37695.000     0.999658      1288567      2925.71
   37887.000     0.999707      1288633      3413.33
   38239.000     0.999756      1288696      4096.00
   38399.000     0.999780      1288727      4551.11
   38591.000     0.999805      1288758      5120.00
   38879.000     0.999829      1288791      5851.43
   40095.000     0.999854      1288817      6826.67
   40543.000     0.999878      1288855      8192.00
   41055.000     0.999890      1288867      9102.22
   41567.000     0.999902      1288883     10240.00
   42015.000     0.999915      1288899     11702.86
   43487.000     0.999927      1288911     13653.33
   44031.000     0.999939      1288931     16384.00
   44127.000     0.999945      1288935     18204.44
   44639.000     0.999951      1288946     20480.00
   44671.000     0.999957      1288950     23405.71
   46591.000     0.999963      1288958     27306.67
   46687.000     0.999969      1288973     32768.00
   46687.000     0.999973      1288973     36408.89
   47263.000     0.999976      1288974     40960.00
   47423.000     0.999979      1288978     46811.43
   49631.000     0.999982      1288984     54613.33
   49695.000     0.999985      1288992     65536.00
   49695.000     0.999986      1288992     72817.78
   49695.000     0.999988      1288992     81920.00
   49695.000     0.999989      1288992     93622.86
   50687.000     0.999991      1289005    109226.67
   50687.000     1.000000      1289005          inf
#[Mean    =    11615.301, StdDeviation   =     6108.418]
#[Max     =    50687.000, Total count    =      1289005]
#[Buckets =            6, SubBuckets     =         2048]
