       Value   Percentile   TotalCount 1/(1-Percentile)

      56.000     0.000000            1         1.00
     358.000     0.100000       989532         1.11
     486.000     0.200000      1969927         1.25
     611.000     0.300000      2952830         1.43
     748.000     0.400000      3935013         1.67
     914.000     0.500000      4916569         2.00
    1018.000     0.550000      5410610         2.22
    1143.000     0.600000      5900745         2.50
    1301.000     0.650000      6391689         2.86
    1512.000     0.700000      6882175         3.33
    1817.000     0.750000      7373376         4.00
    2030.000     0.775000      7618592         4.44
    2311.000     0.800000      7865714         5.00
    2685.000     0.825000      8110851         5.71
    3199.000     0.850000      8356127         6.67
    3937.000     0.875000      8601742         8.00
    4431.000     0.887500      8724843         8.89
    5023.000     0.900000      8847367        10.00
    5727.000     0.912500      8970742        11.43
    6527.000     0.925000      9093419        13.33
    7415.000     0.937500      9216284        16.00
    7899.000     0.943750      9277915        17.78
    8423.000     0.950000      9339187        20.00
    9007.000     0.956250      9400806        22.86
    9687.000     0.962500      9462338        26.67
   10511.000     0.968750      9523293        32.00
   11023.000     0.971875      9554303        35.56
   11615.000     0.975000      9584862        40.00
   12343.000     0.978125      9615505        45.71
   13295.000     0.981250      9646148        53.33
   14559.000     0.984375      9676939        64.00
   15327.000     0.985938      9692181        71.11
   16223.000     0.987500      9707555        80.00
   17263.000     0.989062      9722990        91.43
   18447.000     0.990625      9738394       106.67
   19807.000     0.992188      9753677       128.00
   20575.000     0.992969      9761294       142.22
   21423.000     0.993750      9769089       160.00
   22303.000     0.994531      9776685       182.86
   23263.000     0.995313      9784310       213.33
   24335.000     0.996094      9791996       256.00
   24911.000     0.996484      9795895       284.44
   25519.000     0.996875      9799722       320.00
   26175.000     0.997266      9803516       365.71
   26911.000     0.997656      9807413       426.67
   27711.000     0.998047      9811218       512.00
   28127.000     0.998242      9813114       568.89
   28607.000     0.998437      9815063       640.00
   29103.000     0.998633      9816993       731.43
   29663.000     0.998828      9818907       853.33
   30271.000     0.999023      9820795      1024.00
   30639.000     0.999121      9821760      1137.78
   31023.000     0.999219      9822724      1280.00
   31471.000     0.999316      9823683      1462.86
   31951.000     0.999414      9824638      1706.67
   32543.000     0.999512      9825600      2048.00
   32863.000     0.999561      9826093      2275.56
   33183.000     0.999609      9826552      2560.00
   33567.000     0.999658      9827058      2925.71
   33983.000     0.999707      9827517      3413.33
   34463.000     0.999756      9828008      4096.00
   34751.000     0.999780      9828238      4551.11
   35039.000     0.999805      9828468      5120.00
   35359.000     0.999829      9828704      5851.43
   35807.000     0.999854      9828966      6826.67
   36223.000     0.999878      9829191      8192.00
   36479.000     0.999890      9829312      9102.22
   36799.000     0.999902      9829426     10240.00
   37119.000     0.999915      9829547     11702.86
   37471.000     0.999927      9829668     13653.33
   37983.000     0.999939      9829791     16384.00
   38239.000     0.999945      9829849     18204.44
   38527.000     0.999951      9829910     20480.00
   38879.000     0.999957      9829967     23405.71
   39295.000     0.999963      9830029     27306.67
   39743.000     0.999969      9830085     32768.00
   39999.000     0.999973      9830114     36408.89
   40287.000     0.999976      9830144     40960.00
   40511.000     0.999979      9830175     46811.43
   40767.000     0.999982      9830207     54613.33
   41023.000     0.999985      9830234     65536.00
   41151.000     0.999986      9830249     72817.78
   41279.000     0.999988      9830264     81920.00
   41471.000     0.999989      9830281     93622.86
   41695.000     0.999991      9830295    109226.67
   41919.000     0.999992      9830310    131072.00
   42015.000     0.999993      9830318    145635.56
   42079.000     0.999994      9830324    163840.00
   42175.000     0.999995      9830331    187245.71
   42303.000     0.999995      9830342    218453.33
   42367.000     0.999996      9830346    262144.00
   42527.000     0.999997      9830353    291271.11
   42559.000     0.999997      9830354    327680.00
   42623.000     0.999997      9830358    374491.43
   42687.000     0.999998      9830361    436906.67
   42751.000     0.999998      9830365    524288.00
   42847.000     0.999998      9830367    582542.22
   42911.000     0.999998      9830369    655360.00
   42943.000     0.999999      9830371    748982.86
   43039.000     0.999999      9830373    873813.33
   43103.000     0.999999      9830374   1048576.00
   43135.000     0.999999      9830375   1165084.44
   43199.000     0.999999      9830376   1310720.00
   43295.000     0.999999      9830377   1497965.71
   43327.000     0.999999      9830379   1747626.67
   43327.000     1.000000      9830379   2097152.00
   43327.000     1.000000      9830379   2330168.89
   43359.000     1.000000      9830380   2621440.00
   43359.000     1.000000      9830380   2995931.43
   43519.000     1.000000      9830381   3495253.33
   43519.000     1.000000      9830381   4194304.00
   43519.000     1.000000      9830381   4660337.78
   43551.000     1.000000      9830382   5242880.00
   43551.000     1.000000      9830382   5991862.86
   43551.000     1.000000      9830382   6990506.67
   43551.000     1.000000      9830382   8388608.00
   43551.000     1.000000      9830382   9320675.55
   44543.000     1.000000      9830383  10485760.00
   44543.000     1.000000      9830383          inf
#[Mean    =     2051.430, StdDeviation   =     3361.056]
#[Max     =    44543.000, Total count    =      9830383]
#[Buckets =            6, SubBuckets     =         2048]
