       Value   Percentile   TotalCount 1/(1-Percentile)

      77.000     0.000000            1         1.00
     330.000     0.100000       928507         1.11
     455.000     0.200000      1851319         1.25
     635.000     0.300000      2778299         1.43
    1052.000     0.400000      3703357         1.67
    2277.000     0.500000      4627887         2.00
    3149.000     0.550000      5091237         2.22
    4103.000     0.600000      5554974         2.50
    5187.000     0.650000      6016578         2.86
    6563.000     0.700000      6479119         3.33
    8535.000     0.750000      6942729         4.00
    9855.000     0.775000      7173920         4.44
   11471.000     0.800000      7405204         5.00
   13327.000     0.825000      7636227         5.71
   15391.000     0.850000      7867799         6.67
   17839.000     0.875000      8098894         8.00
   19327.000     0.887500      8214782         8.89
   21007.000     0.900000      8330255        10.00
   22991.000     0.912500      8445896        11.43
   25471.000     0.925000      8561455        13.33
   28607.000     0.937500      8677113        16.00
   30431.000     0.943750      8735248        17.78
   32399.000     0.950000      8792725        20.00
   34591.000     0.956250      8851149        22.86
   36927.000     0.962500      8908628        26.67
   39423.000     0.968750      8966477        32.00
   40831.000     0.971875      8995234        35.56
   42399.000     0.975000      9024131        40.00
   44319.000     0.978125      9053160        45.71
   46815.000     0.981250      9082068        53.33
   50271.000     0.984375      9110870        64.00
   52479.000     0.985938      9125458        71.11
   55167.000     0.987500      9139837        80.00
   58847.000     0.989062      9154280        91.43
   63743.000     0.990625      9168794       106.67
   69311.000     0.992188      9183254       128.00
   72831.000     0.992969      9190404       142.22
   76799.000     0.993750      9197661       160.00
   81471.000     0.994531      9204940       182.86
   86591.000     0.995313      9212138       213.33
   92927.000     0.996094      9219364       256.00
   97215.000     0.996484      9222942       284.44
  103423.000     0.996875      9226590       320.00
  111103.000     0.997266      9230193       365.71
  122047.000     0.997656      9233804       426.67
  134143.000     0.998047      9237423       512.00
  142463.000     0.998242      9239217       568.89
  153215.000     0.998437      9241038       640.00
  166655.000     0.998633      9242839       731.43
  181631.000     0.998828      9244637       853.33
  200063.000     0.999023      9246443      1024.00
  212095.000     0.999121      9247356      1137.78
  221951.000     0.999219      9248259      1280.00
  236415.000     0.999316      9249158      1462.86
  273919.000     0.999414      9250058      1706.67
  315135.000     0.999512      9250961      2048.00
  327679.000     0.999561      9251427      2275.56
  360191.000     0.999609      9251865      2560.00
  400127.000     0.999658      9252317      2925.71
  442367.000     0.999707      9252782      3413.33
  497407.000     0.999756      9253221      4096.00
  537599.000     0.999780      9253448      4551.11
  556031.000     0.999805      9253678      5120.00
  587775.000     0.999829      9253903      5851.43
  607231.000     0.999854      9254141      6826.67
  645631.000     0.999878      9254352      8192.00
  743423.000     0.999890      9254464      9102.22
  774655.000     0.999902      9254584     10240.00
  804863.000     0.999915      9254691     11702.86
  816127.000     0.999927      9254804     13653.33
  837631.000     0.999939      9254924     16384.00
  851967.000     0.999945      9254972     18204.44
  885247.000     0.999951      9255029     20480.00
  908287.000     0.999957      9255086     23405.71
  953343.000     0.999963      9255142     27306.67
  968703.000     0.999969      9255198     32768.00
  980479.000     0.999973      9255227     36408.89
  984063.000     0.999976      9255255     40960.00
  988159.000     0.999979      9255286     46811.43
 1000447.000     0.999982      9255311     54613.33
 1021951.000     0.999985      9255340     65536.00
 1036799.000     0.999986      9255353     72817.78
 1046527.000     0.999988      9255369     81920.00
 1063935.000     0.999989      9255384     93622.86
 1072127.000     0.999991      9255396    109226.67
 1079295.000     0.999992      9255413    131072.00
 1080319.000     0.999993      9255421    145635.56
 1081343.000     0.999994      9255427    163840.00
 1084415.000     0.999995      9255431    187245.71
 1087487.000     0.999995      9255439    218453.33
 1089535.000     0.999996      9255447    262144.00
 1091583.000     0.999997      9255451    291271.11
 1108991.000     0.999997      9255452    327680.00
 1119231.000     0.999997      9255457    374491.43
 1122303.000     0.999998      9255459    436906.67
 1125375.000     0.999998      9255463    524288.00
 1126399.000     0.999998      9255465    582542.22
 1128447.000     0.999998      9255466    655360.00
 1129471.000     0.999999      9255468    748982.86
 1130495.000     0.999999      9255470    873813.33
 1132543.000     0.999999      9255475   1048576.00
 1132543.000     0.999999      9255475   1165084.44
 1132543.000     0.999999      9255475   1310720.00
 1132543.000     0.999999      9255475   1497965.71
 1132543.000     0.999999      9255475   1747626.67
 1133567.000     1.000000      9255479   2097152.00
 1133567.000     1.000000      9255479   2330168.89
 1133567.000     1.000000      9255479   2621440.00
 1133567.000     1.000000      9255479   2995931.43
 1133567.000     1.000000      9255479   3495253.33
 1133567.000     1.000000      9255479   4194304.00
 1133567.000     1.000000      9255479   4660337.78
 1133567.000     1.000000      9255479   5242880.00
 1133567.000     1.000000      9255479   5991862.86
 1133567.000     1.000000      9255479   6990506.67
 1133567.000     1.000000      9255479   8388608.00
 1134591.000     1.000000      9255480   9320675.55
 1134591.000     1.000000      9255480          inf
#[Mean    =     7804.656, StdDeviation   =    19120.594]
#[Max     =  1134591.000, Total count    =      9255480]
#[Buckets =           11, SubBuckets     =         2048]
