       Value   Percentile   TotalCount 1/(1-Percentile)

      70.000     0.000000            1         1.00
      85.000     0.100000       185607         1.11
      89.000     0.200000       373143         1.25
      92.000     0.300000       519195         1.43
      96.000     0.400000       675321         1.67
     101.000     0.500000       852716         2.00
     105.000     0.550000       926365         2.22
     111.000     0.600000      1005978         2.50
     117.000     0.650000      1091896         2.86
     122.000     0.700000      1172611         3.33
     128.000     0.750000      1257592         4.00
     132.000     0.775000      1296989         4.44
     138.000     0.800000      1339986         5.00
     144.000     0.825000      1385942         5.71
     147.000     0.850000      1420327         6.67
     150.000     0.875000      1469272         8.00
     151.000     0.887500      1487809         8.89
     152.000     0.900000      1505833        10.00
     154.000     0.912500      1536470        11.43
     155.000     0.925000      1548907        13.33
     157.000     0.937500      1568227        16.00
     159.000     0.943750      1582636        17.78
     160.000     0.950000      1588608        20.00
     162.000     0.956250      1599100        22.86
     165.000     0.962500      1611512        26.67
     167.000     0.968750      1618801        32.00
     169.000     0.971875      1625069        35.56
     171.000     0.975000      1630451        40.00
     173.000     0.978125      1634728        45.71
     176.000     0.981250      1639854        53.33
     180.000     0.984375      1644818        64.00
     183.000     0.985938      1647289        71.11
     188.000     0.987500      1649935        80.00
     195.000     0.989062      1652570        91.43
     202.000     0.990625      1655145       106.67
     209.000     0.992188      1657621       128.00
     213.000     0.992969      1658921       142.22
     217.000     0.993750      1660521       160.00
     219.000     0.994531      1661615       182.86
     221.000     0.995313      1662903       213.33
     223.000     0.996094      1664387       256.00
     224.000     0.996484      1665174       284.44
     225.000     0.996875      1665910       320.00
     226.000     0.997266      1666591       365.71
     227.000     0.997656      1667220       426.67
     228.000     0.998047      1667716       512.00
     228.000     0.998242      1667716       568.89
     229.000     0.998437      1668141       640.00
     230.000     0.998633      1668459       731.43
     231.000     0.998828      1668731       853.33
     233.000     0.999023      1669053      1024.00
     234.000     0.999121      1669179      1137.78
     235.000     0.999219      1669293      1280.00
     237.000     0.999316      1669431      1462.86
     241.000     0.999414      1669613      1706.67
     245.000     0.999512      1669771      2048.00
     247.000     0.999561      1669830      2275.56
     250.000     0.999609      1669918      2560.00
     253.000     0.999658      1669985      2925.71
     257.000     0.999707      1670060      3413.33
     263.000     0.999756      1670142      4096.00
     266.000     0.999780      1670179      4551.11
     270.000     0.999805      1670235      5120.00
     273.000     0.999829      1670266      5851.43
     276.000     0.999854      1670310      6826.67
     279.000     0.999878      1670348      8192.00
     281.000     0.999890      1670368      9102.22
     283.000     0.999902      1670390     10240.00
     286.000     0.999915      1670409     11702.86
     289.000     0.999927      1670428     13653.33
     291.000     0.999939      1670448     16384.00
     292.000     0.999945      1670455     18204.44
     298.000     0.999951      1670465     20480.00
     304.000     0.999957      1670476     23405.71
     365.000     0.999963      1670485     27306.67
     439.000     0.999969      1670496     32768.00
     559.000     0.999973      1670501     36408.89
    1151.000     0.999976      1670506     40960.00
    1381.000     0.999979      1670511     46811.43
    1416.000     0.999982      1670516     54613.33
    1430.000     0.999985      1670521     65536.00
    1470.000     0.999986      1670524     72817.78
    2405.000     0.999988      1670526     81920.00
   26191.000     0.999989      1670529     93622.86
   26239.000     0.999991      1670531    109226.67
   26303.000     0.999992      1670534    131072.00
   26319.000     0.999993      1670536    145635.56
   26319.000     0.999994      1670536    163840.00
   26351.000     0.999995      1670539    187245.71
   26351.000     0.999995      1670539    218453.33
   26399.000     0.999996      1670540    262144.00
   27279.000     0.999997      1670541    291271.11
   27279.000     0.999997      1670541    327680.00
   27391.000     0.999997      1670542    374491.43
   27407.000     0.999998      1670543    436906.67
   27407.000     0.999998      1670543    524288.00
   27503.000     0.999998      1670544    582542.22
   27503.000     0.999998      1670544    655360.00
   27503.000     0.999999      1670544    748982.86
   27519.000     0.999999      1670545    873813.33
   27519.000     0.999999      1670545   1048576.00
   27519.000     0.999999      1670545   1165084.44
   27519.000     0.999999      1670545   1310720.00
   27519.000     0.999999      1670545   1497965.71
   32927.000     0.999999      1670546   1747626.67
   32927.000     1.000000      1670546          inf
#[Mean    =      112.129, StdDeviation   =       94.849]
#[Max     =    32927.000, Total count    =      1670546]
#[Buckets =            6, SubBuckets     =         2048]
