       Value   Percentile   TotalCount 1/(1-Percentile)

      77.000     0.000000            2         1.00
      83.000     0.100000        26590         1.11
      85.000     0.200000        39600         1.25
     133.000     0.300000        55788         1.43
     155.000     0.400000        74347         1.67
     162.000     0.500000        95992         2.00
     164.000     0.550000       103371         2.22
     170.000     0.600000       111631         2.50
     189.000     0.650000       120342         2.86
     193.000     0.700000       131401         3.33
     195.000     0.750000       143941         4.00
     195.000     0.775000       143941         4.44
     196.000     0.800000       148797         5.00
     197.000     0.825000       155048         5.71
     198.000     0.850000       162897         6.67
     198.000     0.875000       162897         8.00
     199.000     0.887500       168469         8.89
     199.000     0.900000       168469        10.00
     200.000     0.912500       171306        11.43
     200.000     0.925000       171306        13.33
     202.000     0.937500       174297        16.00
     203.000     0.943750       175453        17.78
     204.000     0.950000       176523        20.00
     205.000     0.956250       177491        22.86
     206.000     0.962500       178469        26.67
     207.000     0.968750       179312        32.00
     208.000     0.971875       180131        35.56
     209.000     0.975000       180976        40.00
     210.000     0.978125       181646        45.71
     210.000     0.981250       181646        53.33
     211.000     0.984375       182224        64.00
     212.000     0.985938       182717        71.11
     213.000     0.987500       183071        80.00
     213.000     0.989062       183071        91.43
     214.000     0.990625       183357       106.67
     215.000     0.992188       183643       128.00
     216.000     0.992969       183881       142.22
     217.000     0.993750       184049       160.00
     218.000     0.994531       184189       182.86
     219.000     0.995313       184279       213.33
     220.000     0.996094       184377       256.00
     221.000     0.996484       184449       284.44
     222.000     0.996875       184516       320.00
     223.000     0.997266       184576       365.71
     225.000     0.997656       184675       426.67
     227.000     0.998047       184729       512.00
     228.000     0.998242       184753       568.89
     230.000     0.998437       184805       640.00
     231.000     0.998633       184820       731.43
     234.000     0.998828       184857       853.33
     241.000     0.999023       184895      1024.00
     246.000     0.999121       184907      1137.78
     261.000     0.999219       184926      1280.00
     277.000     0.999316       184943      1462.86
     293.000     0.999414       184963      1706.67
     314.000     0.999512       184981      2048.00
     317.000     0.999561       184995      2275.56
     318.000     0.999609       185002      2560.00
     320.000     0.999658       185007      2925.71
     324.000     0.999707       185016      3413.33
     330.000     0.999756       185024      4096.00
     335.000     0.999780       185029      4551.11
     339.000     0.999805       185033      5120.00
     355.000     0.999829       185039      5851.43
     365.000     0.999854       185042      6826.67
     519.000     0.999878       185047      8192.00
    2117.000     0.999890       185049      9102.22
    2233.000     0.999902       185051     10240.00
    2355.000     0.999915       185054     11702.86
    2445.000     0.999927       185056     13653.33
    2675.000     0.999939       185058     16384.00
    3055.000     0.999945       185059     18204.44
    3225.000     0.999951       185060     20480.00
    3733.000     0.999957       185062     23405.71
    8263.000     0.999963       185063     27306.67
   18383.000     0.999969       185064     32768.00
   18383.000     0.999973       185064     36408.89
   18735.000     0.999976       185065     40960.00
   18879.000     0.999979       185066     46811.43
   18879.000     0.999982       185066     54613.33
   19167.000     0.999985       185067     65536.00
   19167.000     0.999986       185067     72817.78
   19167.000     0.999988       185067     81920.00
   19407.000     0.999989       185068     93622.86
   19407.000     0.999991       185068    109226.67
   19407.000     0.999992       185068    131072.00
   19407.000     0.999993       185068    145635.56
   19407.000     0.999994       185068    163840.00
   20143.000     0.999995       185069    187245.71
   20143.000     1.000000       185069          inf
#[Mean    =      153.065, StdDeviation   =      120.782]
#[Max     =    20143.000, Total count    =       185069]
#[Buckets =            5, SubBuckets     =         2048]
