       Value   Percentile   TotalCount 1/(1-Percentile)

      78.000     0.000000            8         1.00
      81.000     0.100000        18554         1.11
      85.000     0.200000        38090         1.25
     138.000     0.300000        55488         1.43
     158.000     0.400000        77659         1.67
     161.000     0.500000        93286         2.00
     164.000     0.550000       102244         2.22
     173.000     0.600000       110598         2.50
     188.000     0.650000       121523         2.86
     190.000     0.700000       130940         3.33
     192.000     0.750000       142717         4.00
     192.000     0.775000       142717         4.44
     193.000     0.800000       150038         5.00
     194.000     0.825000       154698         5.71
     195.000     0.850000       157836         6.67
     196.000     0.875000       161865         8.00
     197.000     0.887500       166629         8.89
     197.000     0.900000       166629        10.00
     198.000     0.912500       169759        11.43
     199.000     0.925000       171512        13.33
     200.000     0.937500       172896        16.00
     201.000     0.943750       174099        17.78
     202.000     0.950000       175107        20.00
     204.000     0.956250       176737        22.86
     205.000     0.962500       177545        26.67
     206.000     0.968750       178394        32.00
     207.000     0.971875       179366        35.56
     208.000     0.975000       180201        40.00
     208.000     0.978125       180201        45.71
     209.000     0.981250       180945        53.33
     210.000     0.984375       181508        64.00
     211.000     0.985938       181994        71.11
     211.000     0.987500       181994        80.00
     212.000     0.989062       182317        91.43
     213.000     0.990625       182609       106.67
     214.000     0.992188       182848       128.00
     214.000     0.992969       182848       142.22
     215.000     0.993750       183050       160.00
     216.000     0.994531       183190       182.86
     217.000     0.995313       183321       213.33
     218.000     0.996094       183443       256.00
     219.000     0.996484       183540       284.44
     219.000     0.996875       183540       320.00
     220.000     0.997266       183623       365.71
     221.000     0.997656       183689       426.67
     223.000     0.998047       183797       512.00
     223.000     0.998242       183797       568.89
     224.000     0.998437       183835       640.00
     225.000     0.998633       183873       731.43
     226.000     0.998828       183905       853.33
     228.000     0.999023       183944      1024.00
     229.000     0.999121       183956      1137.78
     231.000     0.999219       183984      1280.00
     233.000     0.999316       183999      1462.86
     236.000     0.999414       184012      1706.67
     240.000     0.999512       184026      2048.00
     244.000     0.999561       184036      2275.56
     249.000     0.999609       184044      2560.00
     260.000     0.999658       184053      2925.71
     278.000     0.999707       184062      3413.33
     318.000     0.999756       184071      4096.00
     321.000     0.999780       184075      4551.11
     373.000     0.999805       184080      5120.00
     507.000     0.999829       184084      5851.43
     666.000     0.999854       184089      6826.67
    2107.000     0.999878       184093      8192.00
    2145.000     0.999890       184095      9102.22
    2289.000     0.999902       184098     10240.00
    2531.000     0.999915       184100     11702.86
    2789.000     0.999927       184102     13653.33
    3177.000     0.999939       184104     16384.00
    3307.000     0.999945       184105     18204.44
    4163.000     0.999951       184107     20480.00
    4211.000     0.999957       184108     23405.71
    7379.000     0.999963       184109     27306.67
    8895.000     0.999969       184110     32768.00
    8895.000     0.999973       184110     36408.89
   18399.000     0.999976       184111     40960.00
   18767.000     0.999979       184112     46811.43
   18767.000     0.999982       184112     54613.33
   18847.000     0.999985       184113     65536.00
   18847.000     0.999986       184113     72817.78
   18847.000     0.999988       184113     81920.00
   19087.000     0.999989       184114     93622.86
   19087.000     0.999991       184114    109226.67
   19087.000     0.999992       184114    131072.00
   19087.000     0.999993       184114    145635.56
   19087.000     0.999994       184114    163840.00
   19711.000     0.999995       184115    187245.71
   19711.000     1.000000       184115          inf
#[Mean    =      153.689, StdDeviation   =      113.597]
#[Max     =    19711.000, Total count    =       184115]
#[Buckets =            5, SubBuckets     =         2048]
