       Value   Percentile   TotalCount 1/(1-Percentile)

     104.000     0.000000            1         1.00
     824.000     0.100000       853126         1.11
    1026.000     0.200000      1706456         1.25
    1221.000     0.300000      2556679         1.43
    1444.000     0.400000      3410141         1.67
    1723.000     0.500000      4260775         2.00
    1897.000     0.550000      4687388         2.22
    2105.000     0.600000      5113830         2.50
    2361.000     0.650000      5540977         2.86
    2687.000     0.700000      5964700         3.33
    3125.000     0.750000      6390885         4.00
    3411.000     0.775000      6604083         4.44
    3759.000     0.800000      6816913         5.00
    4199.000     0.825000      7030764         5.71
    4775.000     0.850000      7242718         6.67
    5575.000     0.875000      7456081         8.00
    6103.000     0.887500      7562250         8.89
    6767.000     0.900000      7668378        10.00
    7659.000     0.912500      7774950        11.43
    8895.000     0.925000      7881520        13.33
   10735.000     0.937500      7988014        16.00
   12015.000     0.943750      8041214        17.78
   13615.000     0.950000      8094288        20.00
   15679.000     0.956250      8147614        22.86
   18207.000     0.962500      8200823        26.67
   21455.000     0.968750      8254226        32.00
   23375.000     0.971875      8280776        35.56
   25551.000     0.975000      8307379        40.00
   28159.000     0.978125      8333916        45.71
   31375.000     0.981250      8360571        53.33
   35519.000     0.984375      8387297        64.00
   37919.000     0.985938      8400563        71.11
   40735.000     0.987500      8413866        80.00
   44191.000     0.989062      8427089        91.43
   48191.000     0.990625      8440474       106.67
   52895.000     0.992188      8453714       128.00
   56127.000     0.992969      8460368       142.22
   60031.000     0.993750      8467025       160.00
   64383.000     0.994531      8473680       182.86
   69183.000     0.995313      8480365       213.33
   75327.000     0.996094      8487004       256.00
   79359.000     0.996484      8490338       284.44
   83839.000     0.996875      8493672       320.00
   88639.000     0.997266      8496980       365.71
   95743.000     0.997656      8500303       426.67
  105663.000     0.998047      8503641       512.00
  111871.000     0.998242      8505300       568.89
  120063.000     0.998437      8506970       640.00
  129343.000     0.998633      8508622       731.43
  140159.000     0.998828      8510298       853.33
  152831.000     0.999023      8511950      1024.00
  162687.000     0.999121      8512793      1137.78
  170623.000     0.999219      8513619      1280.00
  183295.000     0.999316      8514445      1462.86
  201343.000     0.999414      8515281      1706.67
  227327.000     0.999512      8516113      2048.00
  235263.000     0.999561      8516524      2275.56
  258047.000     0.999609      8516941      2560.00
  288255.000     0.999658      8517357      2925.71
  328703.000     0.999707      8517777      3413.33
  362751.000     0.999756      8518188      4096.00
  413183.000     0.999780      8518398      4551.11
  474623.000     0.999805      8518604      5120.00
  525823.000     0.999829      8518812      5851.43
  593407.000     0.999854      8519021      6826.67
  660991.000     0.999878      8519229      8192.00
  706047.000     0.999890      8519337      9102.22
  727551.000     0.999902      8519438     10240.00
  758271.000     0.999915      8519541     11702.86
  792575.000     0.999927      8519644     13653.33
  826367.000     0.999939      8519750     16384.00
  867839.000     0.999945      8519804     18204.44
  893951.000     0.999951      8519852     20480.00
  940543.000     0.999957      8519905     23405.71
  988671.000     0.999963      8519957     27306.67
 1006079.000     0.999969      8520008     32768.00
 1028095.000     0.999973      8520036     36408.89
 1063935.000     0.999976      8520063     40960.00
 1075199.000     0.999979      8520087     46811.43
 1096703.000     0.999982      8520113     54613.33
 1106943.000     0.999985      8520139     65536.00
 1129471.000     0.999986      8520151     72817.78
 1144831.000     0.999988      8520165     81920.00
 1154047.000     0.999989      8520185     93622.86
 1155071.000     0.999991      8520198    109226.67
 1156095.000     0.999992      8520203    131072.00
 1182719.000     0.999993      8520211    145635.56
 1197055.000     0.999994      8520216    163840.00
 1224703.000     0.999995      8520223    187245.71
 1226751.000     0.999995      8520229    218453.33
 1231871.000     0.999996      8520236    262144.00
 1297407.000     0.999997      8520239    291271.11
 1377279.000     0.999997      8520242    327680.00
 1380351.000     0.999997      8520246    374491.43
 1437695.000     0.999998      8520254    436906.67
 1437695.000     0.999998      8520254    524288.00
 1437695.000     0.999998      8520254    582542.22
 1438719.000     0.999998      8520260    655360.00
 1438719.000     0.999999      8520260    748982.86
 1438719.000     0.999999      8520260    873813.33
 1438719.000     0.999999      8520260   1048576.00
 1439743.000     0.999999      8520261   1165084.44
 1440767.000     0.999999      8520262   1310720.00
 1442815.000     0.999999      8520264   1497965.71
 1442815.000     0.999999      8520264   1747626.67
 1442815.000     1.000000      8520264   2097152.00
 1443839.000     1.000000      8520265   2330168.89
 1443839.000     1.000000      8520265   2621440.00
 1448959.000     1.000000      8520266   2995931.43
 1448959.000     1.000000      8520266   3495253.33
 1448959.000     1.000000      8520266   4194304.00
 1551359.000     1.000000      8520267   4660337.78
 1551359.000     1.000000      8520267   5242880.00
 1551359.000     1.000000      8520267   5991862.86
 1551359.000     1.000000      8520267   6990506.67
 1551359.000     1.000000      8520267   8388608.00
 1552383.000     1.000000      8520268   9320675.55
 1552383.000     1.000000      8520268          inf
#[Mean    =     4211.908, StdDeviation   =    15429.483]
#[Max     =  1552383.000, Total count    =      8520268]
#[Buckets =           11, SubBuckets     =         2048]
