       Value   Percentile   TotalCount 1/(1-Percentile)

      42.000     0.000000            1         1.00
     519.000     0.100000       806207         1.11
     923.000     0.200000      1612128         1.25
    1405.000     0.300000      2418154         1.43
    2024.000     0.400000      3224117         1.67
    2933.000     0.500000      4030763         2.00
    3541.000     0.550000      4433111         2.22
    4283.000     0.600000      4836657         2.50
    5179.000     0.650000      5238372         2.86
    6279.000     0.700000      5641316         3.33
    7647.000     0.750000      6044598         4.00
    8463.000     0.775000      6247218         4.44
    9375.000     0.800000      6447319         5.00
   10439.000     0.825000      6649536         5.71
   11679.000     0.850000      6850997         6.67
   13175.000     0.875000      7051715         8.00
   14055.000     0.887500      7152480         8.89
   15031.000     0.900000      7253452        10.00
   16159.000     0.912500      7354039        11.43
   17487.000     0.925000      7455339        13.33
   19039.000     0.937500      7555451        16.00
   19983.000     0.943750      7606249        17.78
   21007.000     0.950000      7655971        20.00
   22143.000     0.956250      7706473        22.86
   23455.000     0.962500      7757184        26.67
   25039.000     0.968750      7807453        32.00
   25951.000     0.971875      7832352        35.56
   26975.000     0.975000      7857517        40.00
   28143.000     0.978125      7882787        45.71
   29519.000     0.981250      7907991        53.33
   31215.000     0.984375      7933143        64.00
   32223.000     0.985938      7945743        71.11
   33311.000     0.987500      7958253        80.00
   34559.000     0.989062      7970933        91.43
   36031.000     0.990625      7983453       106.67
   37791.000     0.992188      7996125       128.00
   38751.000     0.992969      8002344       142.22
   39903.000     0.993750      8008636       160.00
   41183.000     0.994531      8014897       182.86
   42655.000     0.995313      8021147       213.33
   44415.000     0.996094      8027504       256.00
   45439.000     0.996484      8030582       284.44
   46527.000     0.996875      8033741       320.00
   47743.000     0.997266      8036865       365.71
   49215.000     0.997656      8040032       426.67
   51007.000     0.998047      8043168       512.00
   52127.000     0.998242      8044760       568.89
   53407.000     0.998437      8046329       640.00
   54847.000     0.998633      8047889       731.43
   56703.000     0.998828      8049458       853.33
   58847.000     0.999023      8051033      1024.00
   60223.000     0.999121      8051828      1137.78
   61919.000     0.999219      8052604      1280.00
   63935.000     0.999316      8053392      1462.86
   66239.000     0.999414      8054181      1706.67
   68991.000     0.999512      8054971      2048.00
   70719.000     0.999561      8055358      2275.56
   73279.000     0.999609      8055757      2560.00
   75455.000     0.999658      8056160      2925.71
   77823.000     0.999707      8056538      3413.33
   81023.000     0.999756      8056934      4096.00
   82367.000     0.999780      8057142      4551.11
   83263.000     0.999805      8057341      5120.00
   84223.000     0.999829      8057526      5851.43
   85503.000     0.999854      8057725      6826.67
   87231.000     0.999878      8057916      8192.00
   88319.000     0.999890      8058021      9102.22
   89279.000     0.999902      8058120     10240.00
   90303.000     0.999915      8058218     11702.86
   91007.000     0.999927      8058321     13653.33
   91839.000     0.999939      8058409     16384.00
   92287.000     0.999945      8058457     18204.44
   92863.000     0.999951      8058506     20480.00
   93439.000     0.999957      8058555     23405.71
   94015.000     0.999963      8058605     27306.67
   94591.000     0.999969      8058658     32768.00
   94847.000     0.999973      8058686     36408.89
   94975.000     0.999976      8058706     40960.00
   95231.000     0.999979      8058732     46811.43
   95423.000     0.999982      8058754     54613.33
   95679.000     0.999985      8058781     65536.00
   95743.000     0.999986      8058789     72817.78
   95935.000     0.999988      8058802     81920.00
   96127.000     0.999989      8058817     93622.86
   96319.000     0.999991      8058827    109226.67
   96447.000     0.999992      8058838    131072.00
   96575.000     0.999993      8058845    145635.56
   96639.000     0.999994      8058851    163840.00
   96703.000     0.999995      8058859    187245.71
   96831.000     0.999995      8058863    218453.33
   97023.000     0.999996      8058869    262144.00
   97151.000     0.999997      8058875    291271.11
   97151.000     0.999997      8058875    327680.00
   97279.000     0.999997      8058878    374491.43
   97535.000     0.999998      8058884    436906.67
   97535.000     0.999998      8058884    524288.00
   97599.000     0.999998      8058886    582542.22
   97663.000     0.999998      8058890    655360.00
   97663.000     0.999999      8058890    748982.86
   97663.000     0.999999      8058890    873813.33
   97855.000     0.999999      8058892   1048576.00
   98047.000     0.999999      8058894   1165084.44
   98047.000     0.999999      8058894   1310720.00
   98047.000     0.999999      8058894   1497965.71
   98239.000     0.999999      8058895   1747626.67
   98303.000     1.000000      8058896   2097152.00
   98303.000     1.000000      8058896   2330168.89
   98303.000     1.000000      8058896   2621440.00
   98495.000     1.000000      8058897   2995931.43
   98495.000     1.000000      8058897   3495253.33
   98687.000     1.000000      8058898   4194304.00
   98687.000     1.000000      8058898   4660337.78
   98687.000     1.000000      8058898   5242880.00
   98687.000     1.000000      8058898   5991862.86
   98687.000     1.000000      8058898   6990506.67
   99007.000     1.000000      8058899   8388608.00
   99007.000     1.000000      8058899          inf
#[Mean    =     5852.682, StdDeviation   =     7539.678]
#[Max     =    99007.000, Total count    =      8058899]
#[Buckets =            7, SubBuckets     =         2048]
