       Value   Percentile   TotalCount 1/(1-Percentile)

     121.000     0.000000            2         1.00
     326.000     0.100000       329479         1.11
     448.000     0.200000       655441         1.25
     599.000     0.300000       983008         1.43
     873.000     0.400000      1310386         1.67
    1705.000     0.500000      1637725         2.00
    2547.000     0.550000      1801760         2.22
    3651.000     0.600000      1965406         2.50
    5135.000     0.650000      2129230         2.86
    6875.000     0.700000      2292906         3.33
    9423.000     0.750000      2456523         4.00
   11599.000     0.775000      2538378         4.44
   15391.000     0.800000      2620325         5.00
   22799.000     0.825000      2702183         5.71
   32671.000     0.850000      2784061         6.67
   45471.000     0.875000      2865952         8.00
   70847.000     0.887500      2906862         8.89
   94911.000     0.900000      2947811        10.00
  111103.000     0.912500      2988734        11.43
  125631.000     0.925000      3029724        13.33
  141311.000     0.937500      3070657        16.00
  149759.000     0.943750      3091063        17.78
  159615.000     0.950000      3111749        20.00
  171775.000     0.956250      3132067        22.86
  182143.000     0.962500      3152657        26.67
  190335.000     0.968750      3173051        32.00
  193663.000     0.971875      3183295        35.56
  197119.000     0.975000      3193529        40.00
  201215.000     0.978125      3203889        45.71
  205695.000     0.981250      3214001        53.33
  210687.000     0.984375      3224185        64.00
  213631.000     0.985938      3229400        71.11
  218111.000     0.987500      3234382        80.00
  224511.000     0.989062      3239540        91.43
  231935.000     0.990625      3244609       106.67
  241407.000     0.992188      3249722       128.00
  245759.000     0.992969      3252302       142.22
  251007.000     0.993750      3254847       160.00
  255615.000     0.994531      3257385       182.86
  261247.000     0.995313      3259972       213.33
  268031.000     0.996094      3262550       256.00
  271615.000     0.996484      3263821       284.44
  275455.000     0.996875      3265139       320.00
  279039.000     0.997266      3266382       365.71
  284159.000     0.997656      3267642       426.67
  290815.000     0.998047      3268944       512.00
  294399.000     0.998242      3269545       568.89
  300799.000     0.998437      3270183       640.00
  308735.000     0.998633      3270832       731.43
  321791.000     0.998828      3271463       853.33
  348415.000     0.999023      3272095      1024.00
  359935.000     0.999121      3272418      1137.78
  368383.000     0.999219      3272738      1280.00
  377087.000     0.999316      3273058      1462.86
  388095.000     0.999414      3273377      1706.67
  400383.000     0.999512      3273700      2048.00
  406271.000     0.999561      3273855      2275.56
  411903.000     0.999609      3274020      2560.00
  416767.000     0.999658      3274180      2925.71
  423423.000     0.999707      3274337      3413.33
  430079.000     0.999756      3274496      4096.00
  432639.000     0.999780      3274574      4551.11
  436479.000     0.999805      3274657      5120.00
  440319.000     0.999829      3274739      5851.43
  444415.000     0.999854      3274814      6826.67
  449023.000     0.999878      3274896      8192.00
  453887.000     0.999890      3274934      9102.22
  458495.000     0.999902      3274974     10240.00
  471551.000     0.999915      3275014     11702.86
  479231.000     0.999927      3275054     13653.33
  484351.000     0.999939      3275094     16384.00
  486399.000     0.999945      3275115     18204.44
  488191.000     0.999951      3275134     20480.00
  489983.000     0.999957      3275154     23405.71
  491775.000     0.999963      3275174     27306.67
  493311.000     0.999969      3275197     32768.00
  494335.000     0.999973      3275207     36408.89
  495615.000     0.999976      3275216     40960.00
  497663.000     0.999979      3275224     46811.43
  498943.000     0.999982      3275234     54613.33
  500223.000     0.999985      3275246     65536.00
  500991.000     0.999986      3275249     72817.78
  502271.000     0.999988      3275256     81920.00
  503039.000     0.999989      3275259     93622.86
  503551.000     0.999991      3275265    109226.67
  504319.000     0.999992      3275270    131072.00
  504575.000     0.999993      3275271    145635.56
  505599.000     0.999994      3275274    163840.00
  507135.000     0.999995      3275276    187245.71
  507903.000     0.999995      3275279    218453.33
  508415.000     0.999996      3275281    262144.00
  508927.000     0.999997      3275283    291271.11
  509183.000     0.999997      3275284    327680.00
  511999.000     0.999997      3275285    374491.43
  512767.000     0.999998      3275286    436906.67
  514303.000     0.999998      3275287    524288.00
  531967.000     0.999998      3275288    582542.22
  546815.000     0.999998      3275289    655360.00
  546815.000     0.999999      3275289    748982.86
  568319.000     0.999999      3275290    873813.33
  568319.000     0.999999      3275290   1048576.00
  576511.000     0.999999      3275291   1165084.44
  576511.000     0.999999      3275291   1310720.00
  576511.000     0.999999      3275291   1497965.71
  577023.000     0.999999      3275292   1747626.67
  577023.000     1.000000      3275292   2097152.00
  577023.000     1.000000      3275292   2330168.89
  577023.000     1.000000      3275292   2621440.00
  577023.000     1.000000      3275292   2995931.43
  587775.000     1.000000      3275293   3495253.33
  587775.000     1.000000      3275293          inf
#[Mean    =    22650.011, StdDeviation   =    52547.971]
#[Max     =   587775.000, Total count    =      3275293]
#[Buckets =           10, SubBuckets     =         2048]
