       Value   Percentile   TotalCount 1/(1-Percentile)

      89.000     0.000000            1         1.00
     832.000     0.100000       866081         1.11
    1093.000     0.200000      1732942         1.25
    1366.000     0.300000      2599924         1.43
    1693.000     0.400000      3463428         1.67
    2141.000     0.500000      4329932         2.00
    2455.000     0.550000      4762375         2.22
    2887.000     0.600000      5195685         2.50
    3511.000     0.650000      5627411         2.86
    4475.000     0.700000      6060993         3.33
    6127.000     0.750000      6493037         4.00
    7415.000     0.775000      6709866         4.44
    9103.000     0.800000      6926726         5.00
   11151.000     0.825000      7143060         5.71
   13463.000     0.850000      7359000         6.67
   16007.000     0.875000      7575461         8.00
   17439.000     0.887500      7684332         8.89
   18991.000     0.900000      7791907        10.00
   20751.000     0.912500      7900151        11.43
   22783.000     0.925000      8008464        13.33
   25167.000     0.937500      8116851        16.00
   26559.000     0.943750      8170591        17.78
   28143.000     0.950000      8224541        20.00
   29951.000     0.956250      8278673        22.86
   32095.000     0.962500      8332853        26.67
   34687.000     0.968750      8386954        32.00
   36255.000     0.971875      8414077        35.56
   37983.000     0.975000      8441097        40.00
   39967.000     0.978125      8468187        45.71
   42175.000     0.981250      8495022        53.33
   44991.000     0.984375      8522151        64.00
   46687.000     0.985938      8535703        71.11
   48543.000     0.987500      8549152        80.00
   50687.000     0.989062      8562827        91.43
   53279.000     0.990625      8576321       106.67
   56415.000     0.992188      8589800       128.00
   58175.000     0.992969      8596569       142.22
   60191.000     0.993750      8603244       160.00
   62591.000     0.994531      8610061       182.86
   65471.000     0.995313      8616810       213.33
   68863.000     0.996094      8623619       256.00
   70783.000     0.996484      8626932       284.44
   73279.000     0.996875      8630351       320.00
   76159.000     0.997266      8633692       365.71
   80063.000     0.997656      8637108       426.67
   84671.000     0.998047      8640459       512.00
   87487.000     0.998242      8642142       568.89
   91007.000     0.998437      8643827       640.00
   95103.000     0.998633      8645512       731.43
  100223.000     0.998828      8647211       853.33
  105983.000     0.999023      8648899      1024.00
  109887.000     0.999121      8649742      1137.78
  114687.000     0.999219      8650591      1280.00
  120191.000     0.999316      8651428      1462.86
  128319.000     0.999414      8652280      1706.67
  136575.000     0.999512      8653128      2048.00
  141055.000     0.999561      8653557      2275.56
  145151.000     0.999609      8653976      2560.00
  148991.000     0.999658      8654388      2925.71
  152831.000     0.999707      8654814      3413.33
  156799.000     0.999756      8655246      4096.00
  165759.000     0.999780      8655445      4551.11
  177151.000     0.999805      8655657      5120.00
  184703.000     0.999829      8655868      5851.43
  191615.000     0.999854      8656078      6826.67
  202495.000     0.999878      8656291      8192.00
  210559.000     0.999890      8656395      9102.22
  215551.000     0.999902      8656503     10240.00
  217471.000     0.999915      8656609     11702.86
  257663.000     0.999927      8656712     13653.33
  287487.000     0.999939      8656822     16384.00
  291839.000     0.999945      8656871     18204.44
  295167.000     0.999951      8656926     20480.00
  348927.000     0.999957      8656977     23405.71
  379903.000     0.999963      8657029     27306.67
  387583.000     0.999969      8657082     32768.00
  390655.000     0.999973      8657110     36408.89
  391679.000     0.999976      8657137     40960.00
  392959.000     0.999979      8657168     46811.43
  393471.000     0.999982      8657190     54613.33
  394239.000     0.999985      8657219     65536.00
  394495.000     0.999986      8657231     72817.78
  395775.000     0.999988      8657241     81920.00
  397055.000     0.999989      8657255     93622.86
  436479.000     0.999991      8657267    109226.67
  487167.000     0.999992      8657280    131072.00
  526335.000     0.999993      8657287    145635.56
  547839.000     0.999994      8657294    163840.00
  550399.000     0.999995      8657300    187245.71
  565759.000     0.999995      8657307    218453.33
  570367.000     0.999996      8657315    262144.00
  571391.000     0.999997      8657317    291271.11
  573439.000     0.999997      8657320    327680.00
  574463.000     0.999997      8657323    374491.43
  710143.000     0.999998      8657327    436906.67
  713215.000     0.999998      8657330    524288.00
  714751.000     0.999998      8657333    582542.22
  714751.000     0.999998      8657333    655360.00
  716799.000     0.999999      8657336    748982.86
  717311.000     0.999999      8657337    873813.33
  717823.000     0.999999      8657338   1048576.00
  718335.000     0.999999      8657339   1165084.44
  719359.000     0.999999      8657343   1310720.00
  719359.000     0.999999      8657343   1497965.71
  719359.000     0.999999      8657343   1747626.67
  719359.000     1.000000      8657343   2097152.00
  719359.000     1.000000      8657343   2330168.89
  719359.000     1.000000      8657343   2621440.00
  719871.000     1.000000      8657344   2995931.43
  719871.000     1.000000      8657344   3495253.33
  719871.000     1.000000      8657344   4194304.00
  720383.000     1.000000      8657346   4660337.78
  720383.000     1.000000      8657346          inf
#[Mean    =     6600.447, StdDeviation   =    11641.337]
#[Max     =   720383.000, Total count    =      8657346]
#[Buckets =           10, SubBuckets     =         2048]
