       Value   Percentile   TotalCount 1/(1-Percentile)

      52.000     0.000000            5         1.00
      67.000     0.100000       204749         1.11
      73.000     0.200000       436697         1.25
      78.000     0.300000       645504         1.43
      82.000     0.400000       817232         1.67
      86.000     0.500000      1004959         2.00
      89.000     0.550000      1139659         2.22
      91.000     0.600000      1209230         2.50
      95.000     0.650000      1318519         2.86
      99.000     0.700000      1408278         3.33
     105.000     0.750000      1516297         4.00
     108.000     0.775000      1559991         4.44
     112.000     0.800000      1612367         5.00
     116.000     0.825000      1659439         5.71
     121.000     0.850000      1710050         6.67
     127.000     0.875000      1759966         8.00
     131.000     0.887500      1789219         8.89
     134.000     0.900000      1809803        10.00
     138.000     0.912500      1835304        11.43
     143.000     0.925000      1864114        13.33
     147.000     0.937500      1884879        16.00
     150.000     0.943750      1899046        17.78
     153.000     0.950000      1912049        20.00
     156.000     0.956250      1924009        22.86
     159.000     0.962500      1934812        26.67
     163.000     0.968750      1947698        32.00
     165.000     0.971875      1953362        35.56
     168.000     0.975000      1961025        40.00
     170.000     0.978125      1965738        45.71
     173.000     0.981250      1972183        53.33
     177.000     0.984375      1979385        64.00
     179.000     0.985938      1982563        71.11
     181.000     0.987500      1985404        80.00
     183.000     0.989062      1987960        91.43
     186.000     0.990625      1991310       106.67
     189.000     0.992188      1994166       128.00
     191.000     0.992969      1995874       142.22
     193.000     0.993750      1997371       160.00
     195.000     0.994531      1998682       182.86
     198.000     0.995313      2000445       213.33
     201.000     0.996094      2001854       256.00
     203.000     0.996484      2002599       284.44
     205.000     0.996875      2003340       320.00
     208.000     0.997266      2004284       365.71
     211.000     0.997656      2005088       426.67
     214.000     0.998047      2005765       512.00
     216.000     0.998242      2006134       568.89
     218.000     0.998437      2006505       640.00
     221.000     0.998633      2007001       731.43
     223.000     0.998828      2007281       853.33
     226.000     0.999023      2007664      1024.00
     228.000     0.999121      2007865      1137.78
     230.000     0.999219      2008064      1280.00
     233.000     0.999316      2008327      1462.86
     235.000     0.999414      2008477      1706.67
     238.000     0.999512      2008655      2048.00
     239.000     0.999561      2008724      2275.56
     241.000     0.999609      2008827      2560.00
     243.000     0.999658      2008930      2925.71
     246.000     0.999707      2009030      3413.33
     249.000     0.999756      2009151      4096.00
     250.000     0.999780      2009176      4551.11
     252.000     0.999805      2009236      5120.00
     253.000     0.999829      2009264      5851.43
     256.000     0.999854      2009326      6826.67
     258.000     0.999878      2009367      8192.00
     260.000     0.999890      2009395      9102.22
     262.000     0.999902      2009418     10240.00
     264.000     0.999915      2009441     11702.86
     266.000     0.999927      2009460     13653.33
     269.000     0.999939      2009488     16384.00
     271.000     0.999945      2009503     18204.44
     272.000     0.999951      2009508     20480.00
     276.000     0.999957      2009528     23405.71
     279.000     0.999963      2009534     27306.67
     283.000     0.999969      2009545     32768.00
     285.000     0.999973      2009552     36408.89
     291.000     0.999976      2009558     40960.00
     295.000     0.999979      2009564     46811.43
     327.000     0.999982      2009570     54613.33
     378.000     0.999985      2009577     65536.00
     409.000     0.999986      2009579     72817.78
     463.000     0.999988      2009582     81920.00
     479.000     0.999989      2009585     93622.86
     497.000     0.999991      2009588    109226.67
     510.000     0.999992      2009591    131072.00
     542.000     0.999993      2009593    145635.56
     558.000     0.999994      2009594    163840.00
     600.000     0.999995      2009597    187245.71
     600.000     0.999995      2009597    218453.33
     615.000     0.999996      2009599    262144.00
     641.000     0.999997      2009600    291271.11
     641.000     0.999997      2009600    327680.00
     643.000     0.999997      2009601    374491.43
     658.000     0.999998      2009602    436906.67
     666.000     0.999998      2009603    524288.00
     666.000     0.999998      2009603    582542.22
     666.000     0.999998      2009603    655360.00
     689.000     0.999999      2009604    748982.86
     689.000     0.999999      2009604    873813.33
     705.000     0.999999      2009605   1048576.00
     705.000     0.999999      2009605   1165084.44
     705.000     0.999999      2009605   1310720.00
     705.000     0.999999      2009605   1497965.71
     705.000     0.999999      2009605   1747626.67
     757.000     1.000000      2009606   2097152.00
     757.000     1.000000      2009606          inf
#[Mean    =       94.235, StdDeviation   =       27.660]
#[Max     =      757.000, Total count    =      2009606]
#[Buckets =            1, SubBuckets     =         2048]
