       Value   Percentile   TotalCount 1/(1-Percentile)

     157.000     0.000000            1         1.00
     613.000     0.100000       353892         1.11
     819.000     0.200000       706522         1.25
    1056.000     0.300000      1059915         1.43
    1389.000     0.400000      1412333         1.67
    1904.000     0.500000      1764856         2.00
    2235.000     0.550000      1941434         2.22
    2641.000     0.600000      2118225         2.50
    3355.000     0.650000      2294470         2.86
    6707.000     0.700000      2470836         3.33
   13807.000     0.750000      2647331         4.00
   17871.000     0.775000      2735629         4.44
   21951.000     0.800000      2823797         5.00
   28159.000     0.825000      2912035         5.71
   35583.000     0.850000      3000405         6.67
   52255.000     0.875000      3088548         8.00
   65407.000     0.887500      3132681         8.89
   78207.000     0.900000      3176846        10.00
   89535.000     0.912500      3221030        11.43
  109183.000     0.925000      3265019        13.33
  124991.000     0.937500      3309308        16.00
  132095.000     0.943750      3331291        17.78
  139263.000     0.950000      3353314        20.00
  148351.000     0.956250      3375292        22.86
  157695.000     0.962500      3397410        26.67
  169087.000     0.968750      3419603        32.00
  174079.000     0.971875      3430666        35.56
  177791.000     0.975000      3441558        40.00
  181887.000     0.978125      3452735        45.71
  187135.000     0.981250      3463642        53.33
  192511.000     0.984375      3474809        64.00
  195455.000     0.985938      3480329        71.11
  199167.000     0.987500      3485679        80.00
  203647.000     0.989062      3491154        91.43
  207871.000     0.990625      3496802       106.67
  212735.000     0.992188      3502213       128.00
  216319.000     0.992969      3504973       142.22
  219135.000     0.993750      3507768       160.00
  222207.000     0.994531      3510416       182.86
  225151.000     0.995313      3513207       213.33
  228095.000     0.996094      3516012       256.00
  229887.000     0.996484      3517311       284.44
  233343.000     0.996875      3518678       320.00
  237055.000     0.997266      3520082       365.71
  241535.000     0.997656      3521454       426.67
  248447.000     0.998047      3522811       512.00
  250879.000     0.998242      3523507       568.89
  253439.000     0.998437      3524181       640.00
  257023.000     0.998633      3524872       731.43
  260863.000     0.998828      3525579       853.33
  266751.000     0.999023      3526280      1024.00
  269823.000     0.999121      3526616      1137.78
  272383.000     0.999219      3526961      1280.00
  275967.000     0.999316      3527289      1462.86
  280575.000     0.999414      3527632      1706.67
  289791.000     0.999512      3527977      2048.00
  295679.000     0.999561      3528145      2275.56
  304639.000     0.999609      3528320      2560.00
  313599.000     0.999658      3528495      2925.71
  320767.000     0.999707      3528665      3413.33
  326911.000     0.999756      3528841      4096.00
  332543.000     0.999780      3528921      4551.11
  337663.000     0.999805      3529009      5120.00
  342015.000     0.999829      3529095      5851.43
  347903.000     0.999854      3529179      6826.67
  357119.000     0.999878      3529272      8192.00
  361471.000     0.999890      3529311      9102.22
  366335.000     0.999902      3529354     10240.00
  372223.000     0.999915      3529396     11702.86
  378367.000     0.999927      3529440     13653.33
  387071.000     0.999939      3529482     16384.00
  390655.000     0.999945      3529503     18204.44
  395007.000     0.999951      3529525     20480.00
  400127.000     0.999957      3529547     23405.71
  403199.000     0.999963      3529567     27306.67
  408575.000     0.999969      3529590     32768.00
  411647.000     0.999973      3529601     36408.89
  413439.000     0.999976      3529610     40960.00
  414207.000     0.999979      3529624     46811.43
  415231.000     0.999982      3529632     54613.33
  417279.000     0.999985      3529644     65536.00
  417535.000     0.999986      3529648     72817.78
  418303.000     0.999988      3529653     81920.00
  419583.000     0.999989      3529659     93622.86
  420607.000     0.999991      3529666    109226.67
  421119.000     0.999992      3529673    131072.00
  421119.000     0.999993      3529673    145635.56
  421887.000     0.999994      3529675    163840.00
  423679.000     0.999995      3529678    187245.71
  424447.000     0.999995      3529680    218453.33
  428799.000     0.999996      3529683    262144.00
  429311.000     0.999997      3529685    291271.11
  440831.000     0.999997      3529686    327680.00
  441343.000     0.999997      3529687    374491.43
  449023.000     0.999998      3529689    436906.67
  450303.000     0.999998      3529690    524288.00
  450303.000     0.999998      3529690    582542.22
  478463.000     0.999998      3529691    655360.00
  479487.000     0.999999      3529692    748982.86
  479487.000     0.999999      3529692    873813.33
  481279.000     0.999999      3529693   1048576.00
  481279.000     0.999999      3529693   1165084.44
  500223.000     0.999999      3529694   1310720.00
  500223.000     0.999999      3529694   1497965.71
  500223.000     0.999999      3529694   1747626.67
  502783.000     1.000000      3529695   2097152.00
  502783.000     1.000000      3529695   2330168.89
  502783.000     1.000000      3529695   2621440.00
  502783.000     1.000000      3529695   2995931.43
  502783.000     1.000000      3529695   3495253.33
  578047.000     1.000000      3529696   4194304.00
  578047.000     1.000000      3529696          inf
#[Mean    =    21130.834, StdDeviation   =    45770.309]
#[Max     =   578047.000, Total count    =      3529696]
#[Buckets =           10, SubBuckets     =         2048]
