       Value   Percentile   TotalCount 1/(1-Percentile)

      65.000     0.000000            1         1.00
    1274.000     0.100000       756631         1.11
    2435.000     0.200000      1513271         1.25
    3657.000     0.300000      2268991         1.43
    4839.000     0.400000      3026600         1.67
    5963.000     0.500000      3783291         2.00
    6515.000     0.550000      4159299         2.22
    7075.000     0.600000      4538612         2.50
    7647.000     0.650000      4917770         2.86
    8239.000     0.700000      5294578         3.33
    8887.000     0.750000      5675740         4.00
    9231.000     0.775000      5861769         4.44
    9607.000     0.800000      6052182         5.00
   10015.000     0.825000      6240608         5.71
   10471.000     0.850000      6429045         6.67
   10991.000     0.875000      6618983         8.00
   11279.000     0.887500      6712030         8.89
   11599.000     0.900000      6805804        10.00
   11959.000     0.912500      6900503        11.43
   12367.000     0.925000      6995542        13.33
   12839.000     0.937500      7089619        16.00
   13111.000     0.943750      7137030        17.78
   13407.000     0.950000      7184010        20.00
   13743.000     0.956250      7231324        22.86
   14127.000     0.962500      7278960        26.67
   14575.000     0.968750      7326278        32.00
   14831.000     0.971875      7349798        35.56
   15111.000     0.975000      7373275        40.00
   15423.000     0.978125      7396473        45.71
   15791.000     0.981250      7420045        53.33
   16223.000     0.984375      7443800        64.00
   16479.000     0.985938      7456019        71.11
   16751.000     0.987500      7467938        80.00
   17055.000     0.989062      7479552        91.43
   17407.000     0.990625      7491266       106.67
   17807.000     0.992188      7502757       128.00
   18047.000     0.992969      7508686       142.22
   18319.000     0.993750      7514750       160.00
   18623.000     0.994531      7520592       182.86
   18975.000     0.995313      7526506       213.33
   19391.000     0.996094      7532360       256.00
   19631.000     0.996484      7535316       284.44
   19903.000     0.996875      7538294       320.00
   20207.000     0.997266      7541200       365.71
   20559.000     0.997656      7544123       426.67
   20975.000     0.998047      7547094       512.00
   21215.000     0.998242      7548541       568.89
   21503.000     0.998437      7550053       640.00
   21823.000     0.998633      7551532       731.43
   22175.000     0.998828      7552972       853.33
   22623.000     0.999023      7554470      1024.00
   22879.000     0.999121      7555206      1137.78
   23199.000     0.999219      7555941      1280.00
   23551.000     0.999316      7556673      1462.86
   23983.000     0.999414      7557399      1706.67
   24511.000     0.999512      7558137      2048.00
   24895.000     0.999561      7558504      2275.56
   25327.000     0.999609      7558876      2560.00
   25775.000     0.999658      7559237      2925.71
   26399.000     0.999707      7559608      3413.33
   27055.000     0.999756      7559973      4096.00
   27471.000     0.999780      7560155      4551.11
   28079.000     0.999805      7560341      5120.00
   29071.000     0.999829      7560525      5851.43
   30127.000     0.999854      7560711      6826.67
   31423.000     0.999878      7560893      8192.00
   32255.000     0.999890      7560989      9102.22
   33055.000     0.999902      7561078     10240.00
   34015.000     0.999915      7561170     11702.86
   34911.000     0.999927      7561263     13653.33
   35615.000     0.999939      7561359     16384.00
   35871.000     0.999945      7561402     18204.44
   36159.000     0.999951      7561448     20480.00
   36575.000     0.999957      7561494     23405.71
   37183.000     0.999963      7561540     27306.67
   37983.000     0.999969      7561587     32768.00
   38527.000     0.999973      7561609     36408.89
   39711.000     0.999976      7561632     40960.00
   43359.000     0.999979      7561655     46811.43
   44095.000     0.999982      7561679     54613.33
   44895.000     0.999985      7561701     65536.00
   47295.000     0.999986      7561715     72817.78
   47743.000     0.999988      7561724     81920.00
   48063.000     0.999989      7561737     93622.86
   48639.000     0.999991      7561747    109226.67
   49663.000     0.999992      7561759    131072.00
   53439.000     0.999993      7561765    145635.56
   54303.000     0.999994      7561770    163840.00
   59711.000     0.999995      7561776    187245.71
   72383.000     0.999995      7561782    218453.33
   77695.000     0.999996      7561788    262144.00
   77823.000     0.999997      7561793    291271.11
   77823.000     0.999997      7561793    327680.00
   78015.000     0.999997      7561799    374491.43
   78015.000     0.999998      7561799    436906.67
   78271.000     0.999998      7561803    524288.00
   78335.000     0.999998      7561806    582542.22
   78335.000     0.999998      7561806    655360.00
   78335.000     0.999999      7561806    748982.86
   78463.000     0.999999      7561809    873813.33
   78463.000     0.999999      7561809   1048576.00
   78911.000     0.999999      7561811   1165084.44
   78911.000     0.999999      7561811   1310720.00
   78911.000     0.999999      7561811   1497965.71
   78975.000     0.999999      7561814   1747626.67
   78975.000     1.000000      7561814   2097152.00
   78975.000     1.000000      7561814   2330168.89
   78975.000     1.000000      7561814   2621440.00
   78975.000     1.000000      7561814   2995931.43
   78975.000     1.000000      7561814   3495253.33
   79231.000     1.000000      7561815   4194304.00
   79231.000     1.000000      7561815   4660337.78
   79231.000     1.000000      7561815   5242880.00
   79231.000     1.000000      7561815   5991862.86
   79231.000     1.000000      7561815   6990506.67
   79295.000     1.000000      7561816   8388608.00
   79295.000     1.000000      7561816          inf
#[Mean    =     6297.388, StdDeviation   =     4017.477]
#[Max     =    79295.000, Total count    =      7561816]
#[Buckets =            7, SubBuckets     =         2048]
