       Value   Percentile   TotalCount 1/(1-Percentile)

      60.000     0.000000            1         1.00
     884.000     0.100000       772304         1.11
    1772.000     0.200000      1543660         1.25
    2835.000     0.300000      2315865         1.43
    3919.000     0.400000      3087929         1.67
    4963.000     0.500000      3860557         2.00
    5471.000     0.550000      4245466         2.22
    5983.000     0.600000      4631873         2.50
    6507.000     0.650000      5018188         2.86
    7063.000     0.700000      5404097         3.33
    7671.000     0.750000      5789880         4.00
    8003.000     0.775000      5983173         4.44
    8359.000     0.800000      6175959         5.00
    8751.000     0.825000      6369117         5.71
    9191.000     0.850000      6562540         6.67
    9695.000     0.875000      6754701         8.00
    9983.000     0.887500      6850731         8.89
   10303.000     0.900000      6947544        10.00
   10663.000     0.912500      7043297        11.43
   11079.000     0.925000      7139626        13.33
   11575.000     0.937500      7235842        16.00
   11863.000     0.943750      7284544        17.78
   12183.000     0.950000      7332239        20.00
   12551.000     0.956250      7380017        22.86
   12983.000     0.962500      7428991        26.67
   13487.000     0.968750      7476657        32.00
   13783.000     0.971875      7500804        35.56
   14119.000     0.975000      7525149        40.00
   14495.000     0.978125      7549242        45.71
   14927.000     0.981250      7573256        53.33
   15447.000     0.984375      7597285        64.00
   15751.000     0.985938      7609155        71.11
   16095.000     0.987500      7621293        80.00
   16495.000     0.989062      7633606        91.43
   16959.000     0.990625      7645483       106.67
   17519.000     0.992188      7657436       128.00
   17855.000     0.992969      7663557       142.22
   18239.000     0.993750      7669478       160.00
   18703.000     0.994531      7675522       182.86
   19263.000     0.995313      7681519       213.33
   19967.000     0.996094      7687528       256.00
   20415.000     0.996484      7690609       284.44
   20943.000     0.996875      7693539       320.00
   21567.000     0.997266      7696599       365.71
   22383.000     0.997656      7699600       426.67
   23583.000     0.998047      7702608       512.00
   24543.000     0.998242      7704090       568.89
   26271.000     0.998437      7705599       640.00
   30399.000     0.998633      7707103       731.43
   41535.000     0.998828      7708613       853.33
   64031.000     0.999023      7710118      1024.00
   77759.000     0.999121      7710872      1137.78
   89407.000     0.999219      7711623      1280.00
  102783.000     0.999316      7712377      1462.86
  111743.000     0.999414      7713134      1706.67
  120319.000     0.999512      7713885      2048.00
  124927.000     0.999561      7714261      2275.56
  129215.000     0.999609      7714645      2560.00
  133631.000     0.999658      7715024      2925.71
  138495.000     0.999707      7715401      3413.33
  145151.000     0.999756      7715772      4096.00
  148607.000     0.999780      7715960      4551.11
  152447.000     0.999805      7716149      5120.00
  156799.000     0.999829      7716340      5851.43
  159999.000     0.999854      7716523      6826.67
  163583.000     0.999878      7716712      8192.00
  166015.000     0.999890      7716806      9102.22
  169215.000     0.999902      7716904     10240.00
  172287.000     0.999915      7716994     11702.86
  175103.000     0.999927      7717095     13653.33
  177023.000     0.999939      7717190     16384.00
  177791.000     0.999945      7717236     18204.44
  178687.000     0.999951      7717278     20480.00
  179839.000     0.999957      7717326     23405.71
  181119.000     0.999963      7717375     27306.67
  182271.000     0.999969      7717418     32768.00
  183167.000     0.999973      7717449     36408.89
  183679.000     0.999976      7717465     40960.00
  184447.000     0.999979      7717488     46811.43
  185983.000     0.999982      7717511     54613.33
  187135.000     0.999985      7717539     65536.00
  188031.000     0.999986      7717547     72817.78
  189951.000     0.999988      7717558     81920.00
  191999.000     0.999989      7717570     93622.86
  193535.000     0.999991      7717582    109226.67
  195711.000     0.999992      7717594    131072.00
  198527.000     0.999993      7717601    145635.56
  198783.000     0.999994      7717605    163840.00
  200575.000     0.999995      7717611    187245.71
  202879.000     0.999995      7717617    218453.33
  204671.000     0.999996      7717623    262144.00
  205951.000     0.999997      7717626    291271.11
  206719.000     0.999997      7717631    327680.00
  206847.000     0.999997      7717632    374491.43
  208383.000     0.999998      7717635    436906.67
  209151.000     0.999998      7717638    524288.00
  209663.000     0.999998      7717639    582542.22
  210175.000     0.999998      7717641    655360.00
  210943.000     0.999999      7717643    748982.86
  211583.000     0.999999      7717644    873813.33
  211839.000     0.999999      7717645   1048576.00
  211967.000     0.999999      7717646   1165084.44
  212223.000     0.999999      7717647   1310720.00
  212223.000     0.999999      7717647   1497965.71
  213375.000     0.999999      7717648   1747626.67
  214655.000     1.000000      7717650   2097152.00
  214655.000     1.000000      7717650   2330168.89
  214655.000     1.000000      7717650   2621440.00
  214655.000     1.000000      7717650   2995931.43
  214655.000     1.000000      7717650   3495253.33
  216063.000     1.000000      7717651   4194304.00
  216063.000     1.000000      7717651   4660337.78
  216063.000     1.000000      7717651   5242880.00
  216063.000     1.000000      7717651   5991862.86
  216063.000     1.000000      7717651   6990506.67
  217215.000     1.000000      7717652   8388608.00
  217215.000     1.000000      7717652          inf
#[Mean    =     5498.178, StdDeviation   =     5377.527]
#[Max     =   217215.000, Total count    =      7717652]
#[Buckets =            8, SubBuckets     =         2048]
