       Value   Percentile   TotalCount 1/(1-Percentile)

      94.000     0.000000            1         1.00
     427.000     0.100000       858381         1.11
     560.000     0.200000      1707651         1.25
     693.000     0.300000      2561267         1.43
     851.000     0.400000      3418524         1.67
    1061.000     0.500000      4270520         2.00
    1198.000     0.550000      4695606         2.22
    1363.000     0.600000      5123998         2.50
    1557.000     0.650000      5549656         2.86
    1790.000     0.700000      5977505         3.33
    2087.000     0.750000      6404686         4.00
    2275.000     0.775000      6618349         4.44
    2505.000     0.800000      6829773         5.00
    2811.000     0.825000      7043419         5.71
    3229.000     0.850000      7257071         6.67
    3805.000     0.875000      7470625         8.00
    4171.000     0.887500      7577472         8.89
    4599.000     0.900000      7683657        10.00
    5123.000     0.912500      7790795        11.43
    5775.000     0.925000      7896929        13.33
    6663.000     0.937500      8003787        16.00
    7239.000     0.943750      8057220        17.78
    7951.000     0.950000      8110487        20.00
    8847.000     0.956250      8163718        22.86
   10079.000     0.962500      8217098        26.67
   11775.000     0.968750      8270391        32.00
   12951.000     0.971875      8297168        35.56
   14503.000     0.975000      8323833        40.00
   16831.000     0.978125      8350493        45.71
   20943.000     0.981250      8377129        53.33
   28271.000     0.984375      8403771        64.00
   34143.000     0.985938      8417122        71.11
   40351.000     0.987500      8430450        80.00
   47167.000     0.989062      8443799        91.43
   58623.000     0.990625      8457147       106.67
   74751.000     0.992188      8470499       128.00
   84479.000     0.992969      8477150       142.22
   93311.000     0.993750      8483807       160.00
  101887.000     0.994531      8490506       182.86
  113919.000     0.995313      8497168       213.33
  129087.000     0.996094      8503821       256.00
  138623.000     0.996484      8507215       284.44
  147071.000     0.996875      8510520       320.00
  157439.000     0.997266      8513836       365.71
  172927.000     0.997656      8517173       426.67
  189439.000     0.998047      8520506       512.00
  199295.000     0.998242      8522153       568.89
  211967.000     0.998437      8523852       640.00
  222847.000     0.998633      8525492       731.43
  237951.000     0.998828      8527163       853.33
  253183.000     0.999023      8528828      1024.00
  262655.000     0.999121      8529675      1137.78
  271615.000     0.999219      8530501      1280.00
  282111.000     0.999316      8531334      1462.86
  289535.000     0.999414      8532196      1706.67
  304639.000     0.999512      8532995      2048.00
  314623.000     0.999561      8533413      2275.56
  325375.000     0.999609      8533827      2560.00
  339455.000     0.999658      8534264      2925.71
  350207.000     0.999707      8534664      3413.33
  356351.000     0.999756      8535077      4096.00
  359423.000     0.999780      8535295      4551.11
  369151.000     0.999805      8535501      5120.00
  377087.000     0.999829      8535707      5851.43
  382719.000     0.999854      8535936      6826.67
  386815.000     0.999878      8536118      8192.00
  392447.000     0.999890      8536223      9102.22
  397055.000     0.999902      8536330     10240.00
  401151.000     0.999915      8536433     11702.86
  408319.000     0.999927      8536538     13653.33
  418047.000     0.999939      8536640     16384.00
  429823.000     0.999945      8536695     18204.44
  448767.000     0.999951      8536744     20480.00
  475391.000     0.999957      8536795     23405.71
  478463.000     0.999963      8536850     27306.67
  523775.000     0.999969      8536899     32768.00
  527871.000     0.999973      8536926     36408.89
  810495.000     0.999976      8536951     40960.00
  812543.000     0.999979      8536979     46811.43
  814079.000     0.999982      8537011     54613.33
  815103.000     0.999985      8537030     65536.00
  816127.000     0.999986      8537048     72817.78
  816639.000     0.999988      8537055     81920.00
  818687.000     0.999989      8537068     93622.86
 1045503.000     0.999991      8537088    109226.67
 1046015.000     0.999992      8537102    131072.00
 1046015.000     0.999993      8537102    145635.56
 1046527.000     0.999994      8537111    163840.00
 1047039.000     0.999995      8537123    187245.71
 1047039.000     0.999995      8537123    218453.33
 1047551.000     0.999996      8537127    262144.00
 1048063.000     0.999997      8537131    291271.11
 1048575.000     0.999997      8537136    327680.00
 1049599.000     0.999997      8537138    374491.43
 1052671.000     0.999998      8537140    436906.67
 1064959.000     0.999998      8537146    524288.00
 1064959.000     0.999998      8537146    582542.22
 1064959.000     0.999998      8537146    655360.00
 1065983.000     0.999999      8537150    748982.86
 1065983.000     0.999999      8537150    873813.33
 1067007.000     0.999999      8537153   1048576.00
 1067007.000     0.999999      8537153   1165084.44
 1067007.000     0.999999      8537153   1310720.00
 1068031.000     0.999999      8537157   1497965.71
 1068031.000     0.999999      8537157   1747626.67
 1068031.000     1.000000      8537157   2097152.00
 1068031.000     1.000000      8537157   2330168.89
 1068031.000     1.000000      8537157   2621440.00
 1068031.000     1.000000      8537157   2995931.43
 1068031.000     1.000000      8537157   3495253.33
 1068031.000     1.000000      8537157   4194304.00
 1069055.000     1.000000      8537158   4660337.78
 1069055.000     1.000000      8537158   5242880.00
 1069055.000     1.000000      8537158   5991862.86
 1069055.000     1.000000      8537158   6990506.67
 1069055.000     1.000000      8537158   8388608.00
 1121279.000     1.000000      8537159   9320675.55
 1121279.000     1.000000      8537159          inf
#[Mean    =     3465.424, StdDeviation   =    16428.670]
#[Max     =  1121279.000, Total count    =      8537159]
#[Buckets =           11, SubBuckets     =         2048]
