       Value   Percentile   TotalCount 1/(1-Percentile)

      60.000     0.000000            1         1.00
      84.000     0.100000       163490         1.11
      89.000     0.200000       321108         1.25
      94.000     0.300000       487624         1.43
     101.000     0.400000       643315         1.67
     109.000     0.500000       817383         2.00
     112.000     0.550000       888696         2.22
     116.000     0.600000       982513         2.50
     119.000     0.650000      1048447         2.86
     123.000     0.700000      1130423         3.33
     127.000     0.750000      1203304         4.00
     130.000     0.775000      1252909         4.44
     132.000     0.800000      1283060         5.00
     135.000     0.825000      1324629         5.71
     139.000     0.850000      1371846         6.67
     143.000     0.875000      1408267         8.00
     146.000     0.887500      1430088         8.89
     149.000     0.900000      1448884        10.00
     152.000     0.912500      1465098        11.43
     156.000     0.925000      1483872        13.33
     162.000     0.937500      1506688        16.00
     165.000     0.943750      1516037        17.78
     168.000     0.950000      1524594        20.00
     172.000     0.956250      1535012        22.86
     176.000     0.962500      1544281        26.67
     181.000     0.968750      1554240        32.00
     184.000     0.971875      1559543        35.56
     187.000     0.975000      1564200        40.00
     191.000     0.978125      1569538        45.71
     195.000     0.981250      1573840        53.33
     200.000     0.984375      1578657        64.00
     203.000     0.985938      1581220        71.11
     207.000     0.987500      1584103        80.00
     211.000     0.989062      1586603        91.43
     215.000     0.990625      1588835       106.67
     221.000     0.992188      1591193       128.00
     225.000     0.992969      1592591       142.22
     229.000     0.993750      1593771       160.00
     234.000     0.994531      1594924       182.86
     240.000     0.995313      1596203       213.33
     247.000     0.996094      1597468       256.00
     251.000     0.996484      1598145       284.44
     254.000     0.996875      1598657       320.00
     258.000     0.997266      1599297       365.71
     263.000     0.997656      1600015       426.67
     267.000     0.998047      1600614       512.00
     269.000     0.998242      1600864       568.89
     272.000     0.998437      1601211       640.00
     275.000     0.998633      1601576       731.43
     278.000     0.998828      1601856       853.33
     281.000     0.999023      1602118      1024.00
     283.000     0.999121      1602268      1137.78
     286.000     0.999219      1602460      1280.00
     288.000     0.999316      1602578      1462.86
     291.000     0.999414      1602719      1706.67
     295.000     0.999512      1602899      2048.00
     297.000     0.999561      1602975      2275.56
     299.000     0.999609      1603035      2560.00
     302.000     0.999658      1603124      2925.71
     305.000     0.999707      1603190      3413.33
     309.000     0.999756      1603265      4096.00
     313.000     0.999780      1603313      4551.11
     316.000     0.999805      1603346      5120.00
     322.000     0.999829      1603391      5851.43
     326.000     0.999854      1603422      6826.67
     332.000     0.999878      1603466      8192.00
     336.000     0.999890      1603480      9102.22
     341.000     0.999902      1603500     10240.00
     346.000     0.999915      1603522     11702.86
     353.000     0.999927      1603542     13653.33
     366.000     0.999939      1603561     16384.00
     372.000     0.999945      1603571     18204.44
     380.000     0.999951      1603580     20480.00
     387.000     0.999957      1603588     23405.71
     397.000     0.999963      1603598     27306.67
     445.000     0.999969      1603608     32768.00
     456.000     0.999973      1603612     36408.89
     491.000     0.999976      1603618     40960.00
     536.000     0.999979      1603622     46811.43
     586.000     0.999982      1603627     54613.33
     715.000     0.999985      1603632     65536.00
     877.000     0.999986      1603634     72817.78
    1067.000     0.999988      1603637     81920.00
    1409.000     0.999989      1603639     93622.86
    1691.000     0.999991      1603642    109226.67
    1761.000     0.999992      1603644    131072.00
    1810.000     0.999993      1603645    145635.56
    1848.000     0.999994      1603647    163840.00
    1872.000     0.999995      1603648    187245.71
    1901.000     0.999995      1603649    218453.33
    1913.000     0.999996      1603650    262144.00
    1950.000     0.999997      1603651    291271.11
    2034.000     0.999997      1603652    327680.00
    2034.000     0.999997      1603652    374491.43
    2037.000     0.999998      1603653    436906.67
    2037.000     0.999998      1603653    524288.00
    2079.000     0.999998      1603654    582542.22
    2079.000     0.999998      1603654    655360.00
    2079.000     0.999999      1603654    748982.86
    4159.000     0.999999      1603655    873813.33
    4159.000     0.999999      1603655   1048576.00
    4159.000     0.999999      1603655   1165084.44
    4159.000     0.999999      1603655   1310720.00
    4159.000     0.999999      1603655   1497965.71
    8727.000     0.999999      1603656   1747626.67
    8727.000     1.000000      1603656          inf
#[Mean    =      113.709, StdDeviation   =       30.522]
#[Max     =     8727.000, Total count    =      1603656]
#[Buckets =            4, SubBuckets     =         2048]
