       Value   Percentile   TotalCount 1/(1-Percentile)

    6111.000     0.000000            1         1.00
   10615.000     0.100000        86858         1.11
   10815.000     0.200000       171500         1.25
   10975.000     0.300000       260801         1.43
   11111.000     0.400000       343282         1.67
   11263.000     0.500000       428491         2.00
   11343.000     0.550000       470005         2.22
   11439.000     0.600000       514374         2.50
   11551.000     0.650000       554471         2.86
   11711.000     0.700000       598284         3.33
   11943.000     0.750000       640340         4.00
   12111.000     0.775000       660989         4.44
   12359.000     0.800000       682630         5.00
   12631.000     0.825000       703644         5.71
   12935.000     0.850000       725188         6.67
   13263.000     0.875000       746364         8.00
   13447.000     0.887500       756735         8.89
   13631.000     0.900000       767312        10.00
   13847.000     0.912500       778198        11.43
   14039.000     0.925000       788831        13.33
   14255.000     0.937500       799428        16.00
   14375.000     0.943750       804863        17.78
   14487.000     0.950000       810013        20.00
   14615.000     0.956250       815518        22.86
   14759.000     0.962500       820845        26.67
   14927.000     0.968750       826060        32.00
   15055.000     0.971875       828699        35.56
   15215.000     0.975000       831293        40.00
   15391.000     0.978125       833907        45.71
   15583.000     0.981250       836633        53.33
   15831.000     0.984375       839382        64.00
   15935.000     0.985938       840555        71.11
   16111.000     0.987500       841905        80.00
   16255.000     0.989062       843261        91.43
   16415.000     0.990625       844556       106.67
   16607.000     0.992188       845908       128.00
   16751.000     0.992969       846571       142.22
   16943.000     0.993750       847216       160.00
   17135.000     0.994531       847908       182.86
   17647.000     0.995313       848561       213.33
   18431.000     0.996094       849221       256.00
   18799.000     0.996484       849541       284.44
   19663.000     0.996875       849874       320.00
   20719.000     0.997266       850208       365.71
   21071.000     0.997656       850543       426.67
   21391.000     0.998047       850874       512.00
   21663.000     0.998242       851041       568.89
   21967.000     0.998437       851210       640.00
   22415.000     0.998633       851373       731.43
   22975.000     0.998828       851546       853.33
   23551.000     0.999023       851707      1024.00
   23887.000     0.999121       851798      1137.78
   24255.000     0.999219       851872      1280.00
   24575.000     0.999316       851959      1462.86
   24831.000     0.999414       852045      1706.67
   25039.000     0.999512       852123      2048.00
   25151.000     0.999561       852167      2275.56
   25279.000     0.999609       852205      2560.00
   25503.000     0.999658       852250      2925.71
   25839.000     0.999707       852295      3413.33
   25983.000     0.999756       852339      4096.00
   26431.000     0.999780       852352      4551.11
   26655.000     0.999805       852374      5120.00
   26799.000     0.999829       852394      5851.43
   26847.000     0.999854       852420      6826.67
   26879.000     0.999878       852435      8192.00
   26911.000     0.999890       852446      9102.22
   26943.000     0.999902       852460     10240.00
   26975.000     0.999915       852476     11702.86
   26975.000     0.999927       852476     13653.33
   27007.000     0.999939       852488     16384.00
   28207.000     0.999945       852494     18204.44
   32399.000     0.999951       852498     20480.00
   32543.000     0.999957       852507     23405.71
   32543.000     0.999963       852507     27306.67
   33183.000     0.999969       852512     32768.00
   33215.000     0.999973       852515     36408.89
   39711.000     0.999976       852519     40960.00
   39743.000     0.999979       852525     46811.43
   39743.000     0.999982       852525     54613.33
   39743.000     0.999985       852525     65536.00
   39775.000     0.999986       852529     72817.78
   39775.000     0.999988       852529     81920.00
   39775.000     0.999989       852529     93622.86
   39807.000     0.999991       852531    109226.67
   39839.000     0.999992       852534    131072.00
   39839.000     0.999993       852534    145635.56
   39839.000     0.999994       852534    163840.00
   39839.000     0.999995       852534    187245.71
   39871.000     0.999995       852538    218453.33
   39871.000     1.000000       852538          inf
#[Mean    =    11702.079, StdDeviation   =     1406.085]
#[Max     =    39871.000, Total count    =       852538]
#[Buckets =            6, SubBuckets     =         2048]
