       Value   Percentile   TotalCount 1/(1-Percentile)

      80.000     0.000000            2         1.00
      84.000     0.100000        27549         1.11
      87.000     0.200000        37205         1.25
     133.000     0.300000        55984         1.43
     157.000     0.400000        72725         1.67
     166.000     0.500000        94109         2.00
     169.000     0.550000       100573         2.22
     176.000     0.600000       108878         2.50
     193.000     0.650000       117613         2.86
     198.000     0.700000       130036         3.33
     199.000     0.750000       139749         4.00
     200.000     0.775000       148536         4.44
     200.000     0.800000       148536         5.00
     201.000     0.825000       152385         5.71
     202.000     0.850000       155409         6.67
     203.000     0.875000       159808         8.00
     204.000     0.887500       164176         8.89
     204.000     0.900000       164176        10.00
     205.000     0.912500       166662        11.43
     206.000     0.925000       168122        13.33
     208.000     0.937500       170432        16.00
     209.000     0.943750       171348        17.78
     210.000     0.950000       172151        20.00
     211.000     0.956250       172900        22.86
     213.000     0.962500       174868        26.67
     214.000     0.968750       175954        32.00
     214.000     0.971875       175954        35.56
     215.000     0.975000       176847        40.00
     215.000     0.978125       176847        45.71
     216.000     0.981250       177566        53.33
     217.000     0.984375       178158        64.00
     218.000     0.985938       178615        71.11
     218.000     0.987500       178615        80.00
     219.000     0.989062       178994        91.43
     220.000     0.990625       179260       106.67
     221.000     0.992188       179482       128.00
     222.000     0.992969       179680       142.22
     222.000     0.993750       179680       160.00
     223.000     0.994531       179823       182.86
     224.000     0.995313       179918       213.33
     226.000     0.996094       180135       256.00
     226.000     0.996484       180135       284.44
     227.000     0.996875       180208       320.00
     228.000     0.997266       180303       365.71
     229.000     0.997656       180375       426.67
     230.000     0.998047       180424       512.00
     231.000     0.998242       180463       568.89
     232.000     0.998437       180483       640.00
     234.000     0.998633       180543       731.43
     235.000     0.998828       180557       853.33
     237.000     0.999023       180597      1024.00
     238.000     0.999121       180614      1137.78
     239.000     0.999219       180624      1280.00
     241.000     0.999316       180642      1462.86
     244.000     0.999414       180660      1706.67
     247.000     0.999512       180679      2048.00
     249.000     0.999561       180686      2275.56
     253.000     0.999609       180698      2560.00
     256.000     0.999658       180707      2925.71
     258.000     0.999707       180713      3413.33
     265.000     0.999756       180721      4096.00
     275.000     0.999780       180726      4551.11
     313.000     0.999805       180730      5120.00
     329.000     0.999829       180735      5851.43
     415.000     0.999854       180739      6826.67
     610.000     0.999878       180743      8192.00
     749.000     0.999890       180746      9102.22
    2715.000     0.999902       180748     10240.00
    2881.000     0.999915       180750     11702.86
    3053.000     0.999927       180752     13653.33
    3229.000     0.999939       180754     16384.00
    3353.000     0.999945       180756     18204.44
    3385.000     0.999951       180757     20480.00
    3489.000     0.999957       180758     23405.71
    6975.000     0.999963       180759     27306.67
   18335.000     0.999969       180760     32768.00
   18559.000     0.999973       180761     36408.89
   18559.000     0.999976       180761     40960.00
   18719.000     0.999979       180762     46811.43
   18719.000     0.999982       180762     54613.33
   19055.000     0.999985       180763     65536.00
   19055.000     0.999986       180763     72817.78
   19055.000     0.999988       180763     81920.00
   19071.000     0.999989       180764     93622.86
   19071.000     0.999991       180764    109226.67
   19071.000     0.999992       180764    131072.00
   19071.000     0.999993       180764    145635.56
   19071.000     0.999994       180764    163840.00
   19151.000     0.999995       180765    187245.71
   19151.000     1.000000       180765          inf
#[Mean    =      156.801, StdDeviation   =      120.381]
#[Max     =    19151.000, Total count    =       180765]
#[Buckets =            5, SubBuckets     =         2048]
