       Value   Percentile   TotalCount 1/(1-Percentile)

     112.000     0.000000            1         1.00
     153.000     0.100000        99691         1.11
     163.000     0.200000       189995         1.25
     173.000     0.300000       282770         1.43
     184.000     0.400000       380321         1.67
     195.000     0.500000       468759         2.00
     201.000     0.550000       512601         2.22
     208.000     0.600000       559442         2.50
     216.000     0.650000       608448         2.86
     224.000     0.700000       652394         3.33
     234.000     0.750000       701497         4.00
     239.000     0.775000       723399         4.44
     245.000     0.800000       747678         5.00
     251.000     0.825000       769702         5.71
     258.000     0.850000       793076         6.67
     265.000     0.875000       813836         8.00
     270.000     0.887500       827330         8.89
     274.000     0.900000       837326        10.00
     279.000     0.912500       848908        11.43
     285.000     0.925000       861259        13.33
     291.000     0.937500       872068        16.00
     295.000     0.943750       878544        17.78
     299.000     0.950000       884483        20.00
     303.000     0.956250       889862        22.86
     308.000     0.962500       895910        26.67
     313.000     0.968750       901186        32.00
     316.000     0.971875       904169        35.56
     320.000     0.975000       907656        40.00
     323.000     0.978125       909947        45.71
     327.000     0.981250       912786        53.33
     332.000     0.984375       915757        64.00
     335.000     0.985938       917358        71.11
     338.000     0.987500       918731        80.00
     341.000     0.989062       920077        91.43
     345.000     0.990625       921629       106.67
     349.000     0.992188       922914       128.00
     352.000     0.992969       923726       142.22
     355.000     0.993750       924467       160.00
     358.000     0.994531       925151       182.86
     361.000     0.995313       925739       213.33
     365.000     0.996094       926475       256.00
     368.000     0.996484       926936       284.44
     370.000     0.996875       927216       320.00
     373.000     0.997266       927565       365.71
     377.000     0.997656       927984       426.67
     381.000     0.998047       928315       512.00
     383.000     0.998242       928481       568.89
     386.000     0.998437       928691       640.00
     389.000     0.998633       928857       731.43
     393.000     0.998828       929043       853.33
     397.000     0.999023       929219      1024.00
     399.000     0.999121       929296      1137.78
     402.000     0.999219       929389      1280.00
     405.000     0.999316       929467      1462.86
     410.000     0.999414       929556      1706.67
     416.000     0.999512       929648      2048.00
     420.000     0.999561       929689      2275.56
     426.000     0.999609       929732      2560.00
     435.000     0.999658       929783      2925.71
     445.000     0.999707       929825      3413.33
     463.000     0.999756       929869      4096.00
     477.000     0.999780       929891      4551.11
     514.000     0.999805       929914      5120.00
     591.000     0.999829       929937      5851.43
     736.000     0.999854       929959      6826.67
    1286.000     0.999878       929982      8192.00
    1960.000     0.999890       929993      9102.22
    2377.000     0.999902       930005     10240.00
    3443.000     0.999915       930016     11702.86
   11343.000     0.999927       930027     13653.33
   20815.000     0.999939       930039     16384.00
   23103.000     0.999945       930044     18204.44
   24415.000     0.999951       930050     20480.00
   26063.000     0.999957       930057     23405.71
   28623.000     0.999963       930061     27306.67
   33375.000     0.999969       930067     32768.00
   34111.000     0.999973       930070     36408.89
   35615.000     0.999976       930074     40960.00
   35775.000     0.999979       930076     46811.43
   36191.000     0.999982       930078     54613.33
   37567.000     0.999985       930081     65536.00
   37855.000     0.999986       930083     72817.78
   37983.000     0.999988       930084     81920.00
   39679.000     0.999989       930086     93622.86
   41631.000     0.999991       930087    109226.67
   46751.000     0.999992       930088    131072.00
   47039.000     0.999993       930089    145635.56
   47359.000     0.999994       930090    163840.00
   47615.000     0.999995       930091    187245.71
   47615.000     0.999995       930091    218453.33
   47679.000     0.999996       930092    262144.00
   47679.000     0.999997       930092    291271.11
   47711.000     0.999997       930093    327680.00
   47711.000     0.999997       930093    374491.43
   47711.000     0.999998       930093    436906.67
   47903.000     0.999998       930094    524288.00
   47903.000     0.999998       930094    582542.22
   47903.000     0.999998       930094    655360.00
   47903.000     0.999999       930094    748982.86
   47903.000     0.999999       930094    873813.33
   50623.000     0.999999       930095   1048576.00
   50623.000     1.000000       930095          inf
#[Mean    =      207.740, StdDeviation   =      274.736]
#[Max     =    50623.000, Total count    =       930095]
#[Buckets =            6, SubBuckets     =         2048]
