       Value   Percentile   TotalCount 1/(1-Percentile)

      94.000     0.000000            1         1.00
     737.000     0.100000       889903         1.11
    1378.000     0.200000      1778834         1.25
    2143.000     0.300000      2668094         1.43
    3287.000     0.400000      3557999         1.67
    4295.000     0.500000      4447563         2.00
    4707.000     0.550000      4893553         2.22
    5091.000     0.600000      5336804         2.50
    5475.000     0.650000      5784198         2.86
    5875.000     0.700000      6227769         3.33
    6315.000     0.750000      6670429         4.00
    6563.000     0.775000      6894056         4.44
    6831.000     0.800000      7115580         5.00
    7131.000     0.825000      7339305         5.71
    7463.000     0.850000      7560297         6.67
    7847.000     0.875000      7782230         8.00
    8067.000     0.887500      7894207         8.89
    8311.000     0.900000      8006432        10.00
    8583.000     0.912500      8118163        11.43
    8887.000     0.925000      8227348        13.33
    9247.000     0.937500      8337582        16.00
    9455.000     0.943750      8393108        17.78
    9695.000     0.950000      8450364        20.00
    9959.000     0.956250      8505550        22.86
   10263.000     0.962500      8560404        26.67
   10631.000     0.968750      8616355        32.00
   10839.000     0.971875      8643205        35.56
   11079.000     0.975000      8671049        40.00
   11351.000     0.978125      8698956        45.71
   11671.000     0.981250      8726669        53.33
   12055.000     0.984375      8754653        64.00
   12279.000     0.985938      8768390        71.11
   12527.000     0.987500      8782231        80.00
   12815.000     0.989062      8796409        91.43
   13135.000     0.990625      8810127       106.67
   13511.000     0.992188      8823865       128.00
   13735.000     0.992969      8830937       142.22
   13983.000     0.993750      8837878       160.00
   14263.000     0.994531      8844815       182.86
   14583.000     0.995313      8851697       213.33
   14983.000     0.996094      8858674       256.00
   15215.000     0.996484      8862151       284.44
   15471.000     0.996875      8865556       320.00
   15775.000     0.997266      8869070       365.71
   16127.000     0.997656      8872524       426.67
   16575.000     0.998047      8875970       512.00
   16847.000     0.998242      8877728       568.89
   17167.000     0.998437      8879441       640.00
   17551.000     0.998633      8881215       731.43
   18031.000     0.998828      8882922       853.33
   18655.000     0.999023      8884651      1024.00
   19087.000     0.999121      8885530      1137.78
   19631.000     0.999219      8886380      1280.00
   20399.000     0.999316      8887248      1462.86
   21327.000     0.999414      8888116      1706.67
   22543.000     0.999512      8888991      2048.00
   23279.000     0.999561      8889422      2275.56
   24159.000     0.999609      8889849      2560.00
   25071.000     0.999658      8890282      2925.71
   25967.000     0.999707      8890719      3413.33
   27055.000     0.999756      8891159      4096.00
   27631.000     0.999780      8891373      4551.11
   28223.000     0.999805      8891593      5120.00
   28847.000     0.999829      8891804      5851.43
   29471.000     0.999854      8892020      6826.67
   30111.000     0.999878      8892245      8192.00
   30527.000     0.999890      8892345      9102.22
   30943.000     0.999902      8892454     10240.00
   31455.000     0.999915      8892562     11702.86
   31951.000     0.999927      8892673     13653.33
   32463.000     0.999939      8892781     16384.00
   32831.000     0.999945      8892839     18204.44
   33183.000     0.999951      8892888     20480.00
   33567.000     0.999957      8892942     23405.71
   33951.000     0.999963      8893001     27306.67
   34495.000     0.999969      8893053     32768.00
   34687.000     0.999973      8893079     36408.89
   34975.000     0.999976      8893106     40960.00
   35199.000     0.999979      8893133     46811.43
   35615.000     0.999982      8893160     54613.33
   36031.000     0.999985      8893186     65536.00
   36255.000     0.999986      8893202     72817.78
   36479.000     0.999988      8893218     81920.00
   36703.000     0.999989      8893227     93622.86
   36991.000     0.999991      8893240    109226.67
   37503.000     0.999992      8893255    131072.00
   37695.000     0.999993      8893262    145635.56
   37855.000     0.999994      8893269    163840.00
   38111.000     0.999995      8893274    187245.71
   38303.000     0.999995      8893281    218453.33
   38623.000     0.999996      8893289    262144.00
   38687.000     0.999997      8893291    291271.11
   39071.000     0.999997      8893295    327680.00
   39263.000     0.999997      8893299    374491.43
   39391.000     0.999998      8893301    436906.67
   39551.000     0.999998      8893305    524288.00
   39615.000     0.999998      8893306    582542.22
   39743.000     0.999998      8893308    655360.00
   39903.000     0.999999      8893310    748982.86
   39999.000     0.999999      8893311    873813.33
   40543.000     0.999999      8893313   1048576.00
   40639.000     0.999999      8893314   1165084.44
   40671.000     0.999999      8893315   1310720.00
   41151.000     0.999999      8893316   1497965.71
   41151.000     0.999999      8893316   1747626.67
   41471.000     1.000000      8893317   2097152.00
   41599.000     1.000000      8893318   2330168.89
   41599.000     1.000000      8893318   2621440.00
   42047.000     1.000000      8893319   2995931.43
   42047.000     1.000000      8893319   3495253.33
   42047.000     1.000000      8893319   4194304.00
   42751.000     1.000000      8893320   4660337.78
   42751.000     1.000000      8893320   5242880.00
   42751.000     1.000000      8893320   5991862.86
   42751.000     1.000000      8893320   6990506.67
   42751.000     1.000000      8893320   8388608.00
   44959.000     1.000000      8893321   9320675.55
   44959.000     1.000000      8893321          inf
#[Mean    =     4412.740, StdDeviation   =     3055.906]
#[Max     =    44959.000, Total count    =      8893321]
#[Buckets =            6, SubBuckets     =         2048]
