       Value   Percentile   TotalCount 1/(1-Percentile)

      95.000     0.000000            1         1.00
     623.000     0.100000       871919         1.11
     816.000     0.200000      1741049         1.25
    1014.000     0.300000      2608943         1.43
    1248.000     0.400000      3474928         1.67
    1528.000     0.500000      4343667         2.00
    1681.000     0.550000      4778705         2.22
    1843.000     0.600000      5210203         2.50
    2026.000     0.650000      5646184         2.86
    2245.000     0.700000      6081324         3.33
    2527.000     0.750000      6513998         4.00
    2705.000     0.775000      6729775         4.44
    2927.000     0.800000      6948021         5.00
    3207.000     0.825000      7164932         5.71
    3575.000     0.850000      7381839         6.67
    4077.000     0.875000      7598287         8.00
    4399.000     0.887500      7707782         8.89
    4783.000     0.900000      7815652        10.00
    5263.000     0.912500      7924361        11.43
    5875.000     0.925000      8032717        13.33
    6643.000     0.937500      8140908        16.00
    7127.000     0.943750      8195299        17.78
    7723.000     0.950000      8249588        20.00
    8479.000     0.956250      8304121        22.86
    9495.000     0.962500      8358094        26.67
   11007.000     0.968750      8412330        32.00
   12007.000     0.971875      8439419        35.56
   13223.000     0.975000      8466610        40.00
   14847.000     0.978125      8493700        45.71
   17103.000     0.981250      8520756        53.33
   20751.000     0.984375      8547902        64.00
   23599.000     0.985938      8561502        71.11
   27535.000     0.987500      8575050        80.00
   34495.000     0.989062      8588623        91.43
   46431.000     0.990625      8602178       106.67
   64415.000     0.992188      8615744       128.00
   73279.000     0.992969      8622554       142.22
   83967.000     0.993750      8629320       160.00
   97855.000     0.994531      8636099       182.86
  113279.000     0.995313      8642868       213.33
  128127.000     0.996094      8649656       256.00
  137471.000     0.996484      8653064       284.44
  147071.000     0.996875      8656458       320.00
  157439.000     0.997266      8659837       365.71
  168703.000     0.997656      8663217       426.67
  183679.000     0.998047      8666614       512.00
  192255.000     0.998242      8668314       568.89
  208127.000     0.998437      8670002       640.00
  217855.000     0.998633      8671708       731.43
  236415.000     0.998828      8673393       853.33
  257535.000     0.999023      8675086      1024.00
  272127.000     0.999121      8675976      1137.78
  281855.000     0.999219      8676798      1280.00
  292607.000     0.999316      8677628      1462.86
  320511.000     0.999414      8678478      1706.67
  333823.000     0.999512      8679324      2048.00
  346367.000     0.999561      8679747      2275.56
  371967.000     0.999609      8680181      2560.00
  392959.000     0.999658      8680596      2925.71
  421119.000     0.999707      8681026      3413.33
  452863.000     0.999756      8681448      4096.00
  479231.000     0.999780      8681658      4551.11
  488447.000     0.999805      8681871      5120.00
  508415.000     0.999829      8682079      5851.43
  542719.000     0.999854      8682295      6826.67
  577535.000     0.999878      8682514      8192.00
  618495.000     0.999890      8682610      9102.22
  635391.000     0.999902      8682724     10240.00
  647167.000     0.999915      8682821     11702.86
  723455.000     0.999927      8682928     13653.33
  802815.000     0.999939      8683033     16384.00
  834047.000     0.999945      8683089     18204.44
  867839.000     0.999951      8683139     20480.00
  913919.000     0.999957      8683197     23405.71
  916991.000     0.999963      8683250     27306.67
  926207.000     0.999969      8683299     32768.00
  968703.000     0.999973      8683329     36408.89
 1022463.000     0.999976      8683352     40960.00
 1091583.000     0.999979      8683380     46811.43
 1093631.000     0.999982      8683409     54613.33
 1106943.000     0.999985      8683431     65536.00
 1162239.000     0.999986      8683445     72817.78
 1171455.000     0.999988      8683471     81920.00
 1171455.000     0.999989      8683471     93622.86
 1200127.000     0.999991      8683496    109226.67
 1201151.000     0.999992      8683516    131072.00
 1201151.000     0.999993      8683516    145635.56
 1201151.000     0.999994      8683516    163840.00
 1202175.000     0.999995      8683542    187245.71
 1202175.000     0.999995      8683542    218453.33
 1202175.000     0.999996      8683542    262144.00
 1202175.000     0.999997      8683542    291271.11
 1202175.000     0.999997      8683542    327680.00
 1202175.000     0.999997      8683542    374491.43
 1412095.000     0.999998      8683545    436906.67
 1413119.000     0.999998      8683552    524288.00
 1413119.000     0.999998      8683552    582542.22
 1413119.000     0.999998      8683552    655360.00
 1413119.000     0.999999      8683552    748982.86
 1423359.000     0.999999      8683556    873813.33
 1423359.000     0.999999      8683556   1048576.00
 1423359.000     0.999999      8683556   1165084.44
 1424383.000     0.999999      8683557   1310720.00
 1425407.000     0.999999      8683558   1497965.71
 1426431.000     0.999999      8683560   1747626.67
 1426431.000     1.000000      8683560   2097152.00
 1426431.000     1.000000      8683560   2330168.89
 1426431.000     1.000000      8683560   2621440.00
 1427455.000     1.000000      8683562   2995931.43
 1427455.000     1.000000      8683562   3495253.33
 1427455.000     1.000000      8683562   4194304.00
 1427455.000     1.000000      8683562   4660337.78
 1427455.000     1.000000      8683562   5242880.00
 1427455.000     1.000000      8683562   5991862.86
 1427455.000     1.000000      8683562   6990506.67
 1427455.000     1.000000      8683562   8388608.00
 1612799.000     1.000000      8683563   9320675.55
 1612799.000     1.000000      8683563          inf
#[Mean    =     3693.524, StdDeviation   =    18253.408]
#[Max     =  1612799.000, Total count    =      8683563]
#[Buckets =           11, SubBuckets     =         2048]
