       Value   Percentile   TotalCount 1/(1-Percentile)

      63.000     0.000000            1         1.00
     803.000     0.100000       563589         1.11
    1642.000     0.200000      1126449         1.25
    2751.000     0.300000      1690049         1.43
    4051.000     0.400000      2253430         1.67
    5515.000     0.500000      2817332         2.00
    6279.000     0.550000      3098930         2.22
    7043.000     0.600000      3379912         2.50
    7811.000     0.650000      3661120         2.86
    8591.000     0.700000      3943219         3.33
    9399.000     0.750000      4226465         4.00
    9815.000     0.775000      4365196         4.44
   10255.000     0.800000      4505954         5.00
   10727.000     0.825000      4648454         5.71
   11231.000     0.850000      4789313         6.67
   11783.000     0.875000      4928743         8.00
   12095.000     0.887500      4999746         8.89
   12431.000     0.900000      5070300        10.00
   12791.000     0.912500      5139622        11.43
   13207.000     0.925000      5210549        13.33
   13679.000     0.937500      5280644        16.00
   13943.000     0.943750      5315457        17.78
   14239.000     0.950000      5350587        20.00
   14575.000     0.956250      5386214        22.86
   14951.000     0.962500      5421291        26.67
   15383.000     0.968750      5456436        32.00
   15631.000     0.971875      5474012        35.56
   15903.000     0.975000      5491544        40.00
   16207.000     0.978125      5509247        45.71
   16543.000     0.981250      5526538        53.33
   16943.000     0.984375      5544245        64.00
   17183.000     0.985938      5553526        71.11
   17423.000     0.987500      5562030        80.00
   17695.000     0.989062      5570658        91.43
   18015.000     0.990625      5579490       106.67
   18383.000     0.992188      5588268       128.00
   18591.000     0.992969      5592736       142.22
   18831.000     0.993750      5597211       160.00
   19087.000     0.994531      5601582       182.86
   19359.000     0.995313      5605795       213.33
   19711.000     0.996094      5610277       256.00
   19903.000     0.996484      5612450       284.44
   20127.000     0.996875      5614641       320.00
   20367.000     0.997266      5616822       365.71
   20639.000     0.997656      5618946       426.67
   20959.000     0.998047      5621157       512.00
   21151.000     0.998242      5622301       568.89
   21343.000     0.998437      5623341       640.00
   21599.000     0.998633      5624506       731.43
   21871.000     0.998828      5625570       853.33
   22175.000     0.999023      5626666      1024.00
   22335.000     0.999121      5627194      1137.78
   22559.000     0.999219      5627782      1280.00
   22783.000     0.999316      5628299      1462.86
   23055.000     0.999414      5628849      1706.67
   23391.000     0.999512      5629402      2048.00
   23567.000     0.999561      5629667      2275.56
   23791.000     0.999609      5629938      2560.00
   24031.000     0.999658      5630228      2925.71
   24303.000     0.999707      5630499      3413.33
   24607.000     0.999756      5630775      4096.00
   24783.000     0.999780      5630908      4551.11
   24975.000     0.999805      5631038      5120.00
   25231.000     0.999829      5631183      5851.43
   25535.000     0.999854      5631318      6826.67
   25887.000     0.999878      5631455      8192.00
   26095.000     0.999890      5631522      9102.22
   26303.000     0.999902      5631590     10240.00
   26623.000     0.999915      5631659     11702.86
   26895.000     0.999927      5631728     13653.33
   27199.000     0.999939      5631796     16384.00
   27343.000     0.999945      5631829     18204.44
   27567.000     0.999951      5631863     20480.00
   27775.000     0.999957      5631899     23405.71
   27999.000     0.999963      5631932     27306.67
   28287.000     0.999969      5631968     32768.00
   28479.000     0.999973      5631984     36408.89
   28671.000     0.999976      5632002     40960.00
   29007.000     0.999979      5632019     46811.43
   29167.000     0.999982      5632036     54613.33
   29327.000     0.999985      5632053     65536.00
   29407.000     0.999986      5632061     72817.78
   29551.000     0.999988      5632070     81920.00
   29807.000     0.999989      5632078     93622.86
   30639.000     0.999991      5632087    109226.67
   31199.000     0.999992      5632096    131072.00
   32047.000     0.999993      5632100    145635.56
   32143.000     0.999994      5632104    163840.00
   32431.000     0.999995      5632108    187245.71
   33503.000     0.999995      5632113    218453.33
   33855.000     0.999996      5632117    262144.00
   34207.000     0.999997      5632119    291271.11
   34527.000     0.999997      5632121    327680.00
   36479.000     0.999997      5632123    374491.43
   38879.000     0.999998      5632126    436906.67
   39327.000     0.999998      5632128    524288.00
   39359.000     0.999998      5632129    582542.22
   39711.000     0.999998      5632130    655360.00
   39775.000     0.999999      5632131    748982.86
   40895.000     0.999999      5632132    873813.33
   40927.000     0.999999      5632133   1048576.00
   41055.000     0.999999      5632134   1165084.44
   41055.000     0.999999      5632134   1310720.00
   41567.000     0.999999      5632135   1497965.71
   41567.000     0.999999      5632135   1747626.67
   42815.000     1.000000      5632136   2097152.00
   42815.000     1.000000      5632136   2330168.89
   42815.000     1.000000      5632136   2621440.00
   54047.000     1.000000      5632137   2995931.43
   54047.000     1.000000      5632137   3495253.33
   54047.000     1.000000      5632137   4194304.00
   54047.000     1.000000      5632137   4660337.78
   54047.000     1.000000      5632137   5242880.00
   56031.000     1.000000      5632138   5991862.86
   56031.000     1.000000      5632138          inf
#[Mean    =     6163.041, StdDeviation   =     4512.957]
#[Max     =    56031.000, Total count    =      5632138]
#[Buckets =            6, SubBuckets     =         2048]
