       Value   Percentile   TotalCount 1/(1-Percentile)

      51.000     0.000000            3         1.00
      66.000     0.100000       255914         1.11
      69.000     0.200000       505416         1.25
      71.000     0.300000       686173         1.43
      74.000     0.400000       935947         1.67
      78.000     0.500000      1179796         2.00
      80.000     0.550000      1274753         2.22
      82.000     0.600000      1362446         2.50
      85.000     0.650000      1488745         2.86
      88.000     0.700000      1609822         3.33
      91.000     0.750000      1721519         4.00
      92.000     0.775000      1755509         4.44
      94.000     0.800000      1817042         5.00
      96.000     0.825000      1871110         5.71
      99.000     0.850000      1938460         6.67
     102.000     0.875000      1993979         8.00
     103.000     0.887500      2009991         8.89
     105.000     0.900000      2038801        10.00
     108.000     0.912500      2074193        11.43
     110.000     0.925000      2093786        13.33
     114.000     0.937500      2125874        16.00
     116.000     0.943750      2139454        17.78
     118.000     0.950000      2151481        20.00
     121.000     0.956250      2166993        22.86
     124.000     0.962500      2179736        26.67
     128.000     0.968750      2193365        32.00
     130.000     0.971875      2199799        35.56
     132.000     0.975000      2205752        40.00
     135.000     0.978125      2213931        45.71
     138.000     0.981250      2221015        53.33
     141.000     0.984375      2227019        64.00
     143.000     0.985938      2230505        71.11
     145.000     0.987500      2233682        80.00
     148.000     0.989062      2237709        91.43
     151.000     0.990625      2241080       106.67
     155.000     0.992188      2244609       128.00
     157.000     0.992969      2245977       142.22
     160.000     0.993750      2247788       160.00
     163.000     0.994531      2249473       182.86
     167.000     0.995313      2251457       213.33
     170.000     0.996094      2252770       256.00
     173.000     0.996484      2253990       284.44
     175.000     0.996875      2254680       320.00
     178.000     0.997266      2255583       365.71
     181.000     0.997656      2256319       426.67
     186.000     0.998047      2257280       512.00
     189.000     0.998242      2257684       568.89
     193.000     0.998437      2258122       640.00
     198.000     0.998633      2258576       731.43
     202.000     0.998828      2258935       853.33
     208.000     0.999023      2259408      1024.00
     211.000     0.999121      2259659      1137.78
     213.000     0.999219      2259811      1280.00
     217.000     0.999316      2260045      1462.86
     222.000     0.999414      2260247      1706.67
     231.000     0.999512      2260468      2048.00
     238.000     0.999561      2260596      2275.56
     243.000     0.999609      2260697      2560.00
     250.000     0.999658      2260803      2925.71
     260.000     0.999707      2260916      3413.33
     272.000     0.999756      2261024      4096.00
     278.000     0.999780      2261091      4551.11
     282.000     0.999805      2261138      5120.00
     287.000     0.999829      2261199      5851.43
     290.000     0.999854      2261245      6826.67
     295.000     0.999878      2261300      8192.00
     298.000     0.999890      2261325      9102.22
     303.000     0.999902      2261358     10240.00
     306.000     0.999915      2261382     11702.86
     311.000     0.999927      2261415     13653.33
     315.000     0.999939      2261437     16384.00
     317.000     0.999945      2261448     18204.44
     319.000     0.999951      2261463     20480.00
     322.000     0.999957      2261478     23405.71
     328.000     0.999963      2261490     27306.67
     332.000     0.999969      2261503     32768.00
     335.000     0.999973      2261510     36408.89
     338.000     0.999976      2261518     40960.00
     341.000     0.999979      2261524     46811.43
     347.000     0.999982      2261531     54613.33
     358.000     0.999985      2261538     65536.00
     366.000     0.999986      2261541     72817.78
     375.000     0.999988      2261546     81920.00
     386.000     0.999989      2261549     93622.86
     405.000     0.999991      2261552    109226.67
     426.000     0.999992      2261555    131072.00
     433.000     0.999993      2261557    145635.56
     456.000     0.999994      2261559    163840.00
     463.000     0.999995      2261560    187245.71
     486.000     0.999995      2261563    218453.33
     511.000     0.999996      2261564    262144.00
     516.000     0.999997      2261565    291271.11
     573.000     0.999997      2261566    327680.00
     573.000     0.999997      2261566    374491.43
     588.000     0.999998      2261567    436906.67
     620.000     0.999998      2261568    524288.00
     675.000     0.999998      2261569    582542.22
     675.000     0.999998      2261569    655360.00
     675.000     0.999999      2261569    748982.86
     691.000     0.999999      2261570    873813.33
     691.000     0.999999      2261570   1048576.00
     743.000     0.999999      2261571   1165084.44
     743.000     0.999999      2261571   1310720.00
     743.000     0.999999      2261571   1497965.71
     743.000     0.999999      2261571   1747626.67
     743.000     1.000000      2261571   2097152.00
     788.000     1.000000      2261572   2330168.89
     788.000     1.000000      2261572          inf
#[Mean    =       82.954, StdDeviation   =       18.776]
#[Max     =      788.000, Total count    =      2261572]
#[Buckets =            1, SubBuckets     =         2048]
