       Value   Percentile   TotalCount 1/(1-Percentile)

      42.000     0.000000           13         1.00
      60.000     0.100000       249203         1.11
      65.000     0.200000       475870         1.25
      69.000     0.300000       727333         1.43
      72.000     0.400000      1005176         1.67
      74.000     0.500000      1192951         2.00
      76.000     0.550000      1355241         2.22
      77.000     0.600000      1438340         2.50
      78.000     0.650000      1520281         2.86
      80.000     0.700000      1662269         3.33
      82.000     0.750000      1767621         4.00
      83.000     0.775000      1808563         4.44
      85.000     0.800000      1874747         5.00
      87.000     0.825000      1927154         5.71
      90.000     0.850000      1992886         6.67
      93.000     0.875000      2044251         8.00
      95.000     0.887500      2067102         8.89
      99.000     0.900000      2099530        10.00
     104.000     0.912500      2126025        11.43
     111.000     0.925000      2156755        13.33
     124.000     0.937500      2183512        16.00
     151.000     0.943750      2198150        17.78
     162.000     0.950000      2215682        20.00
     163.000     0.956250      2233018        22.86
     164.000     0.962500      2260931        26.67
     164.000     0.968750      2260931        32.00
     165.000     0.971875      2287132        35.56
     165.000     0.975000      2287132        40.00
     165.000     0.978125      2287132        45.71
     165.000     0.981250      2287132        53.33
     166.000     0.984375      2301281        64.00
     166.000     0.985938      2301281        71.11
     166.000     0.987500      2301281        80.00
     167.000     0.989062      2306981        91.43
     167.000     0.990625      2306981       106.67
     170.000     0.992188      2311134       128.00
     173.000     0.992969      2312785       142.22
     177.000     0.993750      2314592       160.00
     183.000     0.994531      2316156       182.86
     192.000     0.995313      2317975       213.33
     204.000     0.996094      2319931       256.00
     206.000     0.996484      2321382       284.44
     207.000     0.996875      2322572       320.00
     207.000     0.997266      2322572       365.71
     208.000     0.997656      2323799       426.67
     209.000     0.998047      2325036       512.00
     209.000     0.998242      2325036       568.89
     210.000     0.998437      2326027       640.00
     210.000     0.998633      2326027       731.43
     210.000     0.998828      2326027       853.33
     211.000     0.999023      2326691      1024.00
     212.000     0.999121      2327067      1137.78
     212.000     0.999219      2327067      1280.00
     213.000     0.999316      2327295      1462.86
     214.000     0.999414      2327439      1706.67
     216.000     0.999512      2327662      2048.00
     217.000     0.999561      2327742      2275.56
     218.000     0.999609      2327843      2560.00
     220.000     0.999658      2327991      2925.71
     222.000     0.999707      2328122      3413.33
     224.000     0.999756      2328219      4096.00
     225.000     0.999780      2328280      4551.11
     226.000     0.999805      2328319      5120.00
     227.000     0.999829      2328363      5851.43
     228.000     0.999854      2328409      6826.67
     230.000     0.999878      2328476      8192.00
     231.000     0.999890      2328509      9102.22
     232.000     0.999902      2328530     10240.00
     233.000     0.999915      2328556     11702.86
     234.000     0.999927      2328578     13653.33
     236.000     0.999939      2328619     16384.00
     237.000     0.999945      2328628     18204.44
     238.000     0.999951      2328640     20480.00
     240.000     0.999957      2328658     23405.71
     241.000     0.999963      2328665     27306.67
     243.000     0.999969      2328678     32768.00
     244.000     0.999973      2328686     36408.89
     245.000     0.999976      2328694     40960.00
     246.000     0.999979      2328698     46811.43
     248.000     0.999982      2328706     54613.33
     250.000     0.999985      2328715     65536.00
     251.000     0.999986      2328717     72817.78
     252.000     0.999988      2328719     81920.00
     260.000     0.999989      2328723     93622.86
     289.000     0.999991      2328726    109226.67
     405.000     0.999992      2328730    131072.00
     468.000     0.999993      2328732    145635.56
     543.000     0.999994      2328733    163840.00
     561.000     0.999995      2328735    187245.71
     598.000     0.999995      2328737    218453.33
     714.000     0.999996      2328739    262144.00
     732.000     0.999997      2328740    291271.11
     732.000     0.999997      2328740    327680.00
     877.000     0.999997      2328741    374491.43
     910.000     0.999998      2328742    436906.67
     934.000     0.999998      2328743    524288.00
    1010.000     0.999998      2328744    582542.22
    1010.000     0.999998      2328744    655360.00
    1010.000     0.999999      2328744    748982.86
    1013.000     0.999999      2328745    873813.33
    1013.000     0.999999      2328745   1048576.00
    1015.000     0.999999      2328746   1165084.44
    1015.000     0.999999      2328746   1310720.00
    1015.000     0.999999      2328746   1497965.71
    1015.000     0.999999      2328746   1747626.67
    1015.000     1.000000      2328746   2097152.00
    1828.000     1.000000      2328747   2330168.89
    1828.000     1.000000      2328747          inf
#[Mean    =       79.813, StdDeviation   =       25.487]
#[Max     =     1828.000, Total count    =      2328747]
#[Buckets =            1, SubBuckets     =         2048]
