       Value   Percentile   TotalCount 1/(1-Percentile)

     621.000     0.000000            1         1.00
    8059.000     0.100000       117850         1.11
    8271.000     0.200000       237360         1.25
    8367.000     0.300000       358483         1.43
    8415.000     0.400000       489570         1.67
    8447.000     0.500000       604907         2.00
    8463.000     0.550000       665081         2.22
    8479.000     0.600000       722447         2.50
    8495.000     0.650000       774051         2.86
    8519.000     0.700000       841209         3.33
    8543.000     0.750000       899982         4.00
    8551.000     0.775000       917330         4.44
    8567.000     0.800000       950153         5.00
    8583.000     0.825000       977710         5.71
    8599.000     0.850000      1001902         6.67
    8623.000     0.875000      1030653         8.00
    8639.000     0.887500      1046079         8.89
    8655.000     0.900000      1059001        10.00
    8679.000     0.912500      1074390        11.43
    8719.000     0.925000      1089932        13.33
    8823.000     0.937500      1103552        16.00
    8911.000     0.943750      1110463        17.78
    9263.000     0.950000      1117722        20.00
    9991.000     0.956250      1125106        22.86
   10471.000     0.962500      1132498        26.67
   10759.000     0.968750      1139971        32.00
   10871.000     0.971875      1143567        35.56
   10967.000     0.975000      1147203        40.00
   11055.000     0.978125      1150812        45.71
   11151.000     0.981250      1154548        53.33
   11231.000     0.984375      1158240        64.00
   11271.000     0.985938      1160118        71.11
   11303.000     0.987500      1161918        80.00
   11335.000     0.989062      1163845        91.43
   11367.000     0.990625      1165917       106.67
   11391.000     0.992188      1167533       128.00
   11407.000     0.992969      1168678       142.22
   11415.000     0.993750      1169178       160.00
   11431.000     0.994531      1170133       182.86
   11455.000     0.995313      1171261       213.33
   11471.000     0.996094      1172000       256.00
   11479.000     0.996484      1172427       284.44
   11495.000     0.996875      1172928       320.00
   11511.000     0.997266      1173371       365.71
   11527.000     0.997656      1173781       426.67
   11559.000     0.998047      1174351       512.00
   11567.000     0.998242      1174489       568.89
   11599.000     0.998437      1174682       640.00
   11631.000     0.998633      1174920       731.43
   12055.000     0.998828      1175143       853.33
   12207.000     0.999023      1175381      1024.00
   12799.000     0.999121      1175479      1137.78
   24095.000     0.999219      1175594      1280.00
   24655.000     0.999316      1175713      1462.86
   25263.000     0.999414      1175836      1706.67
   26319.000     0.999512      1175948      2048.00
   26543.000     0.999561      1176002      2275.56
   26991.000     0.999609      1176058      2560.00
   27215.000     0.999658      1176187      2925.71
   27215.000     0.999707      1176187      3413.33
   27247.000     0.999756      1176237      4096.00
   27503.000     0.999780      1176309      4551.11
   27503.000     0.999805      1176309      5120.00
   27503.000     0.999829      1176309      5851.43
   27519.000     0.999854      1176387      6826.67
   27519.000     0.999878      1176387      8192.00
   27519.000     0.999890      1176387      9102.22
   27535.000     0.999902      1176406     10240.00
   28063.000     0.999915      1176412     11702.86
   28095.000     0.999927      1176451     13653.33
   28095.000     0.999939      1176451     16384.00
   28095.000     0.999945      1176451     18204.44
   28111.000     0.999951      1176476     20480.00
   28111.000     0.999957      1176476     23405.71
   28111.000     0.999963      1176476     27306.67
   28111.000     0.999969      1176476     32768.00
   28319.000     0.999973      1176478     36408.89
   28879.000     0.999976      1176487     40960.00
   28879.000     0.999979      1176487     46811.43
   28927.000     0.999982      1176510     54613.33
   28927.000     1.000000      1176510          inf
#[Mean    =     8496.740, StdDeviation   =      825.426]
#[Max     =    28927.000, Total count    =      1176510]
#[Buckets =            5, SubBuckets     =         2048]
