       Value   Percentile   TotalCount 1/(1-Percentile)

      36.000     0.000000            3         1.00
      45.000     0.100000        52932         1.11
      52.000     0.200000       210303         1.25
      52.000     0.300000       210303         1.43
      52.000     0.400000       210303         1.67
      53.000     0.500000       485320         2.00
      53.000     0.550000       485320         2.22
      53.000     0.600000       485320         2.50
      53.000     0.650000       485320         2.86
      53.000     0.700000       485320         3.33
      53.000     0.750000       485320         4.00
      53.000     0.775000       485320         4.44
      53.000     0.800000       485320         5.00
      53.000     0.825000       485320         5.71
      53.000     0.850000       485320         6.67
      53.000     0.875000       485320         8.00
      53.000     0.887500       485320         8.89
      53.000     0.900000       485320        10.00
      53.000     0.912500       485320        11.43
      54.000     0.925000       520595        13.33
      54.000     0.937500       520595        16.00
      54.000     0.943750       520595        17.78
      54.000     0.950000       520595        20.00
      54.000     0.956250       520595        22.86
      54.000     0.962500       520595        26.67
      54.000     0.968750       520595        32.00
      54.000     0.971875       520595        35.56
      54.000     0.975000       520595        40.00
      54.000     0.978125       520595        45.71
      54.000     0.981250       520595        53.33
      54.000     0.984375       520595        64.00
      54.000     0.985938       520595        71.11
      54.000     0.987500       520595        80.00
      54.000     0.989062       520595        91.43
      55.000     0.990625       523256       106.67
      55.000     0.992188       523256       128.00
      55.000     0.992969       523256       142.22
      55.000     0.993750       523256       160.00
      55.000     0.994531       523256       182.86
      56.000     0.995313       524125       213.33
      56.000     0.996094       524125       256.00
      56.000     0.996484       524125       284.44
      56.000     0.996875       524125       320.00
      57.000     0.997266       524754       365.71
      57.000     0.997656       524754       426.67
      57.000     0.998047       524754       512.00
      58.000     0.998242       525120       568.89
      58.000     0.998437       525120       640.00
      58.000     0.998633       525120       731.43
      58.000     0.998828       525120       853.33
      59.000     0.999023       525407      1024.00
      59.000     0.999121       525407      1137.78
      59.000     0.999219       525407      1280.00
      59.000     0.999316       525407      1462.86
      60.000     0.999414       525647      1706.67
      60.000     0.999512       525647      2048.00
      60.000     0.999561       525647      2275.56
      60.000     0.999609       525647      2560.00
      60.000     0.999658       525647      2925.71
      60.000     0.999707       525647      3413.33
      60.000     0.999756       525647      4096.00
      60.000     0.999780       525647      4551.11
      60.000     0.999805       525647      5120.00
      60.000     0.999829       525647      5851.43
      61.000     0.999854       525700      6826.67
      61.000     0.999878       525700      8192.00
      61.000     0.999890       525700      9102.22
      61.000     0.999902       525700     10240.00
      61.000     0.999915       525700     11702.86
      61.000     0.999927       525700     13653.33
      61.000     0.999939       525700     16384.00
      61.000     0.999945       525700     18204.44
      62.000     0.999951       525710     20480.00
      62.000     0.999957       525710     23405.71
      62.000     0.999963       525710     27306.67
      63.000     0.999969       525715     32768.00
      63.000     0.999973       525715     36408.89
      64.000     0.999976       525718     40960.00
      64.000     0.999979       525718     46811.43
      65.000     0.999982       525719     54613.33
      67.000     0.999985       525721     65536.00
      67.000     0.999986       525721     72817.78
      74.000     0.999988       525722     81920.00
      81.000     0.999989       525723     93622.86
      87.000     0.999991       525724    109226.67
      87.000     0.999992       525724    131072.00
      92.000     0.999993       525725    145635.56
      92.000     0.999994       525725    163840.00
      95.000     0.999995       525726    187245.71
      95.000     0.999995       525726    218453.33
      95.000     0.999996       525726    262144.00
     101.000     0.999997       525727    291271.11
     101.000     0.999997       525727    327680.00
     101.000     0.999997       525727    374491.43
     101.000     0.999998       525727    436906.67
     101.000     0.999998       525727    524288.00
     468.000     0.999998       525728    582542.22
     468.000     1.000000       525728          inf
#[Mean    =       51.792, StdDeviation   =        3.073]
#[Max     =      468.000, Total count    =       525728]
#[Buckets =            1, SubBuckets     =         2048]
