       Value   Percentile   TotalCount 1/(1-Percentile)

    7375.000     0.000000            1         1.00
   55711.000     0.100000        18075         1.11
   55839.000     0.200000        35972         1.25
   55967.000     0.300000        53643         1.43
   56063.000     0.400000        71526         1.67
   56191.000     0.500000        89071         2.00
   56255.000     0.550000        99490         2.22
   56319.000     0.600000       110311         2.50
   56351.000     0.650000       115397         2.86
   56415.000     0.700000       124522         3.33
   56479.000     0.750000       133596         4.00
   56511.000     0.775000       138519         4.44
   56543.000     0.800000       143934         5.00
   56575.000     0.825000       148690         5.71
   56607.000     0.850000       153385         6.67
   56639.000     0.875000       157195         8.00
   56671.000     0.887500       160562         8.89
   56671.000     0.900000       160562        10.00
   56703.000     0.912500       162857        11.43
   56735.000     0.925000       164327        13.33
   56831.000     0.937500       166423        16.00
   57023.000     0.943750       167521        17.78
   57119.000     0.950000       168843        20.00
   57183.000     0.956250       170367        22.86
   57215.000     0.962500       171196        26.67
   57247.000     0.968750       172144        32.00
   57279.000     0.971875       172900        35.56
   57311.000     0.975000       173594        40.00
   57343.000     0.978125       174084        45.71
   57375.000     0.981250       174457        53.33
   57439.000     0.984375       174770        64.00
   57631.000     0.985938       175018        71.11
   57791.000     0.987500       175284        80.00
   58015.000     0.989062       175631        91.43
   58207.000     0.990625       175891       106.67
   58431.000     0.992188       176207       128.00
   58495.000     0.992969       176291       142.22
   58559.000     0.993750       176394       160.00
   58751.000     0.994531       176551       182.86
   58879.000     0.995313       176671       213.33
   58975.000     0.996094       176812       256.00
   59039.000     0.996484       176907       284.44
   59135.000     0.996875       176981       320.00
   59167.000     0.997266       177048       365.71
   59231.000     0.997656       177095       426.67
   59327.000     0.998047       177193       512.00
   59327.000     0.998242       177193       568.89
   59391.000     0.998437       177231       640.00
   59711.000     0.998633       177260       731.43
   59935.000     0.998828       177299       853.33
   60671.000     0.999023       177331      1024.00
   61183.000     0.999121       177346      1137.78
   62015.000     0.999219       177364      1280.00
   62559.000     0.999316       177383      1462.86
   63199.000     0.999414       177398      1706.67
   63775.000     0.999512       177417      2048.00
   63871.000     0.999561       177424      2275.56
   64575.000     0.999609       177434      2560.00
   64671.000     0.999658       177442      2925.71
   65119.000     0.999707       177451      3413.33
   65215.000     0.999756       177459      4096.00
   65727.000     0.999780       177465      4551.11
   65855.000     0.999805       177469      5120.00
   65919.000     0.999829       177474      5851.43
   65983.000     0.999854       177479      6826.67
   66047.000     0.999878       177481      8192.00
   66367.000     0.999890       177483      9102.22
   66431.000     0.999902       177489     10240.00
   66431.000     0.999915       177489     11702.86
   66431.000     0.999927       177489     13653.33
   66495.000     0.999939       177494     16384.00
   66495.000     0.999945       177494     18204.44
   66495.000     0.999951       177494     20480.00
   66559.000     0.999957       177496     23405.71
   66559.000     0.999963       177496     27306.67
   67263.000     0.999969       177498     32768.00
   67263.000     0.999973       177498     36408.89
   67263.000     0.999976       177498     40960.00
   67327.000     0.999979       177502     46811.43
   67327.000     1.000000       177502          inf
#[Mean    =    56163.979, StdDeviation   =     1439.825]
#[Max     =    67327.000, Total count    =       177502]
#[Buckets =            7, SubBuckets     =         2048]
