       Value   Percentile   TotalCount 1/(1-Percentile)

      76.000     0.000000            1         1.00
      81.000     0.100000        28257         1.11
      83.000     0.200000        40726         1.25
     132.000     0.300000        57189         1.43
     150.000     0.400000        76787         1.67
     157.000     0.500000        95372         2.00
     160.000     0.550000       108730         2.22
     164.000     0.600000       115356         2.50
     180.000     0.650000       123629         2.86
     188.000     0.700000       135268         3.33
     190.000     0.750000       143284         4.00
     191.000     0.775000       148859         4.44
     192.000     0.800000       155237         5.00
     193.000     0.825000       159333         5.71
     194.000     0.850000       162842         6.67
     195.000     0.875000       167977         8.00
     196.000     0.887500       173190         8.89
     196.000     0.900000       173190        10.00
     197.000     0.912500       176405        11.43
     197.000     0.925000       176405        13.33
     198.000     0.937500       178244        16.00
     199.000     0.943750       179758        17.78
     200.000     0.950000       181097        20.00
     201.000     0.956250       182123        22.86
     202.000     0.962500       183025        26.67
     204.000     0.968750       184602        32.00
     205.000     0.971875       185540        35.56
     205.000     0.975000       185540        40.00
     206.000     0.978125       186435        45.71
     207.000     0.981250       187083        53.33
     207.000     0.984375       187083        64.00
     208.000     0.985938       187624        71.11
     209.000     0.987500       188029        80.00
     209.000     0.989062       188029        91.43
     210.000     0.990625       188422       106.67
     211.000     0.992188       188702       128.00
     211.000     0.992969       188702       142.22
     212.000     0.993750       188930       160.00
     213.000     0.994531       189098       182.86
     214.000     0.995313       189215       213.33
     215.000     0.996094       189301       256.00
     216.000     0.996484       189394       284.44
     217.000     0.996875       189480       320.00
     218.000     0.997266       189543       365.71
     219.000     0.997656       189616       426.67
     220.000     0.998047       189673       512.00
     221.000     0.998242       189722       568.89
     222.000     0.998437       189754       640.00
     223.000     0.998633       189792       731.43
     224.000     0.998828       189818       853.33
     225.000     0.999023       189839      1024.00
     226.000     0.999121       189852      1137.78
     228.000     0.999219       189877      1280.00
     230.000     0.999316       189895      1462.86
     232.000     0.999414       189909      1706.67
     237.000     0.999512       189927      2048.00
     242.000     0.999561       189936      2275.56
     247.000     0.999609       189947      2560.00
     257.000     0.999658       189955      2925.71
     283.000     0.999707       189964      3413.33
     368.000     0.999756       189974      4096.00
     486.000     0.999780       189978      4551.11
     645.000     0.999805       189982      5120.00
    1395.000     0.999829       189987      5851.43
    1666.000     0.999854       189992      6826.67
    1771.000     0.999878       189996      8192.00
    2095.000     0.999890       189999      9102.22
    2447.000     0.999902       190001     10240.00
    5811.000     0.999915       190003     11702.86
    6187.000     0.999927       190006     13653.33
    6607.000     0.999939       190008     16384.00
    6727.000     0.999945       190009     18204.44
    6787.000     0.999951       190010     20480.00
    6843.000     0.999957       190011     23405.71
   17407.000     0.999963       190013     27306.67
   18127.000     0.999969       190014     32768.00
   18127.000     0.999973       190014     36408.89
   18879.000     0.999976       190015     40960.00
   18879.000     0.999979       190015     46811.43
   19775.000     0.999982       190016     54613.33
   19871.000     0.999985       190017     65536.00
   19871.000     0.999986       190017     72817.78
   19871.000     0.999988       190017     81920.00
   19871.000     0.999989       190017     93622.86
   19903.000     0.999991       190018    109226.67
   19903.000     0.999992       190018    131072.00
   19903.000     0.999993       190018    145635.56
   19903.000     0.999994       190018    163840.00
   19903.000     0.999995       190018    187245.71
   21599.000     0.999995       190019    218453.33
   21599.000     1.000000       190019          inf
#[Mean    =      148.884, StdDeviation   =      134.724]
#[Max     =    21599.000, Total count    =       190019]
#[Buckets =            5, SubBuckets     =         2048]
