       Value   Percentile   TotalCount 1/(1-Percentile)

     112.000     0.000000            1         1.00
     628.000     0.100000       870814         1.11
     921.000     0.200000      1741420         1.25
    1272.000     0.300000      2611148         1.43
    1669.000     0.400000      3481798         1.67
    2055.000     0.500000      4350223         2.00
    2257.000     0.550000      4787147         2.22
    2485.000     0.600000      5221893         2.50
    2747.000     0.650000      5655681         2.86
    3047.000     0.700000      6089734         3.33
    3415.000     0.750000      6524343         4.00
    3647.000     0.775000      6743084         4.44
    3917.000     0.800000      6959923         5.00
    4247.000     0.825000      7178983         5.71
    4655.000     0.850000      7394717         6.67
    5191.000     0.875000      7612870         8.00
    5527.000     0.887500      7720531         8.89
    5927.000     0.900000      7830006        10.00
    6407.000     0.912500      7938436        11.43
    6995.000     0.925000      8046623        13.33
    7755.000     0.937500      8155605        16.00
    8231.000     0.943750      8210516        17.78
    8783.000     0.950000      8264564        20.00
    9463.000     0.956250      8318852        22.86
   10335.000     0.962500      8372933        26.67
   11551.000     0.968750      8427253        32.00
   12375.000     0.971875      8454562        35.56
   13391.000     0.975000      8481659        40.00
   14799.000     0.978125      8508836        45.71
   16911.000     0.981250      8535989        53.33
   20639.000     0.984375      8563174        64.00
   23631.000     0.985938      8576733        71.11
   27999.000     0.987500      8590296        80.00
   33727.000     0.989062      8603886        91.43
   40031.000     0.990625      8617538       106.67
   49311.000     0.992188      8631088       128.00
   55071.000     0.992969      8637868       142.22
   63551.000     0.993750      8644676       160.00
   73087.000     0.994531      8651460       182.86
   83583.000     0.995313      8658263       213.33
   96063.000     0.996094      8665058       256.00
  105407.000     0.996484      8668487       284.44
  115839.000     0.996875      8671863       320.00
  128767.000     0.997266      8675248       365.71
  142335.000     0.997656      8678667       426.67
  166271.000     0.998047      8682050       512.00
  176767.000     0.998242      8683753       568.89
  189695.000     0.998437      8685457       640.00
  209535.000     0.998633      8687146       731.43
  232959.000     0.998828      8688845       853.33
  248703.000     0.999023      8690535      1024.00
  263423.000     0.999121      8691385      1137.78
  282367.000     0.999219      8692237      1280.00
  300799.000     0.999316      8693085      1462.86
  325119.000     0.999414      8693936      1706.67
  353023.000     0.999512      8694792      2048.00
  364543.000     0.999561      8695221      2275.56
  382207.000     0.999609      8695639      2560.00
  402431.000     0.999658      8696059      2925.71
  425471.000     0.999707      8696484      3413.33
  463103.000     0.999756      8696907      4096.00
  483583.000     0.999780      8697119      4551.11
  525311.000     0.999805      8697335      5120.00
  545791.000     0.999829      8697554      5851.43
  562687.000     0.999854      8697760      6826.67
  604159.000     0.999878      8697976      8192.00
  629759.000     0.999890      8698086      9102.22
  644095.000     0.999902      8698192     10240.00
  677375.000     0.999915      8698299     11702.86
  689151.000     0.999927      8698397     13653.33
  698879.000     0.999939      8698504     16384.00
  728063.000     0.999945      8698554     18204.44
  738815.000     0.999951      8698610     20480.00
  753151.000     0.999957      8698662     23405.71
  760319.000     0.999963      8698728     27306.67
  763903.000     0.999969      8698778     32768.00
  807423.000     0.999973      8698792     36408.89
  809983.000     0.999976      8698818     40960.00
  846335.000     0.999979      8698846     46811.43
 1146879.000     0.999982      8698871     54613.33
 1171455.000     0.999985      8698898     65536.00
 1174527.000     0.999986      8698915     72817.78
 1175551.000     0.999988      8698936     81920.00
 1176575.000     0.999989      8698962     93622.86
 1176575.000     0.999991      8698962    109226.67
 1177599.000     0.999992      8698969    131072.00
 1179647.000     0.999993      8698975    145635.56
 1180671.000     0.999994      8698979    163840.00
 1184767.000     0.999995      8698985    187245.71
 1242111.000     0.999995      8698991    218453.33
 1248255.000     0.999996      8698999    262144.00
 1251327.000     0.999997      8699001    291271.11
 1253375.000     0.999997      8699010    327680.00
 1253375.000     0.999997      8699010    374491.43
 1254399.000     0.999998      8699020    436906.67
 1254399.000     0.999998      8699020    524288.00
 1254399.000     0.999998      8699020    582542.22
 1254399.000     0.999998      8699020    655360.00
 1254399.000     0.999999      8699020    748982.86
 1282047.000     0.999999      8699022    873813.33
 1282047.000     0.999999      8699022   1048576.00
 1284095.000     0.999999      8699024   1165084.44
 1284095.000     0.999999      8699024   1310720.00
 1285119.000     0.999999      8699025   1497965.71
 1286143.000     0.999999      8699028   1747626.67
 1286143.000     1.000000      8699028   2097152.00
 1286143.000     1.000000      8699028   2330168.89
 1286143.000     1.000000      8699028   2621440.00
 1286143.000     1.000000      8699028   2995931.43
 1286143.000     1.000000      8699028   3495253.33
 1286143.000     1.000000      8699028   4194304.00
 1287167.000     1.000000      8699029   4660337.78
 1287167.000     1.000000      8699029   5242880.00
 1287167.000     1.000000      8699029   5991862.86
 1287167.000     1.000000      8699029   6990506.67
 1287167.000     1.000000      8699029   8388608.00
 1290239.000     1.000000      8699030   9320675.55
 1290239.000     1.000000      8699030          inf
#[Mean    =     4017.224, StdDeviation   =    17054.381]
#[Max     =  1290239.000, Total count    =      8699030]
#[Buckets =           11, SubBuckets     =         2048]
