       Value   Percentile   TotalCount 1/(1-Percentile)

     112.000     0.000000            1         1.00
    1750.000     0.100000       513240         1.11
    2645.000     0.200000      1025759         1.25
    3853.000     0.300000      1538576         1.43
    6175.000     0.400000      2050838         1.67
   10151.000     0.500000      2564181         2.00
   12471.000     0.550000      2820270         2.22
   15015.000     0.600000      3076814         2.50
   17855.000     0.650000      3333178         2.86
   20927.000     0.700000      3590167         3.33
   23647.000     0.750000      3845695         4.00
   24895.000     0.775000      3974912         4.44
   26095.000     0.800000      4102519         5.00
   27343.000     0.825000      4231158         5.71
   28687.000     0.850000      4358722         6.67
   30303.000     0.875000      4487088         8.00
   31279.000     0.887500      4551076         8.89
   32463.000     0.900000      4614514        10.00
   33983.000     0.912500      4678316        11.43
   35839.000     0.925000      4743113        13.33
   37695.000     0.937500      4806970        16.00
   38591.000     0.943750      4839608        17.78
   39455.000     0.950000      4870747        20.00
   40351.000     0.956250      4903034        22.86
   41311.000     0.962500      4935299        26.67
   42303.000     0.968750      4966698        32.00
   42847.000     0.971875      4983020        35.56
   43423.000     0.975000      4999511        40.00
   43999.000     0.978125      5015198        45.71
   44607.000     0.981250      5031205        53.33
   45279.000     0.984375      5047333        64.00
   45631.000     0.985938      5055297        71.11
   46015.000     0.987500      5063266        80.00
   46431.000     0.989062      5071320        91.43
   46879.000     0.990625      5079092       106.67
   47423.000     0.992188      5087244       128.00
   47711.000     0.992969      5091123       142.22
   47999.000     0.993750      5094877       160.00
   48351.000     0.994531      5098944       182.86
   48767.000     0.995313      5102988       213.33
   49247.000     0.996094      5106913       256.00
   49535.000     0.996484      5108928       284.44
   49887.000     0.996875      5111013       320.00
   50271.000     0.997266      5112989       365.71
   50751.000     0.997656      5114882       426.67
   51423.000     0.998047      5116979       512.00
   51807.000     0.998242      5117930       568.89
   52351.000     0.998437      5118902       640.00
   53215.000     0.998633      5119903       731.43
   54623.000     0.998828      5120903       853.33
   57279.000     0.999023      5121896      1024.00
   59039.000     0.999121      5122402      1137.78
   60927.000     0.999219      5122899      1280.00
   62623.000     0.999316      5123398      1462.86
   64671.000     0.999414      5123903      1706.67
   66687.000     0.999512      5124401      2048.00
   67839.000     0.999561      5124645      2275.56
   69311.000     0.999609      5124896      2560.00
   71103.000     0.999658      5125150      2925.71
   72767.000     0.999707      5125397      3413.33
   74495.000     0.999756      5125649      4096.00
   76031.000     0.999780      5125776      4551.11
   77503.000     0.999805      5125900      5120.00
   78911.000     0.999829      5126023      5851.43
   81151.000     0.999854      5126147      6826.67
   83391.000     0.999878      5126275      8192.00
   84415.000     0.999890      5126338      9102.22
   85631.000     0.999902      5126401     10240.00
   86719.000     0.999915      5126461     11702.86
   87807.000     0.999927      5126526     13653.33
   88511.000     0.999939      5126588     16384.00
   88895.000     0.999945      5126621     18204.44
   89535.000     0.999951      5126649     20480.00
   90303.000     0.999957      5126679     23405.71
   91711.000     0.999963      5126713     27306.67
   93119.000     0.999969      5126742     32768.00
   94143.000     0.999973      5126758     36408.89
   94719.000     0.999976      5126773     40960.00
   96319.000     0.999979      5126789     46811.43
   96831.000     0.999982      5126805     54613.33
   97727.000     0.999985      5126823     65536.00
   97855.000     0.999986      5126832     72817.78
   98431.000     0.999988      5126836     81920.00
  100095.000     0.999989      5126844     93622.86
  101439.000     0.999991      5126852    109226.67
  102015.000     0.999992      5126860    131072.00
  102207.000     0.999993      5126864    145635.56
  102783.000     0.999994      5126868    163840.00
  103359.000     0.999995      5126871    187245.71
  104255.000     0.999995      5126875    218453.33
  105215.000     0.999996      5126879    262144.00
  105919.000     0.999997      5126882    291271.11
  105983.000     0.999997      5126883    327680.00
  106559.000     0.999997      5126885    374491.43
  106623.000     0.999998      5126887    436906.67
  107263.000     0.999998      5126889    524288.00
  107391.000     0.999998      5126890    582542.22
  108031.000     0.999998      5126891    655360.00
  108287.000     0.999999      5126892    748982.86
  108479.000     0.999999      5126893    873813.33
  108543.000     0.999999      5126894   1048576.00
  108543.000     0.999999      5126894   1165084.44
  109055.000     0.999999      5126896   1310720.00
  109055.000     0.999999      5126896   1497965.71
  109055.000     0.999999      5126896   1747626.67
  109055.000     1.000000      5126896   2097152.00
  109055.000     1.000000      5126896   2330168.89
  109311.000     1.000000      5126898   2621440.00
  109311.000     1.000000      5126898          inf
#[Mean    =    14243.238, StdDeviation   =    12625.319]
#[Max     =   109311.000, Total count    =      5126898]
#[Buckets =            7, SubBuckets     =         2048]
