       Value   Percentile   TotalCount 1/(1-Percentile)

      58.000     0.000000            1         1.00
     187.000     0.100000       514236         1.11
     255.000     0.200000      1023210         1.25
     346.000     0.300000      1535271         1.43
     511.000     0.400000      2047666         1.67
     999.000     0.500000      2558278         2.00
    1681.000     0.550000      2813776         2.22
    2753.000     0.600000      3069602         2.50
    4187.000     0.650000      3325606         2.86
    7031.000     0.700000      3581003         3.33
   12439.000     0.750000      3836841         4.00
   16623.000     0.775000      3964650         4.44
   22479.000     0.800000      4092543         5.00
   27327.000     0.825000      4220598         5.71
   31807.000     0.850000      4348547         6.67
   36895.000     0.875000      4476642         8.00
   39903.000     0.887500      4540631         8.89
   42559.000     0.900000      4604461        10.00
   44959.000     0.912500      4668337        11.43
   47327.000     0.925000      4732312        13.33
   50047.000     0.937500      4795995        16.00
   51839.000     0.943750      4828179        17.78
   54399.000     0.950000      4859703        20.00
   60127.000     0.956250      4891749        22.86
   79871.000     0.962500      4923674        26.67
  116607.000     0.968750      4955685        32.00
  122239.000     0.971875      4971797        35.56
  126015.000     0.975000      4987613        40.00
  129471.000     0.978125      5003749        45.71
  132479.000     0.981250      5019938        53.33
  136063.000     0.984375      5035889        64.00
  137983.000     0.985938      5043710        71.11
  140159.000     0.987500      5051630        80.00
  142591.000     0.989062      5059578        91.43
  145919.000     0.990625      5067596       106.67
  151551.000     0.992188      5075563       128.00
  155263.000     0.992969      5079496       142.22
  159999.000     0.993750      5083584       160.00
  164735.000     0.994531      5087535       182.86
  169343.000     0.995313      5091594       213.33
  173311.000     0.996094      5095601       256.00
  175231.000     0.996484      5097573       284.44
  177023.000     0.996875      5099515       320.00
  179071.000     0.997266      5101551       365.71
  181247.000     0.997656      5103565       426.67
  183807.000     0.998047      5105537       512.00
  185343.000     0.998242      5106547       568.89
  187007.000     0.998437      5107527       640.00
  188927.000     0.998633      5108529       731.43
  190975.000     0.998828      5109507       853.33
  193535.000     0.999023      5110476      1024.00
  195199.000     0.999121      5110976      1137.78
  196991.000     0.999219      5111498      1280.00
  198911.000     0.999316      5111973      1462.86
  201727.000     0.999414      5112476      1706.67
  205439.000     0.999512      5112964      2048.00
  207231.000     0.999561      5113221      2275.56
  209023.000     0.999609      5113468      2560.00
  210943.000     0.999658      5113722      2925.71
  213631.000     0.999707      5113963      3413.33
  216319.000     0.999756      5114214      4096.00
  217727.000     0.999780      5114342      4551.11
  219263.000     0.999805      5114466      5120.00
  221311.000     0.999829      5114592      5851.43
  222847.000     0.999854      5114718      6826.67
  224767.000     0.999878      5114845      8192.00
  225791.000     0.999890      5114905      9102.22
  227711.000     0.999902      5114963     10240.00
  229887.000     0.999915      5115028     11702.86
  232063.000     0.999927      5115089     13653.33
  234111.000     0.999939      5115149     16384.00
  235647.000     0.999945      5115184     18204.44
  236799.000     0.999951      5115215     20480.00
  238463.000     0.999957      5115245     23405.71
  240255.000     0.999963      5115277     27306.67
  242175.000     0.999969      5115306     32768.00
  243327.000     0.999973      5115321     36408.89
  245375.000     0.999976      5115339     40960.00
  246271.000     0.999979      5115352     46811.43
  248191.000     0.999982      5115370     54613.33
  250367.000     0.999985      5115383     65536.00
  251519.000     0.999986      5115391     72817.78
  252543.000     0.999988      5115399     81920.00
  256511.000     0.999989      5115407     93622.86
  259199.000     0.999991      5115415    109226.67
  260607.000     0.999992      5115423    131072.00
  261247.000     0.999993      5115426    145635.56
  263935.000     0.999994      5115431    163840.00
  264703.000     0.999995      5115434    187245.71
  267775.000     0.999995      5115438    218453.33
  268543.000     0.999996      5115442    262144.00
  269055.000     0.999997      5115444    291271.11
  270847.000     0.999997      5115446    327680.00
  271615.000     0.999997      5115448    374491.43
  273407.000     0.999998      5115450    436906.67
  275967.000     0.999998      5115452    524288.00
  276479.000     0.999998      5115453    582542.22
  277247.000     0.999998      5115454    655360.00
  277503.000     0.999999      5115455    748982.86
  279807.000     0.999999      5115456    873813.33
  280319.000     0.999999      5115457   1048576.00
  280319.000     0.999999      5115457   1165084.44
  280831.000     0.999999      5115458   1310720.00
  280831.000     0.999999      5115458   1497965.71
  281087.000     0.999999      5115459   1747626.67
  281087.000     1.000000      5115459   2097152.00
  281087.000     1.000000      5115459   2330168.89
  281599.000     1.000000      5115460   2621440.00
  281599.000     1.000000      5115460   2995931.43
  281599.000     1.000000      5115460   3495253.33
  281599.000     1.000000      5115460   4194304.00
  281599.000     1.000000      5115460   4660337.78
  281855.000     1.000000      5115461   5242880.00
  281855.000     1.000000      5115461          inf
#[Mean    =    13592.555, StdDeviation   =    28712.510]
#[Max     =   281855.000, Total count    =      5115461]
#[Buckets =            9, SubBuckets     =         2048]
