       Value   Percentile   TotalCount 1/(1-Percentile)

      70.000     0.000000            1         1.00
     103.000     0.100000       148051         1.11
     109.000     0.200000       292928         1.25
     114.000     0.300000       470116         1.43
     117.000     0.400000       588054         1.67
     121.000     0.500000       743918         2.00
     123.000     0.550000       815816         2.22
     125.000     0.600000       881816         2.50
     128.000     0.650000       969015         2.86
     131.000     0.700000      1043624         3.33
     134.000     0.750000      1106747         4.00
     136.000     0.775000      1143139         4.44
     138.000     0.800000      1175382         5.00
     140.000     0.825000      1204372         5.71
     143.000     0.850000      1241835         6.67
     147.000     0.875000      1283694         8.00
     149.000     0.887500      1301418         8.89
     151.000     0.900000      1317155        10.00
     154.000     0.912500      1337753        11.43
     156.000     0.925000      1349746        13.33
     160.000     0.937500      1369779        16.00
     162.000     0.943750      1378304        17.78
     165.000     0.950000      1389343        20.00
     167.000     0.956250      1395679        22.86
     171.000     0.962500      1406432        26.67
     175.000     0.968750      1415278        32.00
     177.000     0.971875      1418994        35.56
     180.000     0.975000      1423958        40.00
     183.000     0.978125      1428234        45.71
     186.000     0.981250      1431892        53.33
     191.000     0.984375      1437088        64.00
     193.000     0.985938      1438883        71.11
     196.000     0.987500      1441405        80.00
     199.000     0.989062      1443661        91.43
     202.000     0.990625      1445745       106.67
     205.000     0.992188      1447633       128.00
     207.000     0.992969      1448801       142.22
     210.000     0.993750      1450284       160.00
     212.000     0.994531      1451164       182.86
     215.000     0.995313      1452275       213.33
     219.000     0.996094      1453540       256.00
     221.000     0.996484      1454058       284.44
     223.000     0.996875      1454560       320.00
     225.000     0.997266      1454992       365.71
     228.000     0.997656      1455562       426.67
     232.000     0.998047      1456192       512.00
     234.000     0.998242      1456458       568.89
     236.000     0.998437      1456701       640.00
     239.000     0.998633      1456994       731.43
     243.000     0.998828      1457329       853.33
     247.000     0.999023      1457606      1024.00
     249.000     0.999121      1457725      1137.78
     252.000     0.999219      1457855      1280.00
     255.000     0.999316      1457990      1462.86
     259.000     0.999414      1458137      1706.67
     264.000     0.999512      1458271      2048.00
     267.000     0.999561      1458335      2275.56
     271.000     0.999609      1458416      2560.00
     276.000     0.999658      1458482      2925.71
     282.000     0.999707      1458551      3413.33
     290.000     0.999756      1458618      4096.00
     295.000     0.999780      1458655      4551.11
     303.000     0.999805      1458694      5120.00
     311.000     0.999829      1458725      5851.43
     327.000     0.999854      1458762      6826.67
     342.000     0.999878      1458796      8192.00
     353.000     0.999890      1458814      9102.22
     366.000     0.999902      1458832     10240.00
     393.000     0.999915      1458851     11702.86
     412.000     0.999927      1458868     13653.33
     435.000     0.999939      1458885     16384.00
     455.000     0.999945      1458895     18204.44
     468.000     0.999951      1458903     20480.00
     490.000     0.999957      1458912     23405.71
     516.000     0.999963      1458921     27306.67
     557.000     0.999969      1458930     32768.00
     572.000     0.999973      1458934     36408.89
     653.000     0.999976      1458939     40960.00
     738.000     0.999979      1458943     46811.43
     913.000     0.999982      1458948     54613.33
    1268.000     0.999985      1458952     65536.00
    1410.000     0.999986      1458954     72817.78
    1467.000     0.999988      1458957     81920.00
    1607.000     0.999989      1458959     93622.86
    1672.000     0.999991      1458961    109226.67
    1727.000     0.999992      1458963    131072.00
    1762.000     0.999993      1458964    145635.56
    1826.000     0.999994      1458966    163840.00
    1850.000     0.999995      1458967    187245.71
    1863.000     0.999995      1458968    218453.33
    1870.000     0.999996      1458969    262144.00
    1870.000     0.999997      1458969    291271.11
    1906.000     0.999997      1458970    327680.00
    1927.000     0.999997      1458971    374491.43
    1927.000     0.999998      1458971    436906.67
    2273.000     0.999998      1458972    524288.00
    2273.000     0.999998      1458972    582542.22
    2273.000     0.999998      1458972    655360.00
    2275.000     0.999999      1458973    748982.86
    2275.000     0.999999      1458973    873813.33
    2275.000     0.999999      1458973   1048576.00
    2275.000     0.999999      1458973   1165084.44
    2275.000     0.999999      1458973   1310720.00
    3249.000     0.999999      1458974   1497965.71
    3249.000     1.000000      1458974          inf
#[Mean    =      125.070, StdDeviation   =       22.583]
#[Max     =     3249.000, Total count    =      1458974]
#[Buckets =            2, SubBuckets     =         2048]
