       Value   Percentile   TotalCount 1/(1-Percentile)

      51.000     0.000000            2         1.00
     326.000     0.100000       930215         1.11
     442.000     0.200000      1860402         1.25
     552.000     0.300000      2784233         1.43
     667.000     0.400000      3708703         1.67
     797.000     0.500000      4635479         2.00
     873.000     0.550000      5099966         2.22
     961.000     0.600000      5567159         2.50
    1065.000     0.650000      6027367         2.86
    1197.000     0.700000      6489444         3.33
    1378.000     0.750000      6954162         4.00
    1498.000     0.775000      7184952         4.44
    1651.000     0.800000      7417078         5.00
    1853.000     0.825000      7648685         5.71
    2139.000     0.850000      7880295         6.67
    2581.000     0.875000      8112266         8.00
    2901.000     0.887500      8228086         8.89
    3315.000     0.900000      8343715        10.00
    3839.000     0.912500      8459375        11.43
    4475.000     0.925000      8575490        13.33
    5215.000     0.937500      8691575        16.00
    5635.000     0.943750      8749186        17.78
    6119.000     0.950000      8807288        20.00
    6691.000     0.956250      8865158        22.86
    7419.000     0.962500      8922945        26.67
    8439.000     0.968750      8980952        32.00
    9127.000     0.971875      9009945        35.56
    9951.000     0.975000      9038966        40.00
   10903.000     0.978125      9067831        45.71
   11983.000     0.981250      9096667        53.33
   13303.000     0.984375      9125742        64.00
   14079.000     0.985938      9140169        71.11
   14967.000     0.987500      9154636        80.00
   15967.000     0.989062      9169204        91.43
   17183.000     0.990625      9183679       106.67
   18687.000     0.992188      9198156       128.00
   19583.000     0.992969      9205367       142.22
   20591.000     0.993750      9212594       160.00
   21711.000     0.994531      9219883       182.86
   22911.000     0.995313      9227035       213.33
   24255.000     0.996094      9234327       256.00
   24959.000     0.996484      9237887       284.44
   25727.000     0.996875      9241533       320.00
   26543.000     0.997266      9245167       365.71
   27471.000     0.997656      9248753       426.67
   28639.000     0.998047      9252385       512.00
   29327.000     0.998242      9254198       568.89
   30159.000     0.998437      9256035       640.00
   31167.000     0.998633      9257813       731.43
   32479.000     0.998828      9259623       853.33
   34303.000     0.999023      9261424      1024.00
   35519.000     0.999121      9262345      1137.78
   36991.000     0.999219      9263249      1280.00
   38815.000     0.999316      9264148      1462.86
   40959.000     0.999414      9265052      1706.67
   43871.000     0.999512      9265954      2048.00
   45503.000     0.999561      9266411      2275.56
   47327.000     0.999609      9266855      2560.00
   49215.000     0.999658      9267315      2925.71
   51135.000     0.999707      9267761      3413.33
   54175.000     0.999756      9268214      4096.00
   55807.000     0.999780      9268442      4551.11
   57727.000     0.999805      9268667      5120.00
   59711.000     0.999829      9268892      5851.43
   61407.000     0.999854      9269120      6826.67
   63007.000     0.999878      9269347      8192.00
   64095.000     0.999890      9269460      9102.22
   65311.000     0.999902      9269571     10240.00
   66815.000     0.999915      9269685     11702.86
   68287.000     0.999927      9269802     13653.33
   69887.000     0.999939      9269914     16384.00
   70591.000     0.999945      9269968     18204.44
   71487.000     0.999951      9270025     20480.00
   72511.000     0.999957      9270080     23405.71
   74559.000     0.999963      9270137     27306.67
   76287.000     0.999969      9270194     32768.00
   77183.000     0.999973      9270226     36408.89
   77951.000     0.999976      9270250     40960.00
   78911.000     0.999979      9270279     46811.43
   79743.000     0.999982      9270307     54613.33
   80767.000     0.999985      9270336     65536.00
   81535.000     0.999986      9270350     72817.78
   81919.000     0.999988      9270364     81920.00
   82495.000     0.999989      9270380     93622.86
   82943.000     0.999991      9270394    109226.67
   83391.000     0.999992      9270408    131072.00
   83583.000     0.999993      9270414    145635.56
   83839.000     0.999994      9270421    163840.00
   84223.000     0.999995      9270427    187245.71
   84607.000     0.999995      9270434    218453.33
   85055.000     0.999996      9270441    262144.00
   85375.000     0.999997      9270445    291271.11
   85631.000     0.999997      9270448    327680.00
   86015.000     0.999997      9270452    374491.43
   86143.000     0.999998      9270455    436906.67
   86271.000     0.999998      9270459    524288.00
   86527.000     0.999998      9270462    582542.22
   86527.000     0.999998      9270462    655360.00
   86655.000     0.999999      9270465    748982.86
   86719.000     0.999999      9270466    873813.33
   86783.000     0.999999      9270468   1048576.00
   86847.000     0.999999      9270469   1165084.44
   86847.000     0.999999      9270469   1310720.00
   86975.000     0.999999      9270470   1497965.71
   87103.000     0.999999      9270472   1747626.67
   87103.000     1.000000      9270472   2097152.00
   87231.000     1.000000      9270473   2330168.89
   87231.000     1.000000      9270473   2621440.00
   87231.000     1.000000      9270473   2995931.43
   87359.000     1.000000      9270475   3495253.33
   87359.000     1.000000      9270475   4194304.00
   87359.000     1.000000      9270475   4660337.78
   87359.000     1.000000      9270475   5242880.00
   87359.000     1.000000      9270475   5991862.86
   87359.000     1.000000      9270475   6990506.67
   87359.000     1.000000      9270475   8388608.00
   87423.000     1.000000      9270476   9320675.55
   87423.000     1.000000      9270476          inf
#[Mean    =     1663.960, StdDeviation   =     3222.816]
#[Max     =    87423.000, Total count    =      9270476]
#[Buckets =            7, SubBuckets     =         2048]
