       Value   Percentile   TotalCount 1/(1-Percentile)

      54.000     0.000000            1         1.00
     175.000     0.100000       659196         1.11
     249.000     0.200000      1319166         1.25
     347.000     0.300000      1975886         1.43
     513.000     0.400000      2634742         1.67
     886.000     0.500000      3290628         2.00
    1247.000     0.550000      3619096         2.22
    1836.000     0.600000      3947910         2.50
    2753.000     0.650000      4277231         2.86
    4001.000     0.700000      4606009         3.33
    6043.000     0.750000      4934980         4.00
    7503.000     0.775000      5099228         4.44
    9175.000     0.800000      5264283         5.00
   11543.000     0.825000      5428445         5.71
   17279.000     0.850000      5592713         6.67
   30815.000     0.875000      5757267         8.00
   42623.000     0.900000      5921856        10.00
   49343.000     0.912500      6004168        11.43
   57439.000     0.925000      6086223        13.33
   70399.000     0.937500      6168512        16.00
   73727.000     0.943750      6210069        17.78
   76287.000     0.950000      6251088        20.00
   78591.000     0.956250      6292027        22.86
   81279.000     0.962500      6333171        26.67
   84095.000     0.968750      6374521        32.00
   86015.000     0.971875      6394814        35.56
   88319.000     0.975000      6415586        40.00
   90623.000     0.978125      6436015        45.71
   93311.000     0.981250      6456313        53.33
   96191.000     0.984375      6476896        64.00
   99327.000     0.987500      6497341        80.00
  101247.000     0.989063      6507854        91.43
  103039.000     0.990625      6518046       106.67
  105087.000     0.992188      6528318       128.00
  107775.000     0.993750      6538598       160.00
  109631.000     0.994531      6543583       182.86
  111935.000     0.995313      6548824       213.33
  114751.000     0.996094      6553863       256.00
  116607.000     0.996484      6556433       284.44
  118463.000     0.996875      6559028       320.00
  120575.000     0.997266      6561569       365.71
  122879.000     0.997656      6564144       426.67
  125503.000     0.998047      6566715       512.00
  126975.000     0.998242      6568021       568.89
  128511.000     0.998437      6569288       640.00
  130431.000     0.998633      6570560       731.43
  132351.000     0.998828      6571856       853.33
  134399.000     0.999023      6573167      1024.00
  135551.000     0.999121      6573780      1137.78
  136959.000     0.999219      6574474      1280.00
  138111.000     0.999316      6575063      1462.86
  139519.000     0.999414      6575724      1706.67
  141439.000     0.999512      6576351      2048.00
  142591.000     0.999561      6576689      2275.56
  143871.000     0.999609      6577013      2560.00
  145151.000     0.999658      6577328      2925.71
  146303.000     0.999707      6577627      3413.33
  148479.000     0.999756      6577949      4096.00
  151551.000     0.999805      6578275      5120.00
  153087.000     0.999829      6578436      5851.43
  155135.000     0.999854      6578598      6826.67
  158079.000     0.999878      6578752      8192.00
  160895.000     0.999902      6578912     10240.00
  162815.000     0.999915      6578994     11702.86
  164863.000     0.999927      6579074     13653.33
  167167.000     0.999939      6579152     16384.00
  169087.000     0.999951      6579236     20480.00
  169983.000     0.999957      6579277     23405.71
  170879.000     0.999963      6579316     27306.67
  171903.000     0.999969      6579357     32768.00
  172287.000     0.999973      6579375     36408.89
  172927.000     0.999976      6579393     40960.00
  173439.000     0.999979      6579413     46811.43
  174207.000     0.999982      6579434     54613.33
  174975.000     0.999985      6579452     65536.00
  175231.000     0.999986      6579464     72817.78
  175615.000     0.999988      6579473     81920.00
  176383.000     0.999989      6579483     93622.86
  177151.000     0.999991      6579493    109226.67
  178175.000     0.999992      6579502    131072.00
  178687.000     0.999993      6579507    145635.56
  179839.000     0.999994      6579512    163840.00
  180479.000     0.999995      6579517    187245.71
  181247.000     0.999995      6579522    218453.33
  184447.000     0.999996      6579527    262144.00
  190463.000     0.999997      6579531    291271.11
  190591.000     0.999997      6579534    327680.00
  190719.000     0.999997      6579535    374491.43
  194687.000     0.999998      6579537    436906.67
  196223.000     0.999998      6579541    524288.00
  196223.000     0.999998      6579541    582542.22
  196479.000     0.999998      6579542    655360.00
  196991.000     0.999999      6579544    748982.86
  197119.000     0.999999      6579545    873813.33
  197375.000     0.999999      6579547   1048576.00
  197375.000     0.999999      6579547   1165084.44
  197375.000     0.999999      6579547   1310720.00
  197503.000     0.999999      6579549   1497965.71
  197503.000     0.999999      6579549   1747626.67
  197503.000     1.000000      6579549   2097152.00
  197631.000     1.000000      6579550   2330168.89
  197631.000     1.000000      6579550   2621440.00
  197631.000     1.000000      6579550   2995931.43
  197759.000     1.000000      6579551   3495253.33
  197759.000     1.000000      6579551   4194304.00
  197759.000     1.000000      6579551   4660337.78
  197759.000     1.000000      6579551   5242880.00
  197759.000     1.000000      6579551   5991862.86
  198015.000     1.000000      6579552   6990506.67
  198015.000     1.000000      6579552          inf
#[Mean    =    10895.411, StdDeviation   =    23665.235]
#[Max     =   198015.000, Total count    =      6579552]
#[Buckets =            8, SubBuckets     =         2048]
