       Value   Percentile   TotalCount 1/(1-Percentile)

      67.000     0.000000            1         1.00
     115.000     0.100000       120592         1.11
     125.000     0.200000       239650         1.25
     134.000     0.300000       371434         1.43
     141.000     0.400000       482769         1.67
     148.000     0.500000       595496         2.00
     152.000     0.550000       657418         2.22
     156.000     0.600000       715871         2.50
     161.000     0.650000       783401         2.86
     165.000     0.700000       831987         3.33
     171.000     0.750000       895135         4.00
     174.000     0.775000       922557         4.44
     178.000     0.800000       954975         5.00
     182.000     0.825000       983111         5.71
     187.000     0.850000      1013395         6.67
     193.000     0.875000      1042847         8.00
     196.000     0.887500      1055537         8.89
     200.000     0.900000      1070471        10.00
     205.000     0.912500      1086113        11.43
     210.000     0.925000      1099210        13.33
     217.000     0.937500      1113840        16.00
     221.000     0.943750      1120641        17.78
     227.000     0.950000      1128991        20.00
     233.000     0.956250      1135545        22.86
     242.000     0.962500      1143015        26.67
     255.000     0.968750      1150436        32.00
     264.000     0.971875      1153829        35.56
     277.000     0.975000      1157705        40.00
     295.000     0.978125      1161395        45.71
     319.000     0.981250      1164922        53.33
     362.000     0.984375      1168668        64.00
     402.000     0.985938      1170487        71.11
     450.000     0.987500      1172369        80.00
     490.000     0.989062      1174211        91.43
     523.000     0.990625      1176073       106.67
     556.000     0.992188      1177955       128.00
     574.000     0.992969      1178837       142.22
     597.000     0.993750      1179784       160.00
     625.000     0.994531      1180705       182.86
     659.000     0.995313      1181639       213.33
     697.000     0.996094      1182548       256.00
     720.000     0.996484      1183030       284.44
     742.000     0.996875      1183487       320.00
     765.000     0.997266      1183943       365.71
     791.000     0.997656      1184406       426.67
     827.000     0.998047      1184871       512.00
     851.000     0.998242      1185096       568.89
     878.000     0.998437      1185331       640.00
     909.000     0.998633      1185557       731.43
     940.000     0.998828      1185790       853.33
     975.000     0.999023      1186026      1024.00
     999.000     0.999121      1186139      1137.78
    1020.000     0.999219      1186256      1280.00
    1047.000     0.999316      1186371      1462.86
    1076.000     0.999414      1186487      1706.67
    1111.000     0.999512      1186602      2048.00
    1132.000     0.999561      1186662      2275.56
    1151.000     0.999609      1186720      2560.00
    1176.000     0.999658      1186776      2925.71
    1203.000     0.999707      1186833      3413.33
    1240.000     0.999756      1186894      4096.00
    1261.000     0.999780      1186920      4551.11
    1282.000     0.999805      1186951      5120.00
    1307.000     0.999829      1186978      5851.43
    1332.000     0.999854      1187008      6826.67
    1370.000     0.999878      1187037      8192.00
    1387.000     0.999890      1187050      9102.22
    1404.000     0.999902      1187065     10240.00
    1422.000     0.999915      1187079     11702.86
    1454.000     0.999927      1187094     13653.33
    1482.000     0.999939      1187108     16384.00
    1500.000     0.999945      1187115     18204.44
    1525.000     0.999951      1187124     20480.00
    1542.000     0.999957      1187130     23405.71
    1563.000     0.999963      1187137     27306.67
    1578.000     0.999969      1187144     32768.00
    1591.000     0.999973      1187148     36408.89
    1607.000     0.999976      1187152     40960.00
    1616.000     0.999979      1187155     46811.43
    1657.000     0.999982      1187159     54613.33
    1693.000     0.999985      1187162     65536.00
    1711.000     0.999986      1187164     72817.78
    1731.000     0.999988      1187166     81920.00
    1817.000     0.999989      1187168     93622.86
    1830.000     0.999991      1187170    109226.67
    1837.000     0.999992      1187171    131072.00
    1851.000     0.999993      1187172    145635.56
    1858.000     0.999994      1187173    163840.00
    1859.000     0.999995      1187174    187245.71
    1879.000     0.999995      1187175    218453.33
    1917.000     0.999996      1187176    262144.00
    1917.000     0.999997      1187176    291271.11
    1919.000     0.999997      1187177    327680.00
    1919.000     0.999997      1187177    374491.43
    1980.000     0.999998      1187178    436906.67
    1980.000     0.999998      1187178    524288.00
    1980.000     0.999998      1187178    582542.22
    2215.000     0.999998      1187179    655360.00
    2215.000     0.999999      1187179    748982.86
    2215.000     0.999999      1187179    873813.33
    2215.000     0.999999      1187179   1048576.00
    2215.000     0.999999      1187179   1165084.44
    3591.000     0.999999      1187180   1310720.00
    3591.000     1.000000      1187180          inf
#[Mean    =      160.152, StdDeviation   =       71.151]
#[Max     =     3591.000, Total count    =      1187180]
#[Buckets =            2, SubBuckets     =         2048]
