       Value   Percentile   TotalCount 1/(1-Percentile)

      69.000     0.000000            1         1.00
     115.000     0.100000       116359         1.11
     125.000     0.200000       233262         1.25
     134.000     0.300000       358873         1.43
     142.000     0.400000       474337         1.67
     150.000     0.500000       585007         2.00
     154.000     0.550000       636212         2.22
     159.000     0.600000       695410         2.50
     164.000     0.650000       749046         2.86
     170.000     0.700000       806209         3.33
     177.000     0.750000       863811         4.00
     181.000     0.775000       892407         4.44
     186.000     0.800000       924422         5.00
     191.000     0.825000       952410         5.71
     197.000     0.850000       981303         6.67
     204.000     0.875000      1009135         8.00
     208.000     0.887500      1022391         8.89
     213.000     0.900000      1037168        10.00
     219.000     0.912500      1052167        11.43
     225.000     0.925000      1064804        13.33
     234.000     0.937500      1079725        16.00
     239.000     0.943750      1086574        17.78
     246.000     0.950000      1094449        20.00
     253.000     0.956250      1100751        22.86
     263.000     0.962500      1108003        26.67
     277.000     0.968750      1115279        32.00
     286.000     0.971875      1118790        35.56
     298.000     0.975000      1122374        40.00
     315.000     0.978125      1125968        45.71
     342.000     0.981250      1129519        53.33
     398.000     0.984375      1133048        64.00
     445.000     0.985938      1134852        71.11
     488.000     0.987500      1136681        80.00
     524.000     0.989062      1138462        91.43
     558.000     0.990625      1140300       106.67
     594.000     0.992188      1142042       128.00
     617.000     0.992969      1142961       142.22
     648.000     0.993750      1143874       160.00
     680.000     0.994531      1144746       182.86
     716.000     0.995313      1145639       213.33
     754.000     0.996094      1146548       256.00
     776.000     0.996484      1147000       284.44
     798.000     0.996875      1147447       320.00
     825.000     0.997266      1147888       365.71
     858.000     0.997656      1148341       426.67
     898.000     0.998047      1148787       512.00
     921.000     0.998242      1149011       568.89
     943.000     0.998437      1149237       640.00
     969.000     0.998633      1149466       731.43
     996.000     0.998828      1149690       853.33
    1030.000     0.999023      1149909      1024.00
    1052.000     0.999121      1150025      1137.78
    1073.000     0.999219      1150135      1280.00
    1098.000     0.999316      1150248      1462.86
    1122.000     0.999414      1150359      1706.67
    1147.000     0.999512      1150472      2048.00
    1160.000     0.999561      1150527      2275.56
    1175.000     0.999609      1150585      2560.00
    1196.000     0.999658      1150639      2925.71
    1227.000     0.999707      1150697      3413.33
    1258.000     0.999756      1150751      4096.00
    1279.000     0.999780      1150780      4551.11
    1299.000     0.999805      1150808      5120.00
    1326.000     0.999829      1150836      5851.43
    1359.000     0.999854      1150864      6826.67
    1391.000     0.999878      1150892      8192.00
    1423.000     0.999890      1150906      9102.22
    1446.000     0.999902      1150920     10240.00
    1478.000     0.999915      1150936     11702.86
    1506.000     0.999927      1150948     13653.33
    1541.000     0.999939      1150962     16384.00
    1555.000     0.999945      1150969     18204.44
    1575.000     0.999951      1150976     20480.00
    1588.000     0.999957      1150983     23405.71
    1615.000     0.999963      1150991     27306.67
    1643.000     0.999969      1150997     32768.00
    1651.000     0.999973      1151001     36408.89
    1679.000     0.999976      1151004     40960.00
    1723.000     0.999979      1151008     46811.43
    1754.000     0.999982      1151011     54613.33
    1813.000     0.999985      1151015     65536.00
    1839.000     0.999986      1151017     72817.78
    1860.000     0.999988      1151018     81920.00
    1888.000     0.999989      1151021     93622.86
    1892.000     0.999991      1151022    109226.67
    1900.000     0.999992      1151024    131072.00
    1903.000     0.999993      1151025    145635.56
    1903.000     0.999994      1151025    163840.00
    1918.000     0.999995      1151026    187245.71
    1936.000     0.999995      1151027    218453.33
    1953.000     0.999996      1151028    262144.00
    3673.000     0.999997      1151029    291271.11
    3673.000     0.999997      1151029    327680.00
    3673.000     0.999997      1151029    374491.43
    3749.000     0.999998      1151030    436906.67
    3749.000     0.999998      1151030    524288.00
    3785.000     0.999998      1151031    582542.22
    3785.000     0.999998      1151031    655360.00
    3785.000     0.999999      1151031    748982.86
    3785.000     0.999999      1151031    873813.33
    3785.000     0.999999      1151031   1048576.00
    3821.000     0.999999      1151032   1165084.44
    3821.000     1.000000      1151032          inf
#[Mean    =      164.825, StdDeviation   =       78.175]
#[Max     =     3821.000, Total count    =      1151032]
#[Buckets =            2, SubBuckets     =         2048]
