       Value   Percentile   TotalCount 1/(1-Percentile)

      51.000     0.000000            1         1.00
     507.000     0.100000      1119146         1.11
     734.000     0.200000      2239421         1.25
     873.000     0.300000      3360289         1.43
    1042.000     0.400000      4479527         1.67
    1221.000     0.500000      5597253         2.00
    1310.000     0.550000      6157818         2.22
    1399.000     0.600000      6712912         2.50
    1488.000     0.650000      7272026         2.86
    1580.000     0.700000      7831798         3.33
    1680.000     0.750000      8390985         4.00
    1734.000     0.775000      8671828         4.44
    1790.000     0.800000      8949813         5.00
    1850.000     0.825000      9230644         5.71
    1916.000     0.850000      9511843         6.67
    1989.000     0.875000      9789703         8.00
    2031.000     0.887500      9928557         8.89
    2079.000     0.900000     10070624        10.00
    2133.000     0.912500     10212128        11.43
    2193.000     0.925000     10350089        13.33
    2263.000     0.937500     10487405        16.00
    2303.000     0.943750     10558850        17.78
    2345.000     0.950000     10627839        20.00
    2391.000     0.956250     10698583        22.86
    2439.000     0.962500     10767438        26.67
    2493.000     0.968750     10836849        32.00
    2523.000     0.971875     10871743        35.56
    2557.000     0.975000     10908396        40.00
    2591.000     0.978125     10942249        45.71
    2631.000     0.981250     10977336        53.33
    2677.000     0.984375     11012227        64.00
    2703.000     0.985938     11029991        71.11
    2731.000     0.987500     11047364        80.00
    2761.000     0.989062     11064128        91.43
    2797.000     0.990625     11082067       106.67
    2839.000     0.992188     11099286       128.00
    2863.000     0.992969     11107831       142.22
    2891.000     0.993750     11116845       160.00
    2923.000     0.994531     11125517       182.86
    2959.000     0.995313     11133843       213.33
    3009.000     0.996094     11142595       256.00
    3041.000     0.996484     11147087       284.44
    3079.000     0.996875     11151449       320.00
    3121.000     0.997266     11155691       365.71
    3177.000     0.997656     11160123       426.67
    3243.000     0.998047     11164397       512.00
    3281.000     0.998242     11166572       568.89
    3327.000     0.998437     11168806       640.00
    3379.000     0.998633     11171006       731.43
    3441.000     0.998828     11173131       853.33
    3525.000     0.999023     11175336      1024.00
    3571.000     0.999121     11176417      1137.78
    3627.000     0.999219     11177506      1280.00
    3683.000     0.999316     11178606      1462.86
    3751.000     0.999414     11179699      1706.67
    3819.000     0.999512     11180768      2048.00
    3863.000     0.999561     11181335      2275.56
    3913.000     0.999609     11181879      2560.00
    3971.000     0.999658     11182416      2925.71
    4039.000     0.999707     11182951      3413.33
    4119.000     0.999756     11183512      4096.00
    4167.000     0.999780     11183782      4551.11
    4211.000     0.999805     11184048      5120.00
    4263.000     0.999829     11184325      5851.43
    4335.000     0.999854     11184605      6826.67
    4483.000     0.999878     11184874      8192.00
    4539.000     0.999890     11185001      9102.22
    4599.000     0.999902     11185140     10240.00
    4663.000     0.999915     11185273     11702.86
    4763.000     0.999927     11185415     13653.33
    4847.000     0.999939     11185549     16384.00
    4907.000     0.999945     11185618     18204.44
    5007.000     0.999951     11185682     20480.00
    5127.000     0.999957     11185754     23405.71
    5259.000     0.999963     11185822     27306.67
    5319.000     0.999969     11185887     32768.00
    5351.000     0.999973     11185922     36408.89
    5427.000     0.999976     11185956     40960.00
    5499.000     0.999979     11185990     46811.43
    5551.000     0.999982     11186028     54613.33
    5599.000     0.999985     11186062     65536.00
    5619.000     0.999986     11186076     72817.78
    5635.000     0.999988     11186094     81920.00
    5671.000     0.999989     11186110     93622.86
    5711.000     0.999991     11186129    109226.67
    5771.000     0.999992     11186143    131072.00
    5899.000     0.999993     11186153    145635.56
    5927.000     0.999994     11186160    163840.00
    5963.000     0.999995     11186169    187245.71
    5979.000     0.999995     11186178    218453.33
    5995.000     0.999996     11186186    262144.00
    6011.000     0.999997     11186190    291271.11
    6035.000     0.999997     11186194    327680.00
    6091.000     0.999997     11186199    374491.43
    6339.000     0.999998     11186203    436906.67
    6367.000     0.999998     11186209    524288.00
    6367.000     0.999998     11186209    582542.22
    6371.000     0.999998     11186211    655360.00
    6391.000     0.999999     11186214    748982.86
    6395.000     0.999999     11186216    873813.33
    6407.000     0.999999     11186219   1048576.00
    6407.000     0.999999     11186219   1165084.44
    6427.000     0.999999     11186220   1310720.00
    6439.000     0.999999     11186222   1497965.71
    6439.000     0.999999     11186222   1747626.67
    6447.000     1.000000     11186223   2097152.00
    6471.000     1.000000     11186226   2330168.89
    6471.000     1.000000     11186226   2621440.00
    6471.000     1.000000     11186226   2995931.43
    6471.000     1.000000     11186226   3495253.33
    6471.000     1.000000     11186226   4194304.00
    6471.000     1.000000     11186226   4660337.78
    6471.000     1.000000     11186226   5242880.00
    6975.000     1.000000     11186227   5991862.86
    6975.000     1.000000     11186227   6990506.67
    6975.000     1.000000     11186227   8388608.00
    6975.000     1.000000     11186227   9320675.55
    6975.000     1.000000     11186227  10485760.00
    6979.000     1.000000     11186228  11983725.71
    6979.000     1.000000     11186228          inf
#[Mean    =     1266.492, StdDeviation   =      610.842]
#[Max     =     6979.000, Total count    =     11186228]
#[Buckets =            3, SubBuckets     =         2048]
