       Value   Percentile   TotalCount 1/(1-Percentile)

    1922.000     0.000000            1         1.00
   14135.000     0.100000       273459         1.11
   17087.000     0.200000       547208         1.25
   19519.000     0.300000       819497         1.43
   22079.000     0.400000      1093211         1.67
   24527.000     0.500000      1367589         2.00
   25791.000     0.550000      1502606         2.22
   27199.000     0.600000      1639888         2.50
   28751.000     0.650000      1775706         2.86
   30511.000     0.700000      1912392         3.33
   32591.000     0.750000      2049566         4.00
   33759.000     0.775000      2118676         4.44
   35071.000     0.800000      2186454         5.00
   36543.000     0.825000      2254825         5.71
   38111.000     0.850000      2322027         6.67
   39967.000     0.875000      2390505         8.00
   41023.000     0.887500      2425197         8.89
   42143.000     0.900000      2458658        10.00
   43455.000     0.912500      2493175        11.43
   45023.000     0.925000      2526941        13.33
   47039.000     0.937500      2560991        16.00
   48351.000     0.943750      2578194        17.78
   49855.000     0.950000      2595143        20.00
   51615.000     0.956250      2612166        22.86
   53759.000     0.962500      2629299        26.67
   56255.000     0.968750      2646389        32.00
   57663.000     0.971875      2654822        35.56
   59231.000     0.975000      2663373        40.00
   61023.000     0.978125      2671971        45.71
   63007.000     0.981250      2680446        53.33
   65439.000     0.984375      2688909        64.00
   66943.000     0.985938      2693245        71.11
   68671.000     0.987500      2697519        80.00
   70847.000     0.989062      2701779        91.43
   73983.000     0.990625      2706039       106.67
   77951.000     0.992188      2710281       128.00
   80639.000     0.992969      2712404       142.22
   84607.000     0.993750      2714532       160.00
   89791.000     0.994531      2716653       182.86
   95167.000     0.995313      2718781       213.33
  105855.000     0.996094      2720912       256.00
  113535.000     0.996484      2721978       284.44
  131199.000     0.996875      2723044       320.00
  147583.000     0.997266      2724117       365.71
  158975.000     0.997656      2725186       426.67
  167935.000     0.998047      2726252       512.00
  172671.000     0.998242      2726780       568.89
  177663.000     0.998437      2727316       640.00
  183039.000     0.998633      2727859       731.43
  189567.000     0.998828      2728388       853.33
  197119.000     0.999023      2728920      1024.00
  200191.000     0.999121      2729185      1137.78
  203647.000     0.999219      2729452      1280.00
  207615.000     0.999316      2729728      1462.86
  211199.000     0.999414      2729983      1706.67
  215935.000     0.999512      2730248      2048.00
  217727.000     0.999561      2730383      2275.56
  220287.000     0.999609      2730517      2560.00
  222847.000     0.999658      2730647      2925.71
  225919.000     0.999707      2730787      3413.33
  229119.000     0.999756      2730916      4096.00
  230271.000     0.999780      2730980      4551.11
  232319.000     0.999805      2731048      5120.00
  234879.000     0.999829      2731119      5851.43
  236799.000     0.999854      2731182      6826.67
  240895.000     0.999878      2731253      8192.00
  241663.000     0.999890      2731285      9102.22
  242815.000     0.999902      2731318     10240.00
  246783.000     0.999915      2731349     11702.86
  249215.000     0.999927      2731381     13653.33
  251903.000     0.999939      2731414     16384.00
  254591.000     0.999945      2731430     18204.44
  258303.000     0.999951      2731450     20480.00
  259199.000     0.999957      2731464     23405.71
  267007.000     0.999963      2731480     27306.67
  273663.000     0.999969      2731497     32768.00
  275711.000     0.999973      2731505     36408.89
  278527.000     0.999976      2731514     40960.00
  280063.000     0.999979      2731522     46811.43
  288767.000     0.999982      2731530     54613.33
  300543.000     0.999985      2731545     65536.00
  300543.000     0.999986      2731545     72817.78
  300799.000     0.999988      2731549     81920.00
  306175.000     0.999989      2731558     93622.86
  306175.000     0.999991      2731558    109226.67
  306431.000     0.999992      2731564    131072.00
  306431.000     0.999993      2731564    145635.56
  306431.000     0.999994      2731564    163840.00
  317951.000     0.999995      2731566    187245.71
  342015.000     0.999995      2731568    218453.33
  343295.000     0.999996      2731572    262144.00
  343295.000     0.999997      2731572    291271.11
  343295.000     0.999997      2731572    327680.00
  349951.000     0.999997      2731575    374491.43
  349951.000     0.999998      2731575    436906.67
  349951.000     0.999998      2731575    524288.00
  351487.000     0.999998      2731578    582542.22
  351487.000     0.999998      2731578    655360.00
  351487.000     0.999999      2731578    748982.86
  351487.000     0.999999      2731578    873813.33
  351487.000     0.999999      2731578   1048576.00
  351487.000     0.999999      2731578   1165084.44
  351487.000     0.999999      2731578   1310720.00
  351743.000     0.999999      2731580   1497965.71
  351743.000     1.000000      2731580          inf
#[Mean    =    27261.553, StdDeviation   =    15124.953]
#[Max     =   351743.000, Total count    =      2731580]
#[Buckets =            9, SubBuckets     =         2048]
