       Value   Percentile   TotalCount 1/(1-Percentile)

      54.000     0.000000            8         1.00
      66.000     0.100000       255158         1.11
      68.000     0.200000       506523         1.25
      70.000     0.300000       788230         1.43
      72.000     0.400000      1093862         1.67
      73.000     0.500000      1247836         2.00
      74.000     0.550000      1394907         2.22
      75.000     0.600000      1529636         2.50
      76.000     0.650000      1650314         2.86
      77.000     0.700000      1754438         3.33
      79.000     0.750000      1922193         4.00
      79.000     0.775000      1922193         4.44
      80.000     0.800000      1988399         5.00
      81.000     0.825000      2045174         5.71
      83.000     0.850000      2137750         6.67
      84.000     0.875000      2176339         8.00
      85.000     0.887500      2210715         8.89
      86.000     0.900000      2242418        10.00
      87.000     0.912500      2270674        11.43
      88.000     0.925000      2295944        13.33
      90.000     0.937500      2338900        16.00
      90.000     0.943750      2338900        17.78
      91.000     0.950000      2356805        20.00
      92.000     0.956250      2372742        22.86
      93.000     0.962500      2386847        26.67
      95.000     0.968750      2409558        32.00
      95.000     0.971875      2409558        35.56
      96.000     0.975000      2418374        40.00
      97.000     0.978125      2425998        45.71
      98.000     0.981250      2432321        53.33
     100.000     0.984375      2442032        64.00
     101.000     0.985938      2445659        71.11
     102.000     0.987500      2448639        80.00
     103.000     0.989062      2451141        91.43
     105.000     0.990625      2455146       106.67
     108.000     0.992188      2459299       128.00
     109.000     0.992969      2460381       142.22
     111.000     0.993750      2462327       160.00
     113.000     0.994531      2464093       182.86
     116.000     0.995313      2466430       213.33
     119.000     0.996094      2468218       256.00
     121.000     0.996484      2469119       284.44
     123.000     0.996875      2469915       320.00
     126.000     0.997266      2471027       365.71
     128.000     0.997656      2471869       426.67
     130.000     0.998047      2472747       512.00
     131.000     0.998242      2473247       568.89
     132.000     0.998437      2473710       640.00
     134.000     0.998633      2474544       731.43
     135.000     0.998828      2474923       853.33
     136.000     0.999023      2475243      1024.00
     137.000     0.999121      2475505      1137.78
     138.000     0.999219      2475740      1280.00
     139.000     0.999316      2475934      1462.86
     141.000     0.999414      2476254      1706.67
     142.000     0.999512      2476406      2048.00
     143.000     0.999561      2476534      2275.56
     144.000     0.999609      2476632      2560.00
     146.000     0.999658      2476784      2925.71
     147.000     0.999707      2476851      3413.33
     149.000     0.999756      2476972      4096.00
     150.000     0.999780      2477028      4551.11
     151.000     0.999805      2477087      5120.00
     153.000     0.999829      2477159      5851.43
     155.000     0.999854      2477223      6826.67
     157.000     0.999878      2477269      8192.00
     158.000     0.999890      2477299      9102.22
     160.000     0.999902      2477334     10240.00
     162.000     0.999915      2477362     11702.86
     165.000     0.999927      2477401     13653.33
     167.000     0.999939      2477422     16384.00
     169.000     0.999945      2477436     18204.44
     171.000     0.999951      2477449     20480.00
     174.000     0.999957      2477466     23405.71
     178.000     0.999963      2477482     27306.67
     181.000     0.999969      2477494     32768.00
     184.000     0.999973      2477504     36408.89
     186.000     0.999976      2477510     40960.00
     189.000     0.999979      2477517     46811.43
     193.000     0.999982      2477525     54613.33
     204.000     0.999985      2477532     65536.00
     217.000     0.999986      2477535     72817.78
     236.000     0.999988      2477539     81920.00
     331.000     0.999989      2477543     93622.86
     398.000     0.999991      2477547    109226.67
     427.000     0.999992      2477551    131072.00
     450.000     0.999993      2477552    145635.56
     466.000     0.999994      2477554    163840.00
     492.000     0.999995      2477556    187245.71
     508.000     0.999995      2477558    218453.33
     520.000     0.999996      2477560    262144.00
     582.000     0.999997      2477561    291271.11
     584.000     0.999997      2477562    327680.00
     598.000     0.999997      2477563    374491.43
     663.000     0.999998      2477564    436906.67
     666.000     0.999998      2477565    524288.00
     666.000     0.999998      2477565    582542.22
     685.000     0.999998      2477566    655360.00
     685.000     0.999999      2477566    748982.86
     698.000     0.999999      2477567    873813.33
     698.000     0.999999      2477567   1048576.00
     698.000     0.999999      2477567   1165084.44
     709.000     0.999999      2477568   1310720.00
     709.000     0.999999      2477568   1497965.71
     709.000     0.999999      2477568   1747626.67
     709.000     1.000000      2477568   2097152.00
     709.000     1.000000      2477568   2330168.89
     757.000     1.000000      2477569   2621440.00
     757.000     1.000000      2477569          inf
#[Mean    =       75.167, StdDeviation   =        8.934]
#[Max     =      757.000, Total count    =      2477569]
#[Buckets =            1, SubBuckets     =         2048]
