       Value   Percentile   TotalCount 1/(1-Percentile)

      43.000     0.000000            8         1.00
      58.000     0.100000       257241         1.11
      66.000     0.200000       472906         1.25
      71.000     0.300000       802624         1.43
      73.000     0.400000      1032150         1.67
      75.000     0.500000      1218285         2.00
      76.000     0.550000      1307653         2.22
      78.000     0.600000      1483101         2.50
      79.000     0.650000      1552881         2.86
      81.000     0.700000      1656936         3.33
      84.000     0.750000      1764516         4.00
      86.000     0.775000      1820007         4.44
      88.000     0.800000      1878772         5.00
      90.000     0.825000      1934179         5.71
      93.000     0.850000      2004075         6.67
      95.000     0.875000      2047430         8.00
      97.000     0.887500      2089031         8.89
      98.000     0.900000      2108387        10.00
     100.000     0.912500      2140505        11.43
     103.000     0.925000      2169059        13.33
     107.000     0.937500      2194040        16.00
     111.000     0.943750      2208025        17.78
     118.000     0.950000      2222003        20.00
     139.000     0.956250      2237258        22.86
     162.000     0.962500      2254093        26.67
     163.000     0.968750      2268125        32.00
     164.000     0.971875      2288912        35.56
     164.000     0.975000      2288912        40.00
     164.000     0.978125      2288912        45.71
     165.000     0.981250      2308439        53.33
     165.000     0.984375      2308439        64.00
     165.000     0.985938      2308439        71.11
     166.000     0.987500      2320408        80.00
     166.000     0.989062      2320408        91.43
     166.000     0.990625      2320408       106.67
     167.000     0.992188      2326778       128.00
     167.000     0.992969      2326778       142.22
     167.000     0.993750      2326778       160.00
     167.000     0.994531      2326778       182.86
     168.000     0.995313      2329833       213.33
     168.000     0.996094      2329833       256.00
     169.000     0.996484      2330977       284.44
     170.000     0.996875      2331463       320.00
     174.000     0.997266      2332409       365.71
     178.000     0.997656      2333334       426.67
     183.000     0.998047      2334215       512.00
     187.000     0.998242      2334708       568.89
     190.000     0.998437      2335096       640.00
     195.000     0.998633      2335563       731.43
     199.000     0.998828      2336128       853.33
     201.000     0.999023      2336454      1024.00
     203.000     0.999121      2336698      1137.78
     206.000     0.999219      2336943      1280.00
     208.000     0.999316      2337140      1462.86
     211.000     0.999414      2337352      1706.67
     214.000     0.999512      2337588      2048.00
     215.000     0.999561      2337710      2275.56
     216.000     0.999609      2337849      2560.00
     217.000     0.999658      2337993      2925.71
     218.000     0.999707      2338135      3413.33
     219.000     0.999756      2338249      4096.00
     219.000     0.999780      2338249      4551.11
     220.000     0.999805      2338324      5120.00
     220.000     0.999829      2338324      5851.43
     222.000     0.999854      2338427      6826.67
     223.000     0.999878      2338473      8192.00
     223.000     0.999890      2338473      9102.22
     224.000     0.999902      2338511     10240.00
     225.000     0.999915      2338541     11702.86
     226.000     0.999927      2338570     13653.33
     227.000     0.999939      2338588     16384.00
     228.000     0.999945      2338611     18204.44
     228.000     0.999951      2338611     20480.00
     230.000     0.999957      2338623     23405.71
     232.000     0.999963      2338640     27306.67
     235.000     0.999969      2338648     32768.00
     238.000     0.999973      2338657     36408.89
     239.000     0.999976      2338663     40960.00
     241.000     0.999979      2338671     46811.43
     245.000     0.999982      2338678     54613.33
     249.000     0.999985      2338686     65536.00
     251.000     0.999986      2338687     72817.78
     261.000     0.999988      2338691     81920.00
     413.000     0.999989      2338695     93622.86
     457.000     0.999991      2338698    109226.67
     572.000     0.999992      2338702    131072.00
     601.000     0.999993      2338703    145635.56
     778.000     0.999994      2338705    163840.00
     953.000     0.999995      2338707    187245.71
    1115.000     0.999995      2338709    218453.33
    1202.000     0.999996      2338711    262144.00
    1202.000     0.999997      2338711    291271.11
    1208.000     0.999997      2338712    327680.00
    1221.000     0.999997      2338713    374491.43
    1259.000     0.999998      2338714    436906.67
    1285.000     0.999998      2338715    524288.00
    1285.000     0.999998      2338715    582542.22
    1316.000     0.999998      2338716    655360.00
    1316.000     0.999999      2338716    748982.86
    1333.000     0.999999      2338717    873813.33
    1333.000     0.999999      2338717   1048576.00
    1333.000     0.999999      2338717   1165084.44
    1338.000     0.999999      2338718   1310720.00
    1338.000     0.999999      2338718   1497965.71
    1338.000     0.999999      2338718   1747626.67
    1338.000     1.000000      2338718   2097152.00
    1338.000     1.000000      2338718   2330168.89
    1350.000     1.000000      2338719   2621440.00
    1350.000     1.000000      2338719          inf
#[Mean    =       79.514, StdDeviation   =       22.933]
#[Max     =     1350.000, Total count    =      2338719]
#[Buckets =            1, SubBuckets     =         2048]
