       Value   Percentile   TotalCount 1/(1-Percentile)

      62.000     0.000000            1         1.00
      87.000     0.100000       180230         1.11
      92.000     0.200000       350850         1.25
      96.000     0.300000       495969         1.43
     102.000     0.400000       691380         1.67
     107.000     0.500000       847438         2.00
     109.000     0.550000       909226         2.22
     112.000     0.600000       999973         2.50
     115.000     0.650000      1089610         2.86
     118.000     0.700000      1176788         3.33
     121.000     0.750000      1256811         4.00
     122.000     0.775000      1281041         4.44
     124.000     0.800000      1325089         5.00
     126.000     0.825000      1363321         5.71
     129.000     0.850000      1410390         6.67
     132.000     0.875000      1447784         8.00
     134.000     0.887500      1468672         8.89
     137.000     0.900000      1494927        10.00
     139.000     0.912500      1509296        11.43
     143.000     0.925000      1532580        13.33
     147.000     0.937500      1551299        16.00
     150.000     0.943750      1562981        17.78
     152.000     0.950000      1569750        20.00
     156.000     0.956250      1581259        22.86
     160.000     0.962500      1591237        26.67
     165.000     0.968750      1601889        32.00
     168.000     0.971875      1607305        35.56
     171.000     0.975000      1612114        40.00
     174.000     0.978125      1616490        45.71
     178.000     0.981250      1621678        53.33
     183.000     0.984375      1626756        64.00
     186.000     0.985938      1629448        71.11
     189.000     0.987500      1631880        80.00
     193.000     0.989062      1634601        91.43
     197.000     0.990625      1637047       106.67
     202.000     0.992188      1639655       128.00
     205.000     0.992969      1640931       142.22
     208.000     0.993750      1642152       160.00
     212.000     0.994531      1643538       182.86
     216.000     0.995313      1644747       213.33
     220.000     0.996094      1645797       256.00
     223.000     0.996484      1646486       284.44
     226.000     0.996875      1647096       320.00
     230.000     0.997266      1647775       365.71
     234.000     0.997656      1648408       426.67
     239.000     0.998047      1649048       512.00
     242.000     0.998242      1649409       568.89
     245.000     0.998437      1649744       640.00
     248.000     0.998633      1650026       731.43
     252.000     0.998828      1650327       853.33
     257.000     0.999023      1650672      1024.00
     259.000     0.999121      1650811      1137.78
     262.000     0.999219      1650976      1280.00
     265.000     0.999316      1651126      1462.86
     270.000     0.999414      1651307      1706.67
     275.000     0.999512      1651450      2048.00
     279.000     0.999561      1651548      2275.56
     281.000     0.999609      1651607      2560.00
     285.000     0.999658      1651697      2925.71
     289.000     0.999707      1651780      3413.33
     294.000     0.999756      1651848      4096.00
     297.000     0.999780      1651892      4551.11
     301.000     0.999805      1651931      5120.00
     308.000     0.999829      1651973      5851.43
     315.000     0.999854      1652010      6826.67
     323.000     0.999878      1652051      8192.00
     330.000     0.999890      1652070      9102.22
     338.000     0.999902      1652093     10240.00
     345.000     0.999915      1652111     11702.86
     353.000     0.999927      1652132     13653.33
     364.000     0.999939      1652152     16384.00
     374.000     0.999945      1652161     18204.44
     383.000     0.999951      1652171     20480.00
     394.000     0.999957      1652181     23405.71
     427.000     0.999963      1652192     27306.67
     452.000     0.999969      1652201     32768.00
     461.000     0.999973      1652207     36408.89
     480.000     0.999976      1652211     40960.00
     503.000     0.999979      1652216     46811.43
     561.000     0.999982      1652221     54613.33
     739.000     0.999985      1652226     65536.00
    1079.000     0.999986      1652229     72817.78
    1140.000     0.999988      1652231     81920.00
    1286.000     0.999989      1652234     93622.86
    1393.000     0.999991      1652236    109226.67
    1566.000     0.999992      1652239    131072.00
    1586.000     0.999993      1652240    145635.56
    1608.000     0.999994      1652241    163840.00
    1616.000     0.999995      1652243    187245.71
    1618.000     0.999995      1652244    218453.33
    1685.000     0.999996      1652245    262144.00
    1710.000     0.999997      1652246    291271.11
    1710.000     0.999997      1652246    327680.00
    1711.000     0.999997      1652247    374491.43
    1754.000     0.999998      1652248    436906.67
    1754.000     0.999998      1652248    524288.00
    1842.000     0.999998      1652249    582542.22
    1842.000     0.999998      1652249    655360.00
    1842.000     0.999999      1652249    748982.86
    3055.000     0.999999      1652250    873813.33
    3055.000     0.999999      1652250   1048576.00
    3055.000     0.999999      1652250   1165084.44
    3055.000     0.999999      1652250   1310720.00
    3055.000     0.999999      1652250   1497965.71
    4045.000     0.999999      1652251   1747626.67
    4045.000     1.000000      1652251          inf
#[Mean    =      110.557, StdDeviation   =       24.213]
#[Max     =     4045.000, Total count    =      1652251]
#[Buckets =            2, SubBuckets     =         2048]
