       Value   Percentile   TotalCount 1/(1-Percentile)

      96.000     0.000000            1         1.00
     501.000     0.100000       760841         1.11
     674.000     0.200000      1516122         1.25
     853.000     0.300000      2275397         1.43
    1066.000     0.400000      3033699         1.67
    1342.000     0.500000      3790322         2.00
    1517.000     0.550000      4169506         2.22
    1727.000     0.600000      4549656         2.50
    1976.000     0.650000      4927511         2.86
    2277.000     0.700000      5306910         3.33
    2649.000     0.750000      5685487         4.00
    2877.000     0.775000      5875866         4.44
    3141.000     0.800000      6064484         5.00
    3457.000     0.825000      6254604         5.71
    3843.000     0.850000      6443844         6.67
    4323.000     0.875000      6632697         8.00
    4615.000     0.887500      6728168         8.89
    4947.000     0.900000      6822536        10.00
    5335.000     0.912500      6916909        11.43
    5811.000     0.925000      7011918        13.33
    6423.000     0.937500      7106712        16.00
    6811.000     0.943750      7153922        17.78
    7291.000     0.950000      7201424        20.00
    7895.000     0.956250      7248572        22.86
    8727.000     0.962500      7296179        26.67
    9983.000     0.968750      7343323        32.00
   10927.000     0.971875      7366957        35.56
   12383.000     0.975000      7390708        40.00
   15031.000     0.978125      7414329        45.71
   20623.000     0.981250      7438017        53.33
   30927.000     0.984375      7461704        64.00
   36607.000     0.985938      7473555        71.11
   42207.000     0.987500      7485382        80.00
   51615.000     0.989062      7497214        91.43
   62847.000     0.990625      7509059       106.67
   77055.000     0.992188      7520905       128.00
   86655.000     0.992969      7526836       142.22
   98815.000     0.993750      7532758       160.00
  113791.000     0.994531      7538683       182.86
  129599.000     0.995313      7544593       213.33
  147711.000     0.996094      7550549       256.00
  154623.000     0.996484      7553484       284.44
  166527.000     0.996875      7556446       320.00
  179327.000     0.997266      7559413       365.71
  193279.000     0.997656      7562361       426.67
  209279.000     0.998047      7565323       512.00
  219775.000     0.998242      7566801       568.89
  232959.000     0.998437      7568283       640.00
  247167.000     0.998633      7569761       731.43
  262399.000     0.998828      7571265       853.33
  283135.000     0.999023      7572731      1024.00
  303103.000     0.999121      7573460      1137.78
  317439.000     0.999219      7574201      1280.00
  332543.000     0.999316      7574949      1462.86
  352767.000     0.999414      7575684      1706.67
  374271.000     0.999512      7576422      2048.00
  393727.000     0.999561      7576791      2275.56
  407807.000     0.999609      7577163      2560.00
  431615.000     0.999658      7577531      2925.71
  450815.000     0.999707      7577902      3413.33
  503807.000     0.999756      7578271      4096.00
  537599.000     0.999780      7578462      4551.11
  553471.000     0.999805      7578642      5120.00
  591871.000     0.999829      7578829      5851.43
  637439.000     0.999854      7579012      6826.67
  750079.000     0.999878      7579198      8192.00
  788991.000     0.999890      7579290      9102.22
  859135.000     0.999902      7579381     10240.00
  863231.000     0.999915      7579477     11702.86
  905727.000     0.999927      7579567     13653.33
  966655.000     0.999939      7579662     16384.00
 1024511.000     0.999945      7579707     18204.44
 1056767.000     0.999951      7579756     20480.00
 1060863.000     0.999957      7579802     23405.71
 1129471.000     0.999963      7579860     27306.67
 1138687.000     0.999969      7579891     32768.00
 1144831.000     0.999973      7579920     36408.89
 1146879.000     0.999976      7579936     40960.00
 1149951.000     0.999979      7579960     46811.43
 1300479.000     0.999982      7579984     54613.33
 1810431.000     0.999985      7580010     65536.00
 1811455.000     0.999986      7580037     72817.78
 1811455.000     0.999988      7580037     81920.00
 1812479.000     0.999989      7580055     93622.86
 1812479.000     0.999991      7580055    109226.67
 1813503.000     0.999992      7580073    131072.00
 1813503.000     0.999993      7580073    145635.56
 1814527.000     0.999994      7580090    163840.00
 1814527.000     0.999995      7580090    187245.71
 1814527.000     0.999995      7580090    218453.33
 1815551.000     0.999996      7580094    262144.00
 1816575.000     0.999997      7580119    291271.11
 1816575.000     0.999997      7580119    327680.00
 1816575.000     0.999997      7580119    374491.43
 1816575.000     0.999998      7580119    436906.67
 1816575.000     0.999998      7580119    524288.00
 1816575.000     0.999998      7580119    582542.22
 1816575.000     0.999998      7580119    655360.00
 1816575.000     0.999999      7580119    748982.86
 1816575.000     0.999999      7580119    873813.33
 1816575.000     0.999999      7580119   1048576.00
 1816575.000     0.999999      7580119   1165084.44
 1816575.000     0.999999      7580119   1310720.00
 1816575.000     0.999999      7580119   1497965.71
 1816575.000     0.999999      7580119   1747626.67
 1816575.000     1.000000      7580119   2097152.00
 1816575.000     1.000000      7580119   2330168.89
 1816575.000     1.000000      7580119   2621440.00
 1816575.000     1.000000      7580119   2995931.43
 1816575.000     1.000000      7580119   3495253.33
 1817599.000     1.000000      7580121   4194304.00
 1817599.000     1.000000      7580121          inf
#[Mean    =     3942.619, StdDeviation   =    21701.632]
#[Max     =  1817599.000, Total count    =      7580121]
#[Buckets =           11, SubBuckets     =         2048]
