       Value   Percentile   TotalCount 1/(1-Percentile)

    6251.000     0.000000            1         1.00
   11079.000     0.100000        81772         1.11
   11295.000     0.200000       165426         1.25
   11455.000     0.300000       247094         1.43
   11607.000     0.400000       329166         1.67
   11767.000     0.500000       409398         2.00
   11855.000     0.550000       448201         2.22
   11959.000     0.600000       487416         2.50
   12103.000     0.650000       528184         2.86
   12311.000     0.700000       568386         3.33
   12679.000     0.750000       608998         4.00
   12943.000     0.775000       629720         4.44
   13231.000     0.800000       649824         5.00
   13543.000     0.825000       670229         5.71
   13847.000     0.850000       690303         6.67
   14127.000     0.875000       710465         8.00
   14287.000     0.887500       720748         8.89
   14431.000     0.900000       730903        10.00
   14583.000     0.912500       741004        11.43
   14743.000     0.925000       751188        13.33
   14903.000     0.937500       761250        16.00
   14999.000     0.943750       766488        17.78
   15095.000     0.950000       771316        20.00
   15215.000     0.956250       776591        22.86
   15335.000     0.962500       781516        26.67
   15503.000     0.968750       786713        32.00
   15623.000     0.971875       789217        35.56
   15767.000     0.975000       791700        40.00
   15919.000     0.978125       794153        45.71
   16103.000     0.981250       796685        53.33
   16327.000     0.984375       799256        64.00
   16415.000     0.985938       800541        71.11
   16511.000     0.987500       801830        80.00
   16623.000     0.989062       803163        91.43
   16799.000     0.990625       804314       106.67
   17023.000     0.992188       805658       128.00
   17119.000     0.992969       806234       142.22
   17279.000     0.993750       806895       160.00
   17423.000     0.994531       807540       182.86
   17663.000     0.995313       808108       213.33
   17951.000     0.996094       808752       256.00
   18207.000     0.996484       809049       284.44
   18671.000     0.996875       809373       320.00
   18975.000     0.997266       809689       365.71
   19535.000     0.997656       810011       426.67
   21167.000     0.998047       810322       512.00
   21839.000     0.998242       810477       568.89
   22223.000     0.998437       810640       640.00
   23023.000     0.998633       810795       731.43
   23647.000     0.998828       810951       853.33
   24287.000     0.999023       811112      1024.00
   24895.000     0.999121       811190      1137.78
   25423.000     0.999219       811271      1280.00
   25663.000     0.999316       811356      1462.86
   25951.000     0.999414       811430      1706.67
   26255.000     0.999512       811509      2048.00
   26415.000     0.999561       811547      2275.56
   26671.000     0.999609       811585      2560.00
   26863.000     0.999658       811628      2925.71
   27007.000     0.999707       811666      3413.33
   27167.000     0.999756       811707      4096.00
   27407.000     0.999780       811725      4551.11
   27599.000     0.999805       811749      5120.00
   27727.000     0.999829       811765      5851.43
   27823.000     0.999854       811785      6826.67
   27935.000     0.999878       811804      8192.00
   27967.000     0.999890       811815      9102.22
   28015.000     0.999902       811825     10240.00
   28079.000     0.999915       811837     11702.86
   28287.000     0.999927       811846     13653.33
   28511.000     0.999939       811854     16384.00
   36639.000     0.999945       811861     18204.44
   36671.000     0.999951       811866     20480.00
   36703.000     0.999957       811872     23405.71
   36735.000     0.999963       811876     27306.67
   36767.000     0.999969       811880     32768.00
   36767.000     0.999973       811880     36408.89
   36799.000     0.999976       811883     40960.00
   36831.000     0.999979       811886     46811.43
   37535.000     0.999982       811889     54613.33
   37567.000     0.999985       811894     65536.00
   37567.000     0.999986       811894     72817.78
   37567.000     0.999988       811894     81920.00
   37567.000     0.999989       811894     93622.86
   37599.000     0.999991       811898    109226.67
   37599.000     0.999992       811898    131072.00
   37599.000     0.999993       811898    145635.56
   37599.000     0.999994       811898    163840.00
   37599.000     0.999995       811898    187245.71
   37631.000     0.999995       811901    218453.33
   37631.000     0.999996       811901    262144.00
   37631.000     0.999997       811901    291271.11
   37631.000     0.999997       811901    327680.00
   37631.000     0.999997       811901    374491.43
   37631.000     0.999998       811901    436906.67
   37631.000     0.999998       811901    524288.00
   37631.000     0.999998       811901    582542.22
   37631.000     0.999998       811901    655360.00
   37631.000     0.999999       811901    748982.86
   37663.000     0.999999       811902    873813.33
   37663.000     1.000000       811902          inf
#[Mean    =    12267.229, StdDeviation   =     1463.236]
#[Max     =    37663.000, Total count    =       811902]
#[Buckets =            6, SubBuckets     =         2048]
