       Value   Percentile   TotalCount 1/(1-Percentile)

      86.000     0.000000            1         1.00
     452.000     0.100000       780057         1.11
     892.000     0.200000      1559580         1.25
    2067.000     0.300000      2338837         1.43
    3619.000     0.400000      3117600         1.67
    5511.000     0.500000      3897206         2.00
    6487.000     0.550000      4286517         2.22
    7435.000     0.600000      4677318         2.50
    8439.000     0.650000      5068627         2.86
    9607.000     0.700000      5455776         3.33
   11151.000     0.750000      5845602         4.00
   12135.000     0.775000      6041295         4.44
   13311.000     0.800000      6235356         5.00
   14727.000     0.825000      6429986         5.71
   16543.000     0.850000      6625630         6.67
   18863.000     0.875000      6819763         8.00
   20271.000     0.887500      6917729         8.89
   21823.000     0.900000      7014463        10.00
   23455.000     0.912500      7112197        11.43
   25103.000     0.925000      7209521        13.33
   26799.000     0.937500      7306767        16.00
   27695.000     0.943750      7355567        17.78
   28639.000     0.950000      7404476        20.00
   29679.000     0.956250      7452929        22.86
   30895.000     0.962500      7501881        26.67
   32399.000     0.968750      7550425        32.00
   33311.000     0.971875      7574707        35.56
   34463.000     0.975000      7599224        40.00
   35871.000     0.978125      7623222        45.71
   37695.000     0.981250      7647569        53.33
   40159.000     0.984375      7671963        64.00
   41631.000     0.985938      7684107        71.11
   43327.000     0.987500      7696191        80.00
   45375.000     0.989062      7708444        91.43
   47871.000     0.990625      7720633       106.67
   50847.000     0.992188      7732841       128.00
   52639.000     0.992969      7738878       142.22
   54719.000     0.993750      7744927       160.00
   57215.000     0.994531      7750989       182.86
   60063.000     0.995313      7757101       213.33
   63487.000     0.996094      7763186       256.00
   65727.000     0.996484      7766257       284.44
   68415.000     0.996875      7769270       320.00
   71615.000     0.997266      7772322       365.71
   75391.000     0.997656      7775341       426.67
   80319.000     0.998047      7778418       512.00
   83199.000     0.998242      7779907       568.89
   86719.000     0.998437      7781450       640.00
   91327.000     0.998633      7782968       731.43
   98111.000     0.998828      7784486       853.33
  109567.000     0.999023      7786008      1024.00
  114495.000     0.999121      7786754      1137.78
  119935.000     0.999219      7787523      1280.00
  131199.000     0.999316      7788283      1462.86
  145151.000     0.999414      7789040      1706.67
  165759.000     0.999512      7789799      2048.00
  183551.000     0.999561      7790179      2275.56
  204671.000     0.999609      7790562      2560.00
  216959.000     0.999658      7790941      2925.71
  232447.000     0.999707      7791323      3413.33
  269055.000     0.999756      7791701      4096.00
  309247.000     0.999780      7791901      4551.11
  321791.000     0.999805      7792082      5120.00
  389375.000     0.999829      7792272      5851.43
  479743.000     0.999854      7792463      6826.67
  626175.000     0.999878      7792654      8192.00
  632319.000     0.999890      7792751      9102.22
 1123327.000     0.999902      7792844     10240.00
 1147903.000     0.999915      7792938     11702.86
 1655807.000     0.999927      7793033     13653.33
 1695743.000     0.999939      7793133     16384.00
 1707007.000     0.999945      7793177     18204.44
 1716223.000     0.999951      7793223     20480.00
 1720319.000     0.999957      7793278     23405.71
 1873919.000     0.999963      7793318     27306.67
 1883135.000     0.999969      7793370     32768.00
 1887231.000     0.999973      7793389     36408.89
 1891327.000     0.999976      7793427     40960.00
 1892351.000     0.999979      7793451     46811.43
 1893375.000     0.999982      7793478     54613.33
 1894399.000     0.999985      7793497     65536.00
 1894399.000     0.999986      7793497     72817.78
 1895423.000     0.999988      7793509     81920.00
 1897471.000     0.999989      7793526     93622.86
 1898495.000     0.999991      7793537    109226.67
 1899519.000     0.999992      7793547    131072.00
 1900543.000     0.999993      7793554    145635.56
 1901567.000     0.999994      7793564    163840.00
 1901567.000     0.999995      7793564    187245.71
 1902591.000     0.999995      7793572    218453.33
 1903615.000     0.999996      7793575    262144.00
 1904639.000     0.999997      7793581    291271.11
 1904639.000     0.999997      7793581    327680.00
 1905663.000     0.999997      7793583    374491.43
 1908735.000     0.999998      7793588    436906.67
 1909759.000     0.999998      7793590    524288.00
 1909759.000     0.999998      7793590    582542.22
 1910783.000     0.999998      7793592    655360.00
 1911807.000     0.999999      7793595    748982.86
 1911807.000     0.999999      7793595    873813.33
 1912831.000     0.999999      7793603   1048576.00
 1912831.000     1.000000      7793603          inf
#[Mean    =     8799.284, StdDeviation   =    20568.942]
#[Max     =  1912831.000, Total count    =      7793603]
#[Buckets =           11, SubBuckets     =         2048]
