       Value   Percentile   TotalCount 1/(1-Percentile)

      58.000     0.000000            1         1.00
     811.000     0.100000       786409         1.11
    1504.000     0.200000      1571131         1.25
    2279.000     0.300000      2355783         1.43
    3103.000     0.400000      3142322         1.67
    3975.000     0.500000      3926640         2.00
    4439.000     0.550000      4321049         2.22
    4923.000     0.600000      4711452         2.50
    5439.000     0.650000      5104415         2.86
    6003.000     0.700000      5498869         3.33
    6623.000     0.750000      5888991         4.00
    6971.000     0.775000      6086016         4.44
    7347.000     0.800000      6282019         5.00
    7763.000     0.825000      6479233         5.71
    8223.000     0.850000      6674234         6.67
    8759.000     0.875000      6872485         8.00
    9055.000     0.887500      6969561         8.89
    9383.000     0.900000      7067587        10.00
    9743.000     0.912500      7164943        11.43
   10159.000     0.925000      7264250        13.33
   10639.000     0.937500      7362590        16.00
   10903.000     0.943750      7410488        17.78
   11207.000     0.950000      7460399        20.00
   11535.000     0.956250      7508703        22.86
   11911.000     0.962500      7557953        26.67
   12351.000     0.968750      7607034        32.00
   12599.000     0.971875      7631663        35.56
   12871.000     0.975000      7656177        40.00
   13175.000     0.978125      7680775        45.71
   13519.000     0.981250      7704756        53.33
   13935.000     0.984375      7729536        64.00
   14167.000     0.985938      7741646        71.11
   14431.000     0.987500      7754050        80.00
   14727.000     0.989062      7766200        91.43
   15063.000     0.990625      7778443       106.67
   15463.000     0.992188      7790759       128.00
   15695.000     0.992969      7796945       142.22
   15943.000     0.993750      7802984       160.00
   16231.000     0.994531      7809047       182.86
   16575.000     0.995313      7815221       213.33
   16975.000     0.996094      7821445       256.00
   17183.000     0.996484      7824404       284.44
   17439.000     0.996875      7827502       320.00
   17727.000     0.997266      7830571       365.71
   18063.000     0.997656      7833637       426.67
   18463.000     0.998047      7836676       512.00
   18687.000     0.998242      7838213       568.89
   18943.000     0.998437      7839771       640.00
   19231.000     0.998633      7841236       731.43
   19567.000     0.998828      7842798       853.33
   19951.000     0.999023      7844312      1024.00
   20175.000     0.999121      7845074      1137.78
   20431.000     0.999219      7845834      1280.00
   20735.000     0.999316      7846617      1462.86
   21071.000     0.999414      7847364      1706.67
   21471.000     0.999512      7848136      2048.00
   21711.000     0.999561      7848537      2275.56
   21967.000     0.999609      7848912      2560.00
   22255.000     0.999658      7849279      2925.71
   22575.000     0.999707      7849660      3413.33
   22959.000     0.999756      7850046      4096.00
   23167.000     0.999780      7850242      4551.11
   23423.000     0.999805      7850427      5120.00
   23743.000     0.999829      7850616      5851.43
   24143.000     0.999854      7850810      6826.67
   24655.000     0.999878      7850999      8192.00
   24911.000     0.999890      7851096      9102.22
   25199.000     0.999902      7851194     10240.00
   25519.000     0.999915      7851293     11702.86
   25919.000     0.999927      7851383     13653.33
   26303.000     0.999939      7851479     16384.00
   26623.000     0.999945      7851526     18204.44
   26911.000     0.999951      7851575     20480.00
   27279.000     0.999957      7851624     23405.71
   27663.000     0.999963      7851671     27306.67
   28223.000     0.999969      7851723     32768.00
   28559.000     0.999973      7851742     36408.89
   29199.000     0.999976      7851766     40960.00
   29999.000     0.999979      7851790     46811.43
   31679.000     0.999982      7851814     54613.33
   33279.000     0.999985      7851838     65536.00
   36575.000     0.999986      7851850     72817.78
   38687.000     0.999988      7851862     81920.00
   39135.000     0.999989      7851875     93622.86
   39583.000     0.999991      7851886    109226.67
   40063.000     0.999992      7851900    131072.00
   40127.000     0.999993      7851904    145635.56
   40319.000     0.999994      7851910    163840.00
   47935.000     0.999995      7851916    187245.71
   48223.000     0.999995      7851922    218453.33
   48479.000     0.999996      7851930    262144.00
   48511.000     0.999997      7851933    291271.11
   48543.000     0.999997      7851935    327680.00
   50463.000     0.999997      7851937    374491.43
   50495.000     0.999998      7851940    436906.67
   50527.000     0.999998      7851943    524288.00
   50559.000     0.999998      7851946    582542.22
   50559.000     0.999998      7851946    655360.00
   50591.000     0.999999      7851950    748982.86
   50591.000     0.999999      7851950    873813.33
   50591.000     0.999999      7851950   1048576.00
   50623.000     0.999999      7851953   1165084.44
   50623.000     0.999999      7851953   1310720.00
   50623.000     0.999999      7851953   1497965.71
   50623.000     0.999999      7851953   1747626.67
   50655.000     1.000000      7851956   2097152.00
   50655.000     1.000000      7851956   2330168.89
   50655.000     1.000000      7851956   2621440.00
   50655.000     1.000000      7851956   2995931.43
   50655.000     1.000000      7851956   3495253.33
   50655.000     1.000000      7851956   4194304.00
   50655.000     1.000000      7851956   4660337.78
   50655.000     1.000000      7851956   5242880.00
   50655.000     1.000000      7851956   5991862.86
   50655.000     1.000000      7851956   6990506.67
   50719.000     1.000000      7851957   8388608.00
   50719.000     1.000000      7851957          inf
#[Mean    =     4640.402, StdDeviation   =     3441.002]
#[Max     =    50719.000, Total count    =      7851957]
#[Buckets =            6, SubBuckets     =         2048]
