       Value   Percentile   TotalCount 1/(1-Percentile)

      92.000     0.000000            1         1.00
     118.000     0.100000         6545         1.11
     128.000     0.200000        12576         1.25
     138.000     0.300000        18816         1.43
     142.000     0.400000        26183         1.67
     156.000     0.500000        31200         2.00
     159.000     0.550000        35592         2.22
     160.000     0.600000        39257         2.50
     161.000     0.650000        43545         2.86
     161.000     0.700000        43545         3.33
     162.000     0.750000        47076         4.00
     163.000     0.775000        49287         4.44
     164.000     0.800000        50622         5.00
     165.000     0.825000        51345         5.71
     168.000     0.850000        53243         6.67
     170.000     0.875000        54808         8.00
     171.000     0.887500        55622         8.89
     172.000     0.900000        56247        10.00
     173.000     0.912500        56847        11.43
     175.000     0.925000        57824        13.33
     176.000     0.937500        58293        16.00
     177.000     0.943750        58952        17.78
     178.000     0.950000        59637        20.00
     178.000     0.956250        59637        22.86
     179.000     0.962500        60143        26.67
     180.000     0.968750        60433        32.00
     180.000     0.971875        60433        35.56
     181.000     0.975000        60636        40.00
     183.000     0.978125        60855        45.71
     185.000     0.981250        61025        53.33
     189.000     0.984375        61236        64.00
     191.000     0.985938        61307        71.11
     194.000     0.987500        61396        80.00
     198.000     0.989062        61492        91.43
     201.000     0.990625        61593       106.67
     203.000     0.992188        61728       128.00
     204.000     0.992969        61815       142.22
     204.000     0.993750        61815       160.00
     205.000     0.994531        61884       182.86
     205.000     0.995313        61884       213.33
     206.000     0.996094        61956       256.00
     206.000     0.996484        61956       284.44
     207.000     0.996875        62016       320.00
     207.000     0.997266        62016       365.71
     208.000     0.997656        62058       426.67
     208.000     0.998047        62058       512.00
     209.000     0.998242        62085       568.89
     209.000     0.998437        62085       640.00
     210.000     0.998633        62101       731.43
     210.000     0.998828        62101       853.33
     211.000     0.999023        62113      1024.00
     212.000     0.999121        62120      1137.78
     213.000     0.999219        62123      1280.00
     215.000     0.999316        62132      1462.86
     216.000     0.999414        62135      1706.67
     219.000     0.999512        62143      2048.00
     221.000     0.999561        62145      2275.56
     223.000     0.999609        62148      2560.00
     224.000     0.999658        62150      2925.71
     225.000     0.999707        62153      3413.33
     229.000     0.999756        62156      4096.00
     236.000     0.999780        62158      4551.11
     239.000     0.999805        62159      5120.00
     266.000     0.999829        62161      5851.43
     278.000     0.999854        62162      6826.67
     313.000     0.999878        62164      8192.00
     319.000     0.999890        62165      9102.22
     319.000     0.999902        62165     10240.00
     337.000     0.999915        62166     11702.86
     458.000     0.999927        62167     13653.33
     723.000     0.999939        62168     16384.00
     723.000     0.999945        62168     18204.44
     723.000     0.999951        62168     20480.00
    1016.000     0.999957        62169     23405.71
    1016.000     0.999963        62169     27306.67
    1446.000     0.999969        62170     32768.00
    1446.000     0.999973        62170     36408.89
    1446.000     0.999976        62170     40960.00
    1446.000     0.999979        62170     46811.43
    1446.000     0.999982        62170     54613.33
    2267.000     0.999985        62171     65536.00
    2267.000     1.000000        62171          inf
#[Mean    =      148.887, StdDeviation   =       23.490]
#[Max     =     2267.000, Total count    =        62171]
#[Buckets =            2, SubBuckets     =         2048]
