       Value   Percentile   TotalCount 1/(1-Percentile)

      94.000     0.000000            1         1.00
     445.000     0.100000       917411         1.11
     588.000     0.200000      1831434         1.25
     729.000     0.300000      2743680         1.43
     892.000     0.400000      3659889         1.67
    1099.000     0.500000      4571719         2.00
    1231.000     0.550000      5028708         2.22
    1390.000     0.600000      5486533         2.50
    1583.000     0.650000      5943367         2.86
    1821.000     0.700000      6400577         3.33
    2125.000     0.750000      6857726         4.00
    2313.000     0.775000      7087370         4.44
    2535.000     0.800000      7315579         5.00
    2811.000     0.825000      7543147         5.71
    3175.000     0.850000      7771178         6.67
    3687.000     0.875000      8000115         8.00
    4027.000     0.887500      8114123         8.89
    4463.000     0.900000      8228093        10.00
    5035.000     0.912500      8342720        11.43
    5799.000     0.925000      8456832        13.33
    6855.000     0.937500      8571015        16.00
    7579.000     0.943750      8628203        17.78
    8543.000     0.950000      8685163        20.00
    9967.000     0.956250      8742333        22.86
   12167.000     0.962500      8799373        26.67
   15847.000     0.968750      8856517        32.00
   18495.000     0.971875      8885208        35.56
   22127.000     0.975000      8913669        40.00
   27295.000     0.978125      8942211        45.71
   34367.000     0.981250      8970817        53.33
   43199.000     0.984375      8999412        64.00
   48959.000     0.985938      9013674        71.11
   57183.000     0.987500      9027945        80.00
   67839.000     0.989062      9042267        91.43
   80895.000     0.990625      9056571       106.67
   92671.000     0.992188      9070787       128.00
  100671.000     0.992969      9077938       142.22
  111295.000     0.993750      9085058       160.00
  124671.000     0.994531      9092222       182.86
  139007.000     0.995313      9099378       213.33
  153855.000     0.996094      9106480       256.00
  162687.000     0.996484      9110105       284.44
  174975.000     0.996875      9113622       320.00
  188543.000     0.997266      9117218       365.71
  198655.000     0.997656      9120792       426.67
  212735.000     0.998047      9124361       512.00
  222335.000     0.998242      9126124       568.89
  236415.000     0.998437      9127919       640.00
  251135.000     0.998633      9129708       731.43
  271359.000     0.998828      9131483       853.33
  302079.000     0.999023      9133276      1024.00
  314367.000     0.999121      9134164      1137.78
  326143.000     0.999219      9135054      1280.00
  342783.000     0.999316      9135965      1462.86
  361471.000     0.999414      9136854      1706.67
  394239.000     0.999512      9137730      2048.00
  415743.000     0.999561      9138185      2275.56
  436735.000     0.999609      9138621      2560.00
  468223.000     0.999658      9139074      2925.71
  488703.000     0.999707      9139522      3413.33
  548351.000     0.999756      9139962      4096.00
  585727.000     0.999780      9140191      4551.11
  608767.000     0.999805      9140406      5120.00
  646655.000     0.999829      9140632      5851.43
  674303.000     0.999854      9140854      6826.67
  781823.000     0.999878      9141076      8192.00
  820223.000     0.999890      9141190      9102.22
  898559.000     0.999902      9141322     10240.00
  940543.000     0.999915      9141412     11702.86
 1105919.000     0.999927      9141522     13653.33
 1142783.000     0.999939      9141657     16384.00
 1219583.000     0.999945      9141691     18204.44
 1253375.000     0.999951      9141746     20480.00
 1320959.000     0.999957      9141803     23405.71
 1330175.000     0.999963      9141860     27306.67
 1549311.000     0.999969      9141923     32768.00
 1554431.000     0.999973      9141942     36408.89
 1567743.000     0.999976      9141984     40960.00
 1568767.000     0.999979      9142024     46811.43
 1568767.000     0.999982      9142024     54613.33
 1663999.000     0.999985      9142052     65536.00
 1666047.000     0.999986      9142093     72817.78
 1666047.000     0.999988      9142093     81920.00
 1667071.000     0.999989      9142094     93622.86
 1864703.000     0.999991      9142114    109226.67
 1869823.000     0.999992      9142125    131072.00
 1870847.000     0.999993      9142135    145635.56
 1871871.000     0.999994      9142143    163840.00
 1871871.000     0.999995      9142143    187245.71
 2660351.000     0.999995      9142155    218453.33
 2662399.000     0.999996      9142162    262144.00
 2662399.000     0.999997      9142162    291271.11
 2664447.000     0.999997      9142170    327680.00
 2664447.000     0.999997      9142170    374491.43
 2666495.000     0.999998      9142182    436906.67
 2666495.000     0.999998      9142182    524288.00
 2666495.000     0.999998      9142182    582542.22
 2666495.000     0.999998      9142182    655360.00
 2666495.000     0.999999      9142182    748982.86
 2666495.000     0.999999      9142182    873813.33
 2668543.000     0.999999      9142191   1048576.00
 2668543.000     1.000000      9142191          inf
#[Mean    =     4151.116, StdDeviation   =    24214.875]
#[Max     =  2668543.000, Total count    =      9142191]
#[Buckets =           12, SubBuckets     =         2048]
