       Value   Percentile   TotalCount 1/(1-Percentile)

      83.000     0.000000            1         1.00
     101.000     0.100000         7500         1.11
     111.000     0.200000        15114         1.25
     116.000     0.300000        21491         1.43
     122.000     0.400000        28170         1.67
     129.000     0.500000        35207         2.00
     133.000     0.550000        39871         2.22
     135.000     0.600000        43276         2.50
     138.000     0.650000        46038         2.86
     144.000     0.700000        49382         3.33
     149.000     0.750000        53137         4.00
     151.000     0.775000        54766         4.44
     152.000     0.800000        55992         5.00
     154.000     0.825000        59117         5.71
     155.000     0.850000        60238         6.67
     157.000     0.875000        61552         8.00
     159.000     0.887500        62329         8.89
     162.000     0.900000        63229        10.00
     164.000     0.912500        64017        11.43
     166.000     0.925000        65300        13.33
     167.000     0.937500        66144        16.00
     167.000     0.943750        66144        17.78
     168.000     0.950000        67040        20.00
     168.000     0.956250        67040        22.86
     169.000     0.962500        67715        26.67
     170.000     0.968750        68139        32.00
     170.000     0.971875        68139        35.56
     171.000     0.975000        68346        40.00
     172.000     0.978125        68488        45.71
     174.000     0.981250        68678        53.33
     176.000     0.984375        68886        64.00
     177.000     0.985938        68983        71.11
     179.000     0.987500        69138        80.00
     181.000     0.989062        69236        91.43
     184.000     0.990625        69337       106.67
     188.000     0.992188        69425       128.00
     190.000     0.992969        69475       142.22
     192.000     0.993750        69539       160.00
     193.000     0.994531        69584       182.86
     195.000     0.995313        69664       213.33
     196.000     0.996094        69706       256.00
     197.000     0.996484        69751       284.44
     197.000     0.996875        69751       320.00
     198.000     0.997266        69787       365.71
     199.000     0.997656        69831       426.67
     199.000     0.998047        69831       512.00
     200.000     0.998242        69854       568.89
     201.000     0.998437        69874       640.00
     201.000     0.998633        69874       731.43
     202.000     0.998828        69889       853.33
     204.000     0.999023        69901      1024.00
     205.000     0.999121        69905      1137.78
     207.000     0.999219        69913      1280.00
     209.000     0.999316        69919      1462.86
     213.000     0.999414        69926      1706.67
     218.000     0.999512        69931      2048.00
     220.000     0.999561        69936      2275.56
     221.000     0.999609        69939      2560.00
     223.000     0.999658        69942      2925.71
     224.000     0.999707        69945      3413.33
     232.000     0.999756        69948      4096.00
     235.000     0.999780        69950      4551.11
     240.000     0.999805        69952      5120.00
     254.000     0.999829        69954      5851.43
     259.000     0.999854        69955      6826.67
     263.000     0.999878        69957      8192.00
     291.000     0.999890        69958      9102.22
     335.000     0.999902        69959     10240.00
     340.000     0.999915        69960     11702.86
     340.000     0.999927        69960     13653.33
     395.000     0.999939        69961     16384.00
    1016.000     0.999945        69962     18204.44
    1016.000     0.999951        69962     20480.00
    1183.000     0.999957        69963     23405.71
    1183.000     0.999963        69963     27306.67
    1183.000     0.999969        69963     32768.00
    1826.000     0.999973        69964     36408.89
    1826.000     0.999976        69964     40960.00
    1826.000     0.999979        69964     46811.43
    1826.000     0.999982        69964     54613.33
    1826.000     0.999985        69964     65536.00
    3365.000     0.999986        69965     72817.78
    3365.000     1.000000        69965          inf
#[Mean    =      130.522, StdDeviation   =       27.047]
#[Max     =     3365.000, Total count    =        69965]
#[Buckets =            2, SubBuckets     =         2048]
