       Value   Percentile   TotalCount 1/(1-Percentile)

     142.000     0.000000            1         1.00
     942.000     0.100000       347345         1.11
    2625.000     0.200000       694634         1.25
    5735.000     0.300000      1041982         1.43
    9151.000     0.400000      1389157         1.67
   12983.000     0.500000      1736237         2.00
   15023.000     0.550000      1910120         2.22
   17407.000     0.600000      2083181         2.50
   20191.000     0.650000      2257017         2.86
   23919.000     0.700000      2430656         3.33
   28335.000     0.750000      2604509         4.00
   31119.000     0.775000      2691204         4.44
   34047.000     0.800000      2778259         5.00
   37503.000     0.825000      2864872         5.71
   41183.000     0.850000      2951293         6.67
   44639.000     0.875000      3038714         8.00
   46143.000     0.887500      3081378         8.89
   48159.000     0.900000      3124917        10.00
   50623.000     0.912500      3168664        11.43
   53375.000     0.925000      3211811        13.33
   56895.000     0.937500      3255150        16.00
   58911.000     0.943750      3276725        17.78
   61311.000     0.950000      3298561        20.00
   64415.000     0.956250      3320167        22.86
   69631.000     0.962500      3341754        26.67
   77311.000     0.968750      3363552        32.00
   82559.000     0.971875      3374400        35.56
   89535.000     0.975000      3385166        40.00
   97791.000     0.978125      3396064        45.71
  107583.000     0.981250      3406901        53.33
  119039.000     0.984375      3417713        64.00
  125887.000     0.985938      3423124        71.11
  133375.000     0.987500      3428581        80.00
  142847.000     0.989062      3433980        91.43
  153343.000     0.990625      3439421       106.67
  164607.000     0.992188      3444834       128.00
  172159.000     0.992969      3447533       142.22
  179711.000     0.993750      3450258       160.00
  188287.000     0.994531      3452981       182.86
  199295.000     0.995313      3455693       213.33
  211199.000     0.996094      3458384       256.00
  218495.000     0.996484      3459740       284.44
  228223.000     0.996875      3461110       320.00
  237567.000     0.997266      3462459       365.71
  248191.000     0.997656      3463808       426.67
  262911.000     0.998047      3465173       512.00
  270591.000     0.998242      3465857       568.89
  279807.000     0.998437      3466538       640.00
  291839.000     0.998633      3467206       731.43
  317695.000     0.998828      3467877       853.33
  345343.000     0.999023      3468554      1024.00
  360703.000     0.999121      3468892      1137.78
  385791.000     0.999219      3469231      1280.00
  400383.000     0.999316      3469573      1462.86
  411647.000     0.999414      3469910      1706.67
  433151.000     0.999512      3470250      2048.00
  452095.000     0.999561      3470420      2275.56
  479231.000     0.999609      3470587      2560.00
  510463.000     0.999658      3470757      2925.71
  550399.000     0.999707      3470926      3413.33
  590335.000     0.999756      3471098      4096.00
  607231.000     0.999780      3471181      4551.11
  631807.000     0.999805      3471266      5120.00
  649727.000     0.999829      3471350      5851.43
  664575.000     0.999854      3471436      6826.67
  681471.000     0.999878      3471521      8192.00
  701439.000     0.999890      3471562      9102.22
  725503.000     0.999902      3471604     10240.00
  764927.000     0.999915      3471647     11702.86
  805887.000     0.999927      3471689     13653.33
  827903.000     0.999939      3471732     16384.00
  851455.000     0.999945      3471753     18204.44
  862719.000     0.999951      3471774     20480.00
  872447.000     0.999957      3471796     23405.71
  879615.000     0.999963      3471816     27306.67
  892415.000     0.999969      3471838     32768.00
  963071.000     0.999973      3471848     36408.89
  989695.000     0.999976      3471859     40960.00
 1016831.000     0.999979      3471869     46811.43
 1073151.000     0.999982      3471880     54613.33
 1080319.000     0.999985      3471891     65536.00
 1088511.000     0.999986      3471896     72817.78
 1091583.000     0.999988      3471901     81920.00
 1118207.000     0.999989      3471906     93622.86
 1134591.000     0.999991      3471912    109226.67
 1221631.000     0.999992      3471917    131072.00
 1232895.000     0.999993      3471920    145635.56
 1274879.000     0.999994      3471922    163840.00
 1392639.000     0.999995      3471925    187245.71
 1415167.000     0.999995      3471928    218453.33
 1419263.000     0.999996      3471930    262144.00
 1448959.000     0.999997      3471932    291271.11
 1451007.000     0.999997      3471933    327680.00
 1453055.000     0.999997      3471934    374491.43
 1455103.000     0.999998      3471936    436906.67
 1459199.000     0.999998      3471937    524288.00
 1460223.000     0.999998      3471938    582542.22
 1460223.000     0.999998      3471938    655360.00
 1461247.000     0.999999      3471940    748982.86
 1461247.000     0.999999      3471940    873813.33
 1461247.000     0.999999      3471940   1048576.00
 1462271.000     0.999999      3471942   1165084.44
 1462271.000     0.999999      3471942   1310720.00
 1462271.000     0.999999      3471942   1497965.71
 1462271.000     0.999999      3471942   1747626.67
 1462271.000     1.000000      3471942   2097152.00
 1462271.000     1.000000      3471942   2330168.89
 1462271.000     1.000000      3471942   2621440.00
 1462271.000     1.000000      3471942   2995931.43
 1464319.000     1.000000      3471943   3495253.33
 1464319.000     1.000000      3471943          inf
#[Mean    =    21480.633, StdDeviation   =    31816.350]
#[Max     =  1464319.000, Total count    =      3471943]
#[Buckets =           11, SubBuckets     =         2048]
