       Value   Percentile   TotalCount 1/(1-Percentile)

    1272.000     0.000000            1         1.00
    8131.000     0.100000       118864         1.11
    8311.000     0.200000       237112         1.25
    8415.000     0.300000       359133         1.43
    8463.000     0.400000       482816         1.67
    8495.000     0.500000       598684         2.00
    8511.000     0.550000       661835         2.22
    8527.000     0.600000       723193         2.50
    8543.000     0.650000       779945         2.86
    8559.000     0.700000       831370         3.33
    8583.000     0.750000       896153         4.00
    8591.000     0.775000       913484         4.44
    8607.000     0.800000       945514         5.00
    8623.000     0.825000       973199         5.71
    8639.000     0.850000       997109         6.67
    8663.000     0.875000      1028613         8.00
    8679.000     0.887500      1046021         8.89
    8695.000     0.900000      1060191        10.00
    8711.000     0.912500      1071913        11.43
    8735.000     0.925000      1084761        13.33
    8783.000     0.937500      1099730        16.00
    8823.000     0.943750      1106395        17.78
    8903.000     0.950000      1113545        20.00
    9095.000     0.956250      1120588        22.86
   10519.000     0.962500      1127934        26.67
   10855.000     0.968750      1135334        32.00
   10991.000     0.971875      1139100        35.56
   11079.000     0.975000      1142658        40.00
   11159.000     0.978125      1146441        45.71
   11231.000     0.981250      1149900        53.33
   11311.000     0.984375      1153991        64.00
   11335.000     0.985938      1155717        71.11
   11359.000     0.987500      1157304        80.00
   11383.000     0.989062      1159099        91.43
   11415.000     0.990625      1161476       106.67
   11439.000     0.992188      1163106       128.00
   11447.000     0.992969      1163732       142.22
   11463.000     0.993750      1164890       160.00
   11479.000     0.994531      1165891       182.86
   11487.000     0.995313      1166387       213.33
   11503.000     0.996094      1167303       256.00
   11519.000     0.996484      1168106       284.44
   11527.000     0.996875      1168517       320.00
   11535.000     0.997266      1168823       365.71
   11543.000     0.997656      1169272       426.67
   11559.000     0.998047      1169739       512.00
   11567.000     0.998242      1169991       568.89
   11575.000     0.998437      1170248       640.00
   11575.000     0.998633      1170248       731.43
   11583.000     0.998828      1170502       853.33
   11599.000     0.999023      1170762      1024.00
   11607.000     0.999121      1170940      1137.78
   11607.000     0.999219      1170940      1280.00
   11623.000     0.999316      1171155      1462.86
   11631.000     0.999414      1171262      1706.67
   11639.000     0.999512      1171370      2048.00
   11639.000     0.999561      1171370      2275.56
   11647.000     0.999609      1171421      2560.00
   11655.000     0.999658      1171499      2925.71
   11655.000     0.999707      1171499      3413.33
   11671.000     0.999756      1171582      4096.00
   11679.000     0.999780      1171626      4551.11
   11679.000     0.999805      1171626      5120.00
   11687.000     0.999829      1171671      5851.43
   11687.000     0.999854      1171671      6826.67
   11711.000     0.999878      1171703      8192.00
   11719.000     0.999890      1171716      9102.22
   11735.000     0.999902      1171746     10240.00
   11735.000     0.999915      1171746     11702.86
   11743.000     0.999927      1171757     13653.33
   11759.000     0.999939      1171779     16384.00
   11759.000     0.999945      1171779     18204.44
   11783.000     0.999951      1171802     20480.00
   11783.000     0.999957      1171802     23405.71
   11783.000     0.999963      1171802     27306.67
   11791.000     0.999969      1171811     32768.00
   11791.000     0.999973      1171811     36408.89
   11823.000     0.999976      1171820     40960.00
   11823.000     0.999979      1171820     46811.43
   11831.000     0.999982      1171828     54613.33
   11831.000     0.999985      1171828     65536.00
   11831.000     0.999986      1171828     72817.78
   11831.000     0.999988      1171828     81920.00
   11839.000     0.999989      1171838     93622.86
   11839.000     0.999991      1171838    109226.67
   11839.000     0.999992      1171838    131072.00
   11839.000     0.999993      1171838    145635.56
   11839.000     0.999994      1171838    163840.00
   11839.000     0.999995      1171838    187245.71
   11839.000     0.999995      1171838    218453.33
   11839.000     0.999996      1171838    262144.00
   11839.000     0.999997      1171838    291271.11
   11903.000     0.999997      1171842    327680.00
   11903.000     1.000000      1171842          inf
#[Mean    =     8529.901, StdDeviation   =      621.587]
#[Max     =    11903.000, Total count    =      1171842]
#[Buckets =            4, SubBuckets     =         2048]
