       Value   Percentile   TotalCount 1/(1-Percentile)

    2113.000     0.000000            1         1.00
    8031.000     0.100000       116819         1.11
    8175.000     0.200000       233453         1.25
    8287.000     0.300000       346317         1.43
    8399.000     0.400000       466614         1.67
    8503.000     0.500000       583182         2.00
    8551.000     0.550000       641821         2.22
    8599.000     0.600000       696022         2.50
    8655.000     0.650000       752659         2.86
    8711.000     0.700000       805637         3.33
    8791.000     0.750000       862862         4.00
    8847.000     0.775000       891946         4.44
    8927.000     0.800000       922190         5.00
    9119.000     0.825000       949136         5.71
    9551.000     0.850000       978088         6.67
    9671.000     0.875000      1008123         8.00
    9743.000     0.887500      1022095         8.89
    9863.000     0.900000      1035455        10.00
   10127.000     0.912500      1049915        11.43
   10255.000     0.925000      1064158        13.33
   10327.000     0.937500      1079328        16.00
   10351.000     0.943750      1085698        17.78
   10383.000     0.950000      1094649        20.00
   10407.000     0.956250      1101272        22.86
   10431.000     0.962500      1107238        26.67
   10463.000     0.968750      1115481        32.00
   10479.000     0.971875      1119350        35.56
   10495.000     0.975000      1122586        40.00
   10511.000     0.978125      1125338        45.71
   10535.000     0.981250      1129216        53.33
   10559.000     0.984375      1132769        64.00
   10575.000     0.985938      1134839        71.11
   10591.000     0.987500      1136616        80.00
   10607.000     0.989062      1138397        91.43
   10623.000     0.990625      1139739       106.67
   10647.000     0.992188      1141442       128.00
   10663.000     0.992969      1142372       142.22
   10679.000     0.993750      1143210       160.00
   10703.000     0.994531      1144266       182.86
   10727.000     0.995313      1145061       213.33
   10767.000     0.996094      1145960       256.00
   10791.000     0.996484      1146380       284.44
   10823.000     0.996875      1146795       320.00
   10863.000     0.997266      1147260       365.71
   10895.000     0.997656      1147700       426.67
   10967.000     0.998047      1148151       512.00
   10999.000     0.998242      1148400       568.89
   11031.000     0.998437      1148594       640.00
   11071.000     0.998633      1148811       731.43
   11135.000     0.998828      1149029       853.33
   11215.000     0.999023      1149263      1024.00
   11247.000     0.999121      1149360      1137.78
   11351.000     0.999219      1149481      1280.00
   11391.000     0.999316      1149584      1462.86
   11487.000     0.999414      1149696      1706.67
   11567.000     0.999512      1149806      2048.00
   11631.000     0.999561      1149867      2275.56
   11767.000     0.999609      1149918      2560.00
   11943.000     0.999658      1149977      2925.71
   12183.000     0.999707      1150032      3413.33
   12559.000     0.999756      1150088      4096.00
   12759.000     0.999780      1150117      4551.11
   12911.000     0.999805      1150145      5120.00
   13063.000     0.999829      1150171      5851.43
   13223.000     0.999854      1150201      6826.67
   13479.000     0.999878      1150229      8192.00
   13495.000     0.999890      1150244      9102.22
   13567.000     0.999902      1150255     10240.00
   13679.000     0.999915      1150270     11702.86
   13815.000     0.999927      1150287     13653.33
   13919.000     0.999939      1150299     16384.00
   13927.000     0.999945      1150304     18204.44
   13943.000     0.999951      1150315     20480.00
   13959.000     0.999957      1150319     23405.71
   13991.000     0.999963      1150327     27306.67
   14007.000     0.999969      1150336     32768.00
   14007.000     0.999973      1150336     36408.89
   14015.000     0.999976      1150340     40960.00
   14111.000     0.999979      1150343     46811.43
   14119.000     0.999982      1150346     54613.33
   14287.000     0.999985      1150350     65536.00
   14295.000     0.999986      1150356     72817.78
   14295.000     0.999988      1150356     81920.00
   14295.000     0.999989      1150356     93622.86
   14303.000     0.999991      1150363    109226.67
   14303.000     0.999992      1150363    131072.00
   14303.000     0.999993      1150363    145635.56
   14303.000     0.999994      1150363    163840.00
   14303.000     0.999995      1150363    187245.71
   14303.000     0.999995      1150363    218453.33
   14303.000     0.999996      1150363    262144.00
   14311.000     0.999997      1150367    291271.11
   14311.000     1.000000      1150367          inf
#[Mean    =     8682.023, StdDeviation   =      710.631]
#[Max     =    14311.000, Total count    =      1150367]
#[Buckets =            4, SubBuckets     =         2048]
