       Value   Percentile   TotalCount 1/(1-Percentile)

      59.000     0.000000            1         1.00
     293.000     0.100000       793760         1.11
     433.000     0.200000      1578916         1.25
     575.000     0.300000      2370584         1.43
     729.000     0.400000      3157339         1.67
     918.000     0.500000      3947456         2.00
    1036.000     0.550000      4340154         2.22
    1182.000     0.600000      4734600         2.50
    1371.000     0.650000      5127843         2.86
    1639.000     0.700000      5522070         3.33
    2071.000     0.750000      5917229         4.00
    2407.000     0.775000      6114144         4.44
    2877.000     0.800000      6311043         5.00
    3515.000     0.825000      6508487         5.71
    4311.000     0.850000      6706020         6.67
    5267.000     0.875000      6903155         8.00
    5815.000     0.887500      7001633         8.89
    6423.000     0.900000      7100178        10.00
    7079.000     0.912500      7198384        11.43
    7807.000     0.925000      7297158        13.33
    8639.000     0.937500      7396020        16.00
    9111.000     0.943750      7445265        17.78
    9631.000     0.950000      7494447        20.00
   10223.000     0.956250      7543624        22.86
   10919.000     0.962500      7592882        26.67
   11775.000     0.968750      7642180        32.00
   12287.000     0.971875      7666884        35.56
   12863.000     0.975000      7691292        40.00
   13551.000     0.978125      7716068        45.71
   14391.000     0.981250      7740718        53.33
   15431.000     0.984375      7765307        64.00
   16071.000     0.985938      7777697        71.11
   16815.000     0.987500      7790091        80.00
   17679.000     0.989062      7802332        91.43
   18719.000     0.990625      7814565       106.67
   19983.000     0.992188      7826895       128.00
   20703.000     0.992969      7833071       142.22
   21487.000     0.993750      7839177       160.00
   22383.000     0.994531      7845376       182.86
   23407.000     0.995313      7851605       213.33
   24543.000     0.996094      7857726       256.00
   25183.000     0.996484      7860797       284.44
   25871.000     0.996875      7863850       320.00
   26671.000     0.997266      7866948       365.71
   27551.000     0.997656      7869999       426.67
   28575.000     0.998047      7873089       512.00
   29151.000     0.998242      7874642       568.89
   29775.000     0.998437      7876155       640.00
   30527.000     0.998633      7877707       731.43
   31375.000     0.998828      7879259       853.33
   32383.000     0.999023      7880789      1024.00
   32927.000     0.999121      7881554      1137.78
   33599.000     0.999219      7882350      1280.00
   34271.000     0.999316      7883112      1462.86
   35103.000     0.999414      7883860      1706.67
   36095.000     0.999512      7884645      2048.00
   36639.000     0.999561      7885017      2275.56
   37279.000     0.999609      7885409      2560.00
   38015.000     0.999658      7885792      2925.71
   38783.000     0.999707      7886169      3413.33
   39807.000     0.999756      7886558      4096.00
   40319.000     0.999780      7886750      4551.11
   40959.000     0.999805      7886941      5120.00
   41663.000     0.999829      7887141      5851.43
   42367.000     0.999854      7887331      6826.67
   43199.000     0.999878      7887518      8192.00
   43743.000     0.999890      7887619      9102.22
   44223.000     0.999902      7887711     10240.00
   44831.000     0.999915      7887811     11702.86
   45439.000     0.999927      7887905     13653.33
   46207.000     0.999939      7887999     16384.00
   46783.000     0.999945      7888047     18204.44
   47295.000     0.999951      7888100     20480.00
   47807.000     0.999957      7888143     23405.71
   48415.000     0.999963      7888192     27306.67
   49087.000     0.999969      7888240     32768.00
   49535.000     0.999973      7888265     36408.89
   50015.000     0.999976      7888288     40960.00
   50431.000     0.999979      7888312     46811.43
   50879.000     0.999982      7888336     54613.33
   51711.000     0.999985      7888360     65536.00
   52159.000     0.999986      7888372     72817.78
   52479.000     0.999988      7888384     81920.00
   52927.000     0.999989      7888396     93622.86
   53535.000     0.999991      7888408    109226.67
   53919.000     0.999992      7888421    131072.00
   54463.000     0.999993      7888426    145635.56
   54687.000     0.999994      7888432    163840.00
   55423.000     0.999995      7888438    187245.71
   55807.000     0.999995      7888444    218453.33
   56287.000     0.999996      7888450    262144.00
   56415.000     0.999997      7888453    291271.11
   56863.000     0.999997      7888456    327680.00
   57279.000     0.999997      7888459    374491.43
   57503.000     0.999998      7888462    436906.67
   57855.000     0.999998      7888465    524288.00
   58527.000     0.999998      7888467    582542.22
   58911.000     0.999998      7888468    655360.00
   59551.000     0.999999      7888470    748982.86
   59743.000     0.999999      7888471    873813.33
   60287.000     0.999999      7888473   1048576.00
   60479.000     0.999999      7888474   1165084.44
   60479.000     0.999999      7888474   1310720.00
   60831.000     0.999999      7888475   1497965.71
   61439.000     0.999999      7888476   1747626.67
   61599.000     1.000000      7888477   2097152.00
   61599.000     1.000000      7888477   2330168.89
   61599.000     1.000000      7888477   2621440.00
   62463.000     1.000000      7888478   2995931.43
   62463.000     1.000000      7888478   3495253.33
   63583.000     1.000000      7888479   4194304.00
   63583.000     1.000000      7888479   4660337.78
   63583.000     1.000000      7888479   5242880.00
   63583.000     1.000000      7888479   5991862.86
   63583.000     1.000000      7888479   6990506.67
   63903.000     1.000000      7888480   8388608.00
   63903.000     1.000000      7888480          inf
#[Mean    =     2292.974, StdDeviation   =     3700.737]
#[Max     =    63903.000, Total count    =      7888480]
#[Buckets =            6, SubBuckets     =         2048]
