       Value   Percentile   TotalCount 1/(1-Percentile)

      97.000     0.000000            1         1.00
     585.000     0.100000       842025         1.11
     925.000     0.200000      1685208         1.25
    1389.000     0.300000      2526473         1.43
    2145.000     0.400000      3368307         1.67
    3161.000     0.500000      4211370         2.00
    3675.000     0.550000      4632159         2.22
    4207.000     0.600000      5053697         2.50
    4799.000     0.650000      5475533         2.86
    5455.000     0.700000      5894003         3.33
    6183.000     0.750000      6315144         4.00
    6575.000     0.775000      6526972         4.44
    6987.000     0.800000      6736080         5.00
    7443.000     0.825000      6948149         5.71
    7947.000     0.850000      7157218         6.67
    8543.000     0.875000      7369628         8.00
    8879.000     0.887500      7472870         8.89
    9271.000     0.900000      7578982        10.00
    9727.000     0.912500      7683602        11.43
   10303.000     0.925000      7788518        13.33
   11095.000     0.937500      7894223        16.00
   11615.000     0.943750      7946383        17.78
   12263.000     0.950000      7999254        20.00
   13023.000     0.956250      8052043        22.86
   13863.000     0.962500      8104319        26.67
   14807.000     0.968750      8157107        32.00
   15319.000     0.971875      8183287        35.56
   15863.000     0.975000      8209625        40.00
   16447.000     0.978125      8235948        45.71
   17087.000     0.981250      8262626        53.33
   17775.000     0.984375      8288987        64.00
   18127.000     0.985938      8301713        71.11
   18527.000     0.987500      8315066        80.00
   18943.000     0.989062      8327999        91.43
   19407.000     0.990625      8341255       106.67
   19935.000     0.992188      8354375       128.00
   20239.000     0.992969      8360991       142.22
   20575.000     0.993750      8367422       160.00
   20959.000     0.994531      8373979       182.86
   21407.000     0.995313      8380541       213.33
   21951.000     0.996094      8387127       256.00
   22271.000     0.996484      8390399       284.44
   22655.000     0.996875      8393731       320.00
   23103.000     0.997266      8397063       365.71
   23631.000     0.997656      8400283       426.67
   24383.000     0.998047      8403599       512.00
   24831.000     0.998242      8405231       568.89
   25391.000     0.998437      8406858       640.00
   26127.000     0.998633      8408498       731.43
   27103.000     0.998828      8410123       853.33
   28527.000     0.999023      8411769      1024.00
   29375.000     0.999121      8412591      1137.78
   30415.000     0.999219      8413423      1280.00
   31583.000     0.999316      8414236      1462.86
   32895.000     0.999414      8415055      1706.67
   34463.000     0.999512      8415878      2048.00
   35359.000     0.999561      8416289      2275.56
   36319.000     0.999609      8416708      2560.00
   37471.000     0.999658      8417122      2925.71
   38783.000     0.999707      8417523      3413.33
   40383.000     0.999756      8417938      4096.00
   41151.000     0.999780      8418141      4551.11
   42047.000     0.999805      8418346      5120.00
   43071.000     0.999829      8418552      5851.43
   44223.000     0.999854      8418755      6826.67
   45663.000     0.999878      8418961      8192.00
   46335.000     0.999890      8419063      9102.22
   47103.000     0.999902      8419171     10240.00
   47967.000     0.999915      8419272     11702.86
   48703.000     0.999927      8419372     13653.33
   49663.000     0.999939      8419478     16384.00
   50207.000     0.999945      8419531     18204.44
   50751.000     0.999951      8419578     20480.00
   51167.000     0.999957      8419631     23405.71
   51839.000     0.999963      8419680     27306.67
   52639.000     0.999969      8419732     32768.00
   52927.000     0.999973      8419757     36408.89
   53407.000     0.999976      8419786     40960.00
   53759.000     0.999979      8419810     46811.43
   54271.000     0.999982      8419835     54613.33
   54879.000     0.999985      8419860     65536.00
   55199.000     0.999986      8419873     72817.78
   55551.000     0.999988      8419886     81920.00
   55935.000     0.999989      8419900     93622.86
   56319.000     0.999991      8419912    109226.67
   56831.000     0.999992      8419924    131072.00
   57215.000     0.999993      8419931    145635.56
   57343.000     0.999994      8419937    163840.00
   58079.000     0.999995      8419944    187245.71
   58527.000     0.999995      8419951    218453.33
   58911.000     0.999996      8419957    262144.00
   59039.000     0.999997      8419960    291271.11
   59263.000     0.999997      8419963    327680.00
   59359.000     0.999997      8419966    374491.43
   59647.000     0.999998      8419970    436906.67
   59775.000     0.999998      8419973    524288.00
   59871.000     0.999998      8419974    582542.22
   60287.000     0.999998      8419976    655360.00
   60511.000     0.999999      8419977    748982.86
   60927.000     0.999999      8419979    873813.33
   61119.000     0.999999      8419980   1048576.00
   61151.000     0.999999      8419981   1165084.44
   61215.000     0.999999      8419982   1310720.00
   61631.000     0.999999      8419983   1497965.71
   61759.000     0.999999      8419984   1747626.67
   61759.000     1.000000      8419984   2097152.00
   62655.000     1.000000      8419985   2330168.89
   62655.000     1.000000      8419985   2621440.00
   63967.000     1.000000      8419986   2995931.43
   63967.000     1.000000      8419986   3495253.33
   63967.000     1.000000      8419986   4194304.00
   65855.000     1.000000      8419987   4660337.78
   65855.000     1.000000      8419987   5242880.00
   65855.000     1.000000      8419987   5991862.86
   65855.000     1.000000      8419987   6990506.67
   65855.000     1.000000      8419987   8388608.00
   66431.000     1.000000      8419988   9320675.55
   66431.000     1.000000      8419988          inf
#[Mean    =     4297.912, StdDeviation   =     4151.667]
#[Max     =    66431.000, Total count    =      8419988]
#[Buckets =            7, SubBuckets     =         2048]
