       Value   Percentile   TotalCount 1/(1-Percentile)

      97.000     0.000000            1         1.00
    1405.000     0.100000       713336         1.11
    2321.000     0.200000      1427219         1.25
    3331.000     0.300000      2140083         1.43
    4539.000     0.400000      2852995         1.67
    6179.000     0.500000      3566452         2.00
    7319.000     0.550000      3922334         2.22
    8847.000     0.600000      4280314         2.50
   10887.000     0.650000      4636258         2.86
   13455.000     0.700000      4992040         3.33
   16287.000     0.750000      5348498         4.00
   17759.000     0.775000      5527199         4.44
   19263.000     0.800000      5706009         5.00
   20815.000     0.825000      5883589         5.71
   22447.000     0.850000      6062795         6.67
   24191.000     0.875000      6240854         8.00
   25135.000     0.887500      6330289         8.89
   26127.000     0.900000      6418203        10.00
   27215.000     0.912500      6508207        11.43
   28367.000     0.925000      6596533        13.33
   29663.000     0.937500      6685892        16.00
   30383.000     0.943750      6730923        17.78
   31167.000     0.950000      6775008        20.00
   32015.000     0.956250      6819686        22.86
   32959.000     0.962500      6864488        26.67
   34015.000     0.968750      6908559        32.00
   34623.000     0.971875      6931407        35.56
   35263.000     0.975000      6953128        40.00
   35999.000     0.978125      6976022        45.71
   36799.000     0.981250      6998183        53.33
   37695.000     0.984375      7019950        64.00
   38239.000     0.985938      7031462        71.11
   38815.000     0.987500      7042688        80.00
   39455.000     0.989062      7053796        91.43
   40127.000     0.990625      7064500       106.67
   40959.000     0.992188      7075617       128.00
   41439.000     0.992969      7081325       142.22
   41951.000     0.993750      7086766       160.00
   42559.000     0.994531      7092490       182.86
   43231.000     0.995313      7097950       213.33
   43999.000     0.996094      7103441       256.00
   44479.000     0.996484      7106274       284.44
   44959.000     0.996875      7109080       320.00
   45503.000     0.997266      7111846       365.71
   46175.000     0.997656      7114597       426.67
   46943.000     0.998047      7117367       512.00
   47391.000     0.998242      7118818       568.89
   47871.000     0.998437      7120159       640.00
   48479.000     0.998633      7121557       731.43
   49215.000     0.998828      7122968       853.33
   50015.000     0.999023      7124368      1024.00
   50495.000     0.999121      7125032      1137.78
   51039.000     0.999219      7125734      1280.00
   51583.000     0.999316      7126426      1462.86
   52383.000     0.999414      7127129      1706.67
   53311.000     0.999512      7127811      2048.00
   53887.000     0.999561      7128159      2275.56
   54559.000     0.999609      7128510      2560.00
   55295.000     0.999658      7128853      2925.71
   56287.000     0.999707      7129217      3413.33
   57471.000     0.999756      7129558      4096.00
   58175.000     0.999780      7129725      4551.11
   59039.000     0.999805      7129902      5120.00
   59871.000     0.999829      7130073      5851.43
   60607.000     0.999854      7130249      6826.67
   61535.000     0.999878      7130421      8192.00
   62143.000     0.999890      7130511      9102.22
   62975.000     0.999902      7130595     10240.00
   63519.000     0.999915      7130685     11702.86
   64639.000     0.999927      7130768     13653.33
   65727.000     0.999939      7130859     16384.00
   66239.000     0.999945      7130902     18204.44
   66559.000     0.999951      7130942     20480.00
   67135.000     0.999957      7130988     23405.71
   68223.000     0.999963      7131034     27306.67
   69375.000     0.999969      7131072     32768.00
   69951.000     0.999973      7131094     36408.89
   70335.000     0.999976      7131120     40960.00
   70591.000     0.999979      7131137     46811.43
   71359.000     0.999982      7131159     54613.33
   72063.000     0.999985      7131181     65536.00
   72703.000     0.999986      7131201     72817.78
   72767.000     0.999988      7131205     81920.00
   73151.000     0.999989      7131213     93622.86
   73919.000     0.999991      7131228    109226.67
   74623.000     0.999992      7131243    131072.00
   74623.000     0.999993      7131243    145635.56
   74687.000     0.999994      7131249    163840.00
   75071.000     0.999995      7131252    187245.71
   75263.000     0.999995      7131258    218453.33
   75519.000     0.999996      7131263    262144.00
   75647.000     0.999997      7131265    291271.11
   76287.000     0.999997      7131269    327680.00
   76351.000     0.999997      7131270    374491.43
   76927.000     0.999998      7131274    436906.67
   77055.000     0.999998      7131277    524288.00
   77055.000     0.999998      7131277    582542.22
   78079.000     0.999998      7131281    655360.00
   78079.000     0.999999      7131281    748982.86
   78079.000     0.999999      7131281    873813.33
   80127.000     0.999999      7131286   1048576.00
   80127.000     0.999999      7131286   1165084.44
   80127.000     0.999999      7131286   1310720.00
   80127.000     0.999999      7131286   1497965.71
   80127.000     0.999999      7131286   1747626.67
   80127.000     1.000000      7131286   2097152.00
   80127.000     1.000000      7131286   2330168.89
   80575.000     1.000000      7131287   2621440.00
   80575.000     1.000000      7131287   2995931.43
   80575.000     1.000000      7131287   3495253.33
   81919.000     1.000000      7131289   4194304.00
   81919.000     1.000000      7131289          inf
#[Mean    =    10449.241, StdDeviation   =    10037.081]
#[Max     =    81919.000, Total count    =      7131289]
#[Buckets =            7, SubBuckets     =         2048]
