       Value   Percentile   TotalCount 1/(1-Percentile)

     106.000     0.000000            1         1.00
     455.000     0.100000       949149         1.11
     612.000     0.200000      1891186         1.25
     811.000     0.300000      2834176         1.43
    1133.000     0.400000      3777430         1.67
    1979.000     0.500000      4720691         2.00
    2745.000     0.550000      5192636         2.22
    3485.000     0.600000      5665825         2.50
    4299.000     0.650000      6137990         2.86
    5403.000     0.700000      6609741         3.33
    6875.000     0.750000      7081637         4.00
    7911.000     0.775000      7317422         4.44
    9135.000     0.800000      7553510         5.00
   10783.000     0.825000      7789637         5.71
   13711.000     0.850000      8024871         6.67
   16863.000     0.875000      8261102         8.00
   18079.000     0.887500      8379106         8.89
   19567.000     0.900000      8497960        10.00
   21311.000     0.912500      8615203        11.43
   22879.000     0.925000      8734001        13.33
   24479.000     0.937500      8851439        16.00
   25583.000     0.943750      8910281        17.78
   27455.000     0.950000      8969158        20.00
   31887.000     0.956250      9028082        22.86
   39583.000     0.962500      9087049        26.67
   48223.000     0.968750      9146152        32.00
   52543.000     0.971875      9175579        35.56
   56703.000     0.975000      9205058        40.00
   60863.000     0.978125      9234526        45.71
   65407.000     0.981250      9264102        53.33
   70655.000     0.984375      9293618        64.00
   73663.000     0.985938      9308442        71.11
   76927.000     0.987500      9323266        80.00
   80511.000     0.989062      9337971        91.43
   84671.000     0.990625      9352581       106.67
   90239.000     0.992188      9367286       128.00
   93759.000     0.992969      9374672       142.22
   97919.000     0.993750      9382095       160.00
  102591.000     0.994531      9389456       182.86
  108159.000     0.995313      9396802       213.33
  114687.000     0.996094      9404216       256.00
  118783.000     0.996484      9407883       284.44
  123519.000     0.996875      9411526       320.00
  129151.000     0.997266      9415223       365.71
  136063.000     0.997656      9418912       426.67
  147071.000     0.998047      9422617       512.00
  153471.000     0.998242      9424460       568.89
  163967.000     0.998437      9426286       640.00
  180351.000     0.998633      9428121       731.43
  201343.000     0.998828      9429962       853.33
  229375.000     0.999023      9431808      1024.00
  246271.000     0.999121      9432732      1137.78
  259967.000     0.999219      9433651      1280.00
  282623.000     0.999316      9434571      1462.86
  328447.000     0.999414      9435494      1706.67
  366591.000     0.999512      9436415      2048.00
  388095.000     0.999561      9436880      2275.56
  407295.000     0.999609      9437337      2560.00
  441855.000     0.999658      9437799      2925.71
  500223.000     0.999707      9438261      3413.33
  591359.000     0.999756      9438721      4096.00
  615423.000     0.999780      9438950      4551.11
  650751.000     0.999805      9439180      5120.00
  769535.000     0.999829      9439413      5851.43
  878591.000     0.999854      9439641      6826.67
  910847.000     0.999878      9439875      8192.00
  925695.000     0.999890      9439987      9102.22
  940031.000     0.999902      9440104     10240.00
  973311.000     0.999915      9440219     11702.86
 1032191.000     0.999927      9440333     13653.33
 1048575.000     0.999939      9440450     16384.00
 1062911.000     0.999945      9440506     18204.44
 1085439.000     0.999951      9440566     20480.00
 1099775.000     0.999957      9440622     23405.71
 1111039.000     0.999963      9440682     27306.67
 1306623.000     0.999969      9440735     32768.00
 1336319.000     0.999973      9440765     36408.89
 1416191.000     0.999976      9440793     40960.00
 1461247.000     0.999979      9440824     46811.43
 1479679.000     0.999982      9440851     54613.33
 1496063.000     0.999985      9440879     65536.00
 1505279.000     0.999986      9440894     72817.78
 1515519.000     0.999988      9440909     81920.00
 1520639.000     0.999989      9440923     93622.86
 1596415.000     0.999991      9440939    109226.67
 1754111.000     0.999992      9440951    131072.00
 1760255.000     0.999993      9440962    145635.56
 1853439.000     0.999994      9440966    163840.00
 1882111.000     0.999995      9440973    187245.71
 1910783.000     0.999995      9440980    218453.33
 1928191.000     0.999996      9440987    262144.00
 1938431.000     0.999997      9440992    291271.11
 1947647.000     0.999997      9440996    327680.00
 1951743.000     0.999997      9441001    374491.43
 1952767.000     0.999998      9441003    436906.67
 1953791.000     0.999998      9441011    524288.00
 1953791.000     0.999998      9441011    582542.22
 1953791.000     0.999998      9441011    655360.00
 1953791.000     0.999999      9441011    748982.86
 1954815.000     0.999999      9441015    873813.33
 1954815.000     0.999999      9441015   1048576.00
 1954815.000     0.999999      9441015   1165084.44
 1955839.000     0.999999      9441019   1310720.00
 1955839.000     0.999999      9441019   1497965.71
 1955839.000     0.999999      9441019   1747626.67
 1955839.000     1.000000      9441019   2097152.00
 1955839.000     1.000000      9441019   2330168.89
 1956863.000     1.000000      9441021   2621440.00
 1956863.000     1.000000      9441021   2995931.43
 1956863.000     1.000000      9441021   3495253.33
 1956863.000     1.000000      9441021   4194304.00
 1956863.000     1.000000      9441021   4660337.78
 1957887.000     1.000000      9441022   5242880.00
 1957887.000     1.000000      9441022   5991862.86
 1957887.000     1.000000      9441022   6990506.67
 1957887.000     1.000000      9441022   8388608.00
 1957887.000     1.000000      9441022   9320675.55
 1961983.000     1.000000      9441023  10485760.00
 1961983.000     1.000000      9441023          inf
#[Mean    =     7859.784, StdDeviation   =    23491.468]
#[Max     =  1961983.000, Total count    =      9441023]
#[Buckets =           11, SubBuckets     =         2048]
