       Value   Percentile   TotalCount 1/(1-Percentile)

      68.000     0.000000            1         1.00
     108.000     0.100000       120435         1.11
     118.000     0.200000       239412         1.25
     127.000     0.300000       354135         1.43
     136.000     0.400000       466834         1.67
     146.000     0.500000       588899         2.00
     151.000     0.550000       647225         2.22
     156.000     0.600000       702950         2.50
     162.000     0.650000       764721         2.86
     168.000     0.700000       819773         3.33
     175.000     0.750000       875855         4.00
     180.000     0.775000       910457         4.44
     184.000     0.800000       935020         5.00
     190.000     0.825000       967282         5.71
     196.000     0.850000       994874         6.67
     203.000     0.875000      1021048         8.00
     208.000     0.887500      1036937         8.89
     213.000     0.900000      1050520        10.00
     220.000     0.912500      1066541        11.43
     227.000     0.925000      1079573        13.33
     237.000     0.937500      1094365        16.00
     243.000     0.943750      1101306        17.78
     251.000     0.950000      1108937        20.00
     261.000     0.956250      1116385        22.86
     273.000     0.962500      1123109        26.67
     293.000     0.968750      1130652        32.00
     306.000     0.971875      1134144        35.56
     324.000     0.975000      1137744        40.00
     351.000     0.978125      1141373        45.71
     399.000     0.981250      1144993        53.33
     473.000     0.984375      1148638        64.00
     506.000     0.985938      1150462        71.11
     536.000     0.987500      1152296        80.00
     565.000     0.989062      1154085        91.43
     598.000     0.990625      1155916       106.67
     641.000     0.992188      1157744       128.00
     668.000     0.992969      1158640       142.22
     699.000     0.993750      1159558       160.00
     728.000     0.994531      1160467       182.86
     760.000     0.995313      1161382       213.33
     798.000     0.996094      1162280       256.00
     819.000     0.996484      1162746       284.44
     844.000     0.996875      1163189       320.00
     874.000     0.997266      1163639       365.71
     909.000     0.997656      1164097       426.67
     953.000     0.998047      1164552       512.00
     975.000     0.998242      1164781       568.89
     996.000     0.998437      1165008       640.00
    1021.000     0.998633      1165235       731.43
    1052.000     0.998828      1165465       853.33
    1086.000     0.999023      1165693      1024.00
    1106.000     0.999121      1165815      1137.78
    1130.000     0.999219      1165923      1280.00
    1154.000     0.999316      1166032      1462.86
    1183.000     0.999414      1166148      1706.67
    1211.000     0.999512      1166262      2048.00
    1230.000     0.999561      1166318      2275.56
    1259.000     0.999609      1166374      2560.00
    1283.000     0.999658      1166431      2925.71
    1309.000     0.999707      1166488      3413.33
    1346.000     0.999756      1166545      4096.00
    1367.000     0.999780      1166573      4551.11
    1391.000     0.999805      1166602      5120.00
    1420.000     0.999829      1166630      5851.43
    1449.000     0.999854      1166659      6826.67
    1499.000     0.999878      1166687      8192.00
    1527.000     0.999890      1166701      9102.22
    1560.000     0.999902      1166716     10240.00
    1609.000     0.999915      1166730     11702.86
    1652.000     0.999927      1166744     13653.33
    1724.000     0.999939      1166758     16384.00
    1771.000     0.999945      1166765     18204.44
    1813.000     0.999951      1166773     20480.00
    1861.000     0.999957      1166780     23405.71
    1892.000     0.999963      1166787     27306.67
    1944.000     0.999969      1166794     32768.00
    1968.000     0.999973      1166797     36408.89
    2006.000     0.999976      1166801     40960.00
    2034.000     0.999979      1166805     46811.43
    2049.000     0.999982      1166808     54613.33
    2099.000     0.999985      1166812     65536.00
    2121.000     0.999986      1166813     72817.78
    2135.000     0.999988      1166816     81920.00
    2137.000     0.999989      1166817     93622.86
    2167.000     0.999991      1166819    109226.67
    2231.000     0.999992      1166821    131072.00
    2231.000     0.999993      1166821    145635.56
    2453.000     0.999994      1166822    163840.00
    2457.000     0.999995      1166823    187245.71
    2525.000     0.999995      1166824    218453.33
    2853.000     0.999996      1166825    262144.00
    2853.000     0.999997      1166825    291271.11
    2879.000     0.999997      1166826    327680.00
    2879.000     0.999997      1166826    374491.43
    2927.000     0.999998      1166827    436906.67
    2927.000     0.999998      1166827    524288.00
    2927.000     0.999998      1166827    582542.22
    3373.000     0.999998      1166828    655360.00
    3373.000     0.999999      1166828    748982.86
    3373.000     0.999999      1166828    873813.33
    3373.000     0.999999      1166828   1048576.00
    3373.000     0.999999      1166828   1165084.44
    6555.000     0.999999      1166829   1310720.00
    6555.000     1.000000      1166829          inf
#[Mean    =      162.464, StdDeviation   =       86.806]
#[Max     =     6555.000, Total count    =      1166829]
#[Buckets =            3, SubBuckets     =         2048]
