       Value   Percentile   TotalCount 1/(1-Percentile)

      58.000     0.000000            1         1.00
     287.000     0.100000       636402         1.11
     447.000     0.200000      1267484         1.25
     661.000     0.300000      1898112         1.43
     985.000     0.400000      2530744         1.67
    1521.000     0.500000      3163316         2.00
    1940.000     0.550000      3478798         2.22
    2571.000     0.600000      3795745         2.50
    3597.000     0.650000      4111562         2.86
    5163.000     0.700000      4427839         3.33
    7415.000     0.750000      4744171         4.00
    8783.000     0.775000      4902240         4.44
   10399.000     0.800000      5060358         5.00
   12159.000     0.825000      5218442         5.71
   13759.000     0.850000      5377034         6.67
   15199.000     0.875000      5534486         8.00
   16639.000     0.900000      5692547        10.00
   17439.000     0.912500      5771826        11.43
   18383.000     0.925000      5850896        13.33
   19679.000     0.937500      5930397        16.00
   20607.000     0.943750      5969499        17.78
   21967.000     0.950000      6008777        20.00
   24127.000     0.956250      6048447        22.86
   26671.000     0.962500      6087790        26.67
   29327.000     0.968750      6127450        32.00
   31039.000     0.971875      6147110        35.56
   34047.000     0.975000      6166888        40.00
  137087.000     0.978125      6186609        45.71
  156671.000     0.981250      6206517        53.33
  169983.000     0.984375      6226149        64.00
  184063.000     0.987500      6245960        80.00
  194303.000     0.989063      6255873        91.43
  209919.000     0.990625      6265723       106.67
  237823.000     0.992188      6275545       128.00
  294399.000     0.993750      6285466       160.00
  309759.000     0.994531      6290428       182.86
  321023.000     0.995313      6295352       213.33
  333567.000     0.996094      6300283       256.00
  339199.000     0.996484      6302751       284.44
  344831.000     0.996875      6305252       320.00
  350719.000     0.997266      6307685       365.71
  359167.000     0.997656      6310170       426.67
  370431.000     0.998047      6312629       512.00
  377087.000     0.998242      6313867       568.89
  386815.000     0.998437      6315085       640.00
  398079.000     0.998633      6316326       731.43
  410367.000     0.998828      6317556       853.33
  421631.000     0.999023      6318779      1024.00
  428543.000     0.999121      6319396      1137.78
  433663.000     0.999219      6320023      1280.00
  438783.000     0.999316      6320631      1462.86
  445951.000     0.999414      6321260      1706.67
  453631.000     0.999512      6321876      2048.00
  457215.000     0.999561      6322184      2275.56
  461823.000     0.999609      6322496      2560.00
  466431.000     0.999658      6322803      2925.71
  472831.000     0.999707      6323109      3413.33
  479999.000     0.999756      6323413      4096.00
  486655.000     0.999805      6323719      5120.00
  492031.000     0.999829      6323876      5851.43
  500479.000     0.999854      6324030      6826.67
  510975.000     0.999878      6324185      8192.00
  523519.000     0.999902      6324337     10240.00
  528895.000     0.999915      6324424     11702.86
  531455.000     0.999927      6324494     13653.33
  535039.000     0.999939      6324569     16384.00
  541695.000     0.999951      6324648     20480.00
  544767.000     0.999957      6324688     23405.71
  547839.000     0.999963      6324723     27306.67
  556031.000     0.999969      6324762     32768.00
  559615.000     0.999973      6324784     36408.89
  562687.000     0.999976      6324800     40960.00
  565247.000     0.999979      6324823     46811.43
  568319.000     0.999982      6324845     54613.33
  570367.000     0.999985      6324858     65536.00
  577535.000     0.999986      6324868     72817.78
  579071.000     0.999988      6324879     81920.00
  585215.000     0.999989      6324888     93622.86
  590335.000     0.999991      6324898    109226.67
  595455.000     0.999992      6324906    131072.00
  599551.000     0.999993      6324912    145635.56
  603135.000     0.999994      6324916    163840.00
  605183.000     0.999995      6324921    187245.71
  607231.000     0.999995      6324926    218453.33
  608767.000     0.999996      6324930    262144.00
  610815.000     0.999997      6324934    291271.11
  611327.000     0.999997      6324936    327680.00
  622079.000     0.999997      6324938    374491.43
  623103.000     0.999998      6324942    436906.67
  623103.000     0.999998      6324942    524288.00
  623615.000     0.999998      6324945    582542.22
  623615.000     0.999998      6324945    655360.00
  624127.000     0.999999      6324947    748982.86
  624127.000     0.999999      6324947    873813.33
  624639.000     0.999999      6324951   1048576.00
  624639.000     0.999999      6324951   1165084.44
  624639.000     0.999999      6324951   1310720.00
  624639.000     0.999999      6324951   1497965.71
  624639.000     0.999999      6324951   1747626.67
  624639.000     1.000000      6324951   2097152.00
  641535.000     1.000000      6324952   2330168.89
  641535.000     1.000000      6324952   2621440.00
  641535.000     1.000000      6324952   2995931.43
  642559.000     1.000000      6324953   3495253.33
  642559.000     1.000000      6324953   4194304.00
  642559.000     1.000000      6324953   4660337.78
  642559.000     1.000000      6324953   5242880.00
  642559.000     1.000000      6324953   5991862.86
  651263.000     1.000000      6324954   6990506.67
  651263.000     1.000000      6324954          inf
#[Mean    =    10005.128, StdDeviation   =    37123.698]
#[Max     =   651263.000, Total count    =      6324954]
#[Buckets =           10, SubBuckets     =         2048]
