       Value   Percentile   TotalCount 1/(1-Percentile)

      69.000     0.000000            1         1.00
     112.000     0.100000       138620         1.11
     120.000     0.200000       266973         1.25
     127.000     0.300000       410266         1.43
     133.000     0.400000       543010         1.67
     138.000     0.500000       652818         2.00
     142.000     0.550000       735342         2.22
     145.000     0.600000       793359         2.50
     149.000     0.650000       863453         2.86
     153.000     0.700000       926045         3.33
     157.000     0.750000       980794         4.00
     160.000     0.775000      1016634         4.44
     163.000     0.800000      1048619         5.00
     166.000     0.825000      1077056         5.71
     170.000     0.850000      1109797         6.67
     175.000     0.875000      1143446         8.00
     178.000     0.887500      1160606         8.89
     181.000     0.900000      1175677        10.00
     184.000     0.912500      1188763        11.43
     189.000     0.925000      1207370        13.33
     194.000     0.937500      1222208        16.00
     197.000     0.943750      1229823        17.78
     201.000     0.950000      1238295        20.00
     206.000     0.956250      1247261        22.86
     211.000     0.962500      1254632        26.67
     218.000     0.968750      1262452        32.00
     222.000     0.971875      1266013        35.56
     228.000     0.975000      1270313        40.00
     235.000     0.978125      1274116        45.71
     246.000     0.981250      1278449        53.33
     260.000     0.984375      1282284        64.00
     270.000     0.985938      1284357        71.11
     282.000     0.987500      1286444        80.00
     296.000     0.989062      1288360        91.43
     315.000     0.990625      1290472       106.67
     336.000     0.992188      1292451       128.00
     348.000     0.992969      1293491       142.22
     360.000     0.993750      1294468       160.00
     373.000     0.994531      1295540       182.86
     385.000     0.995313      1296510       213.33
     398.000     0.996094      1297569       256.00
     405.000     0.996484      1298095       284.44
     411.000     0.996875      1298547       320.00
     419.000     0.997266      1299100       365.71
     427.000     0.997656      1299604       426.67
     435.000     0.998047      1300065       512.00
     440.000     0.998242      1300327       568.89
     446.000     0.998437      1300601       640.00
     452.000     0.998633      1300862       731.43
     458.000     0.998828      1301078       853.33
     465.000     0.999023      1301342      1024.00
     469.000     0.999121      1301461      1137.78
     474.000     0.999219      1301606      1280.00
     478.000     0.999316      1301711      1462.86
     484.000     0.999414      1301839      1706.67
     491.000     0.999512      1301977      2048.00
     495.000     0.999561      1302040      2275.56
     499.000     0.999609      1302106      2560.00
     503.000     0.999658      1302163      2925.71
     510.000     0.999707      1302233      3413.33
     518.000     0.999756      1302285      4096.00
     522.000     0.999780      1302320      4551.11
     525.000     0.999805      1302352      5120.00
     530.000     0.999829      1302379      5851.43
     538.000     0.999854      1302412      6826.67
     548.000     0.999878      1302442      8192.00
     557.000     0.999890      1302458      9102.22
     568.000     0.999902      1302475     10240.00
     581.000     0.999915      1302490     11702.86
     597.000     0.999927      1302506     13653.33
     614.000     0.999939      1302522     16384.00
     623.000     0.999945      1302531     18204.44
     632.000     0.999951      1302537     20480.00
     639.000     0.999957      1302546     23405.71
     644.000     0.999963      1302554     27306.67
     651.000     0.999969      1302561     32768.00
     659.000     0.999973      1302565     36408.89
     670.000     0.999976      1302569     40960.00
     680.000     0.999979      1302574     46811.43
     687.000     0.999982      1302577     54613.33
     703.000     0.999985      1302581     65536.00
     708.000     0.999986      1302583     72817.78
     713.000     0.999988      1302585     81920.00
     720.000     0.999989      1302587     93622.86
     726.000     0.999991      1302589    109226.67
     747.000     0.999992      1302591    131072.00
     757.000     0.999993      1302592    145635.56
     763.000     0.999994      1302593    163840.00
     764.000     0.999995      1302594    187245.71
     770.000     0.999995      1302596    218453.33
     770.000     0.999996      1302596    262144.00
     770.000     0.999997      1302596    291271.11
     788.000     0.999997      1302597    327680.00
     788.000     0.999997      1302597    374491.43
     818.000     0.999998      1302598    436906.67
     818.000     0.999998      1302598    524288.00
     818.000     0.999998      1302598    582542.22
     831.000     0.999998      1302599    655360.00
     831.000     0.999999      1302599    748982.86
     831.000     0.999999      1302599    873813.33
     831.000     0.999999      1302599   1048576.00
     831.000     0.999999      1302599   1165084.44
    1745.000     0.999999      1302600   1310720.00
    1745.000     1.000000      1302600          inf
#[Mean    =      145.205, StdDeviation   =       38.179]
#[Max     =     1745.000, Total count    =      1302600]
#[Buckets =            1, SubBuckets     =         2048]
