       Value   Percentile   TotalCount 1/(1-Percentile)

      63.000     0.000000            1         1.00
     672.000     0.100000       918023         1.11
     927.000     0.200000      1833018         1.25
    1166.000     0.300000      2748467         1.43
    1431.000     0.400000      3663746         1.67
    1773.000     0.500000      4578315         2.00
    1997.000     0.550000      5035289         2.22
    2277.000     0.600000      5494765         2.50
    2637.000     0.650000      5952349         2.86
    3147.000     0.700000      6408729         3.33
    3937.000     0.750000      6867016         4.00
    4387.000     0.775000      7095179         4.44
    4819.000     0.800000      7325664         5.00
    5223.000     0.825000      7553420         5.71
    5623.000     0.850000      7781875         6.67
    6043.000     0.875000      8012229         8.00
    6263.000     0.887500      8125516         8.89
    6499.000     0.900000      8239731        10.00
    6759.000     0.912500      8355494        11.43
    7043.000     0.925000      8468643        13.33
    7379.000     0.937500      8583872        16.00
    7571.000     0.943750      8641031        17.78
    7783.000     0.950000      8697184        20.00
    8035.000     0.956250      8754971        22.86
    8335.000     0.962500      8812127        26.67
    8727.000     0.968750      8869757        32.00
    8967.000     0.971875      8897456        35.56
    9279.000     0.975000      8926117        40.00
    9695.000     0.978125      8954935        45.71
   10287.000     0.981250      8983407        53.33
   11175.000     0.984375      9012016        64.00
   11743.000     0.985938      9026269        71.11
   12375.000     0.987500      9040596        80.00
   13047.000     0.989062      9054839        91.43
   13751.000     0.990625      9069194       106.67
   14495.000     0.992188      9083519       128.00
   14887.000     0.992969      9090585       142.22
   15295.000     0.993750      9097720       160.00
   15743.000     0.994531      9104919       182.86
   16231.000     0.995313      9112077       213.33
   16783.000     0.996094      9119164       256.00
   17103.000     0.996484      9122842       284.44
   17439.000     0.996875      9126399       320.00
   17823.000     0.997266      9129936       365.71
   18271.000     0.997656      9133587       426.67
   18783.000     0.998047      9137104       512.00
   19087.000     0.998242      9138902       568.89
   19439.000     0.998437      9140642       640.00
   19855.000     0.998633      9142408       731.43
   20383.000     0.998828      9144230       853.33
   21039.000     0.999023      9146001      1024.00
   21423.000     0.999121      9146899      1137.78
   21855.000     0.999219      9147795      1280.00
   22319.000     0.999316      9148691      1462.86
   22815.000     0.999414      9149572      1706.67
   23375.000     0.999512      9150467      2048.00
   23663.000     0.999561      9150916      2275.56
   23967.000     0.999609      9151354      2560.00
   24319.000     0.999658      9151799      2925.71
   24687.000     0.999707      9152254      3413.33
   25071.000     0.999756      9152690      4096.00
   25311.000     0.999780      9152927      4551.11
   25535.000     0.999805      9153144      5120.00
   25775.000     0.999829      9153359      5851.43
   26063.000     0.999854      9153601      6826.67
   26351.000     0.999878      9153805      8192.00
   26511.000     0.999890      9153921      9102.22
   26687.000     0.999902      9154036     10240.00
   26879.000     0.999915      9154147     11702.86
   27071.000     0.999927      9154260     13653.33
   27295.000     0.999939      9154368     16384.00
   27423.000     0.999945      9154420     18204.44
   27599.000     0.999951      9154475     20480.00
   27743.000     0.999957      9154538     23405.71
   27903.000     0.999963      9154587     27306.67
   28111.000     0.999969      9154645     32768.00
   28239.000     0.999973      9154675     36408.89
   28319.000     0.999976      9154699     40960.00
   28431.000     0.999979      9154729     46811.43
   28559.000     0.999982      9154758     54613.33
   28687.000     0.999985      9154786     65536.00
   28783.000     0.999986      9154801     72817.78
   28879.000     0.999988      9154811     81920.00
   28991.000     0.999989      9154825     93622.86
   29103.000     0.999991      9154840    109226.67
   29231.000     0.999992      9154854    131072.00
   29279.000     0.999993      9154860    145635.56
   29359.000     0.999994      9154867    163840.00
   29423.000     0.999995      9154874    187245.71
   29519.000     0.999995      9154882    218453.33
   29711.000     0.999996      9154890    262144.00
   29727.000     0.999997      9154892    291271.11
   29791.000     0.999997      9154895    327680.00
   29903.000     0.999997      9154898    374491.43
   29999.000     0.999998      9154902    436906.67
   30031.000     0.999998      9154906    524288.00
   30047.000     0.999998      9154907    582542.22
   30223.000     0.999998      9154909    655360.00
   30351.000     0.999999      9154910    748982.86
   30527.000     0.999999      9154912    873813.33
   30655.000     0.999999      9154914   1048576.00
   30703.000     0.999999      9154915   1165084.44
   31071.000     0.999999      9154916   1310720.00
   31071.000     0.999999      9154916   1497965.71
   31087.000     0.999999      9154917   1747626.67
   31199.000     1.000000      9154918   2097152.00
   31631.000     1.000000      9154920   2330168.89
   31631.000     1.000000      9154920   2621440.00
   31631.000     1.000000      9154920   2995931.43
   31631.000     1.000000      9154920   3495253.33
   31631.000     1.000000      9154920   4194304.00
   33055.000     1.000000      9154921   4660337.78
   33055.000     1.000000      9154921   5242880.00
   33055.000     1.000000      9154921   5991862.86
   33055.000     1.000000      9154921   6990506.67
   33055.000     1.000000      9154921   8388608.00
   33631.000     1.000000      9154922   9320675.55
   33631.000     1.000000      9154922          inf
#[Mean    =     2843.387, StdDeviation   =     2726.456]
#[Max     =    33631.000, Total count    =      9154922]
#[Buckets =            6, SubBuckets     =         2048]
