       Value   Percentile   TotalCount 1/(1-Percentile)

     206.000     0.000000            1         1.00
     716.000     0.100000       347699         1.11
    1762.000     0.200000       695285         1.25
    6355.000     0.300000      1042758         1.43
   11431.000     0.400000      1390750         1.67
   17503.000     0.500000      1738277         2.00
   21007.000     0.550000      1912445         2.22
   23855.000     0.600000      2085985         2.50
   26687.000     0.650000      2259342         2.86
   29567.000     0.700000      2433638         3.33
   32287.000     0.750000      2607576         4.00
   33631.000     0.775000      2694909         4.44
   35231.000     0.800000      2782304         5.00
   36863.000     0.825000      2867953         5.71
   38815.000     0.850000      2955562         6.67
   41535.000     0.875000      3041679         8.00
   43711.000     0.887500      3085209         8.89
   46207.000     0.900000      3128644        10.00
   48639.000     0.912500      3172001        11.43
   51295.000     0.925000      3215431        13.33
   53279.000     0.937500      3258868        16.00
   54335.000     0.943750      3280810        17.78
   55839.000     0.950000      3302191        20.00
   58335.000     0.956250      3323719        22.86
   61055.000     0.962500      3345513        26.67
   63711.000     0.968750      3367258        32.00
   65119.000     0.971875      3378196        35.56
   67007.000     0.975000      3389049        40.00
   69887.000     0.978125      3399790        45.71
   76031.000     0.981250      3410685        53.33
   83391.000     0.984375      3421544        64.00
   87359.000     0.985938      3426899        71.11
   91455.000     0.987500      3432329        80.00
   96191.000     0.989062      3437781        91.43
  102015.000     0.990625      3443204       106.67
  110335.000     0.992188      3448651       128.00
  115007.000     0.992969      3451325       142.22
  120127.000     0.993750      3454057       160.00
  126015.000     0.994531      3456768       182.86
  132863.000     0.995313      3459482       213.33
  140159.000     0.996094      3462220       256.00
  143871.000     0.996484      3463548       284.44
  148863.000     0.996875      3464921       320.00
  154495.000     0.997266      3466270       365.71
  161279.000     0.997656      3467619       426.67
  168575.000     0.998047      3468979       512.00
  172415.000     0.998242      3469659       568.89
  176895.000     0.998437      3470342       640.00
  181631.000     0.998633      3471022       731.43
  187391.000     0.998828      3471690       853.33
  194943.000     0.999023      3472368      1024.00
  199679.000     0.999121      3472711      1137.78
  204415.000     0.999219      3473049      1280.00
  209663.000     0.999316      3473390      1462.86
  216191.000     0.999414      3473727      1706.67
  220671.000     0.999512      3474065      2048.00
  223359.000     0.999561      3474236      2275.56
  226943.000     0.999609      3474407      2560.00
  232703.000     0.999658      3474577      2925.71
  239103.000     0.999707      3474744      3413.33
  245631.000     0.999756      3474915      4096.00
  250879.000     0.999780      3475000      4551.11
  255359.000     0.999805      3475085      5120.00
  259327.000     0.999829      3475171      5851.43
  263423.000     0.999854      3475253      6826.67
  266751.000     0.999878      3475341      8192.00
  269055.000     0.999890      3475383      9102.22
  270591.000     0.999902      3475423     10240.00
  272895.000     0.999915      3475466     11702.86
  278015.000     0.999927      3475508     13653.33
  288511.000     0.999939      3475550     16384.00
  291071.000     0.999945      3475573     18204.44
  296447.000     0.999951      3475593     20480.00
  305151.000     0.999957      3475615     23405.71
  308479.000     0.999963      3475635     27306.67
  311295.000     0.999969      3475661     32768.00
  312319.000     0.999973      3475668     36408.89
  313343.000     0.999976      3475679     40960.00
  314623.000     0.999979      3475688     46811.43
  323071.000     0.999982      3475699     54613.33
  327935.000     0.999985      3475709     65536.00
  331263.000     0.999986      3475715     72817.78
  364543.000     0.999988      3475720     81920.00
  367359.000     0.999989      3475726     93622.86
  395775.000     0.999991      3475732    109226.67
  396799.000     0.999992      3475736    131072.00
  397311.000     0.999993      3475740    145635.56
  397567.000     0.999994      3475741    163840.00
  420351.000     0.999995      3475744    187245.71
  421887.000     0.999995      3475747    218453.33
  422655.000     0.999996      3475749    262144.00
  423167.000     0.999997      3475752    291271.11
  423167.000     0.999997      3475752    327680.00
  423423.000     0.999997      3475753    374491.43
  423679.000     0.999998      3475758    436906.67
  423679.000     0.999998      3475758    524288.00
  423679.000     0.999998      3475758    582542.22
  423679.000     0.999998      3475758    655360.00
  423679.000     0.999999      3475758    748982.86
  423935.000     0.999999      3475759    873813.33
  423935.000     0.999999      3475759   1048576.00
  424191.000     0.999999      3475761   1165084.44
  424191.000     0.999999      3475761   1310720.00
  424191.000     0.999999      3475761   1497965.71
  424191.000     0.999999      3475761   1747626.67
  424191.000     1.000000      3475761   2097152.00
  424191.000     1.000000      3475761   2330168.89
  424191.000     1.000000      3475761   2621440.00
  424191.000     1.000000      3475761   2995931.43
  443903.000     1.000000      3475762   3495253.33
  443903.000     1.000000      3475762          inf
#[Mean    =    21479.370, StdDeviation   =    21939.896]
#[Max     =   443903.000, Total count    =      3475762]
#[Buckets =            9, SubBuckets     =         2048]
