       Value   Percentile   TotalCount 1/(1-Percentile)

      63.000     0.000000            1         1.00
     498.000     0.100000       769765         1.11
     771.000     0.200000      1538650         1.25
    1089.000     0.300000      2308165         1.43
    1509.000     0.400000      3076419         1.67
    2137.000     0.500000      3845573         2.00
    2587.000     0.550000      4228607         2.22
    3191.000     0.600000      4612927         2.50
    3997.000     0.650000      4998025         2.86
    5011.000     0.700000      5382946         3.33
    6143.000     0.750000      5767286         4.00
    6731.000     0.775000      5958982         4.44
    7339.000     0.800000      6151498         5.00
    7963.000     0.825000      6342667         5.71
    8631.000     0.850000      6536336         6.67
    9343.000     0.875000      6728147         8.00
    9727.000     0.887500      6824181         8.89
   10135.000     0.900000      6919973        10.00
   10575.000     0.912500      7016563        11.43
   11055.000     0.925000      7112333        13.33
   11591.000     0.937500      7208225        16.00
   11887.000     0.943750      7255990        17.78
   12215.000     0.950000      7304616        20.00
   12567.000     0.956250      7352042        22.86
   12967.000     0.962500      7400166        26.67
   13423.000     0.968750      7448074        32.00
   13679.000     0.971875      7471961        35.56
   13967.000     0.975000      7496311        40.00
   14279.000     0.978125      7520036        45.71
   14639.000     0.981250      7544055        53.33
   15055.000     0.984375      7568030        64.00
   15295.000     0.985938      7580320        71.11
   15551.000     0.987500      7592049        80.00
   15847.000     0.989062      7604295        91.43
   16175.000     0.990625      7616127       106.67
   16559.000     0.992188      7628145       128.00
   16783.000     0.992969      7634276       142.22
   17023.000     0.993750      7640145       160.00
   17295.000     0.994531      7646076       182.86
   17615.000     0.995313      7652304       213.33
   17983.000     0.996094      7658243       256.00
   18191.000     0.996484      7661254       284.44
   18415.000     0.996875      7664194       320.00
   18671.000     0.997266      7667144       365.71
   18975.000     0.997656      7670108       426.67
   19327.000     0.998047      7673074       512.00
   19535.000     0.998242      7674642       568.89
   19759.000     0.998437      7676140       640.00
   20015.000     0.998633      7677629       731.43
   20271.000     0.998828      7679097       853.33
   20607.000     0.999023      7680626      1024.00
   20783.000     0.999121      7681340      1137.78
   20975.000     0.999219      7682068      1280.00
   21199.000     0.999316      7682819      1462.86
   21471.000     0.999414      7683604      1706.67
   21759.000     0.999512      7684353      2048.00
   21919.000     0.999561      7684703      2275.56
   22111.000     0.999609      7685092      2560.00
   22335.000     0.999658      7685465      2925.71
   22575.000     0.999707      7685828      3413.33
   22863.000     0.999756      7686195      4096.00
   23039.000     0.999780      7686400      4551.11
   23215.000     0.999805      7686578      5120.00
   23439.000     0.999829      7686767      5851.43
   23663.000     0.999854      7686947      6826.67
   23951.000     0.999878      7687137      8192.00
   24111.000     0.999890      7687229      9102.22
   24303.000     0.999902      7687328     10240.00
   24511.000     0.999915      7687415     11702.86
   24783.000     0.999927      7687510     13653.33
   25119.000     0.999939      7687604     16384.00
   25263.000     0.999945      7687651     18204.44
   25391.000     0.999951      7687696     20480.00
   25647.000     0.999957      7687744     23405.71
   25903.000     0.999963      7687791     27306.67
   26207.000     0.999969      7687838     32768.00
   26335.000     0.999973      7687860     36408.89
   26447.000     0.999976      7687886     40960.00
   26655.000     0.999979      7687908     46811.43
   26975.000     0.999982      7687931     54613.33
   27247.000     0.999985      7687955     65536.00
   27343.000     0.999986      7687966     72817.78
   27599.000     0.999988      7687981     81920.00
   27775.000     0.999989      7687989     93622.86
   28063.000     0.999991      7688001    109226.67
   28271.000     0.999992      7688014    131072.00
   28319.000     0.999993      7688019    145635.56
   28431.000     0.999994      7688025    163840.00
   28623.000     0.999995      7688030    187245.71
   28879.000     0.999995      7688038    218453.33
   29039.000     0.999996      7688042    262144.00
   29167.000     0.999997      7688045    291271.11
   29295.000     0.999997      7688048    327680.00
   29519.000     0.999997      7688052    374491.43
   29759.000     0.999998      7688054    436906.67
   30735.000     0.999998      7688057    524288.00
   30863.000     0.999998      7688058    582542.22
   31311.000     0.999998      7688060    655360.00
   32063.000     0.999999      7688061    748982.86
   34527.000     0.999999      7688063    873813.33
   34783.000     0.999999      7688064   1048576.00
   34847.000     0.999999      7688065   1165084.44
   34975.000     0.999999      7688066   1310720.00
   34975.000     0.999999      7688066   1497965.71
   35103.000     0.999999      7688067   1747626.67
   35263.000     1.000000      7688068   2097152.00
   35263.000     1.000000      7688068   2330168.89
   35359.000     1.000000      7688069   2621440.00
   35359.000     1.000000      7688069   2995931.43
   35359.000     1.000000      7688069   3495253.33
   35551.000     1.000000      7688070   4194304.00
   35551.000     1.000000      7688070   4660337.78
   35551.000     1.000000      7688070   5242880.00
   35551.000     1.000000      7688070   5991862.86
   35551.000     1.000000      7688070   6990506.67
   35679.000     1.000000      7688071   8388608.00
   35679.000     1.000000      7688071          inf
#[Mean    =     3927.075, StdDeviation   =     3993.858]
#[Max     =    35679.000, Total count    =      7688071]
#[Buckets =            6, SubBuckets     =         2048]
