       Value   Percentile   TotalCount 1/(1-Percentile)

     157.000     0.000000            4         1.00
     536.000     0.100000       440746         1.11
    1252.000     0.200000       881233         1.25
    2859.000     0.300000      1321970         1.43
    5871.000     0.400000      1762470         1.67
   10255.000     0.500000      2202729         2.00
   12543.000     0.550000      2423278         2.22
   15303.000     0.600000      2643522         2.50
   18975.000     0.650000      2864170         2.86
   23215.000     0.700000      3084264         3.33
   28463.000     0.750000      3304382         4.00
   31407.000     0.775000      3414839         4.44
   33503.000     0.800000      3525004         5.00
   35487.000     0.825000      3635067         5.71
   37535.000     0.850000      3745131         6.67
   39519.000     0.875000      3856142         8.00
   40575.000     0.887500      3910575         8.89
   41631.000     0.900000      3966383        10.00
   42847.000     0.912500      4020958        11.43
   44191.000     0.925000      4076318        13.33
   45599.000     0.937500      4130752        16.00
   46527.000     0.943750      4157968        17.78
   47391.000     0.950000      4186118        20.00
   48319.000     0.956250      4213444        22.86
   49407.000     0.962500      4240770        26.67
   50943.000     0.968750      4267862        32.00
   52351.000     0.971875      4281630        35.56
   55135.000     0.975000      4295387        40.00
   57023.000     0.978125      4309133        45.71
   58559.000     0.981250      4323011        53.33
   60095.000     0.984375      4336815        64.00
   60799.000     0.985938      4343757        71.11
   61503.000     0.987500      4350527        80.00
   62847.000     0.989062      4357350        91.43
   65055.000     0.990625      4364225       106.67
   68287.000     0.992188      4371074       128.00
   78015.000     0.992969      4374493       142.22
   90303.000     0.993750      4377935       160.00
  101695.000     0.994531      4381358       182.86
  112191.000     0.995313      4384806       213.33
  121727.000     0.996094      4388247       256.00
  126911.000     0.996484      4389979       284.44
  132351.000     0.996875      4391720       320.00
  137727.000     0.997266      4393419       365.71
  143359.000     0.997656      4395126       426.67
  149375.000     0.998047      4396863       512.00
  153343.000     0.998242      4397722       568.89
  157183.000     0.998437      4398582       640.00
  161279.000     0.998633      4399444       731.43
  165247.000     0.998828      4400301       853.33
  169983.000     0.999023      4401154      1024.00
  172927.000     0.999121      4401588      1137.78
  175871.000     0.999219      4402019      1280.00
  178687.000     0.999316      4402442      1462.86
  182271.000     0.999414      4402873      1706.67
  187007.000     0.999512      4403309      2048.00
  189695.000     0.999561      4403524      2275.56
  192639.000     0.999609      4403738      2560.00
  195583.000     0.999658      4403945      2925.71
  199679.000     0.999707      4404162      3413.33
  205311.000     0.999756      4404380      4096.00
  208511.000     0.999780      4404487      4551.11
  211327.000     0.999805      4404590      5120.00
  214527.000     0.999829      4404703      5851.43
  218239.000     0.999854      4404810      6826.67
  222079.000     0.999878      4404917      8192.00
  223359.000     0.999890      4404971      9102.22
  225535.000     0.999902      4405020     10240.00
  228607.000     0.999915      4405075     11702.86
  230527.000     0.999927      4405128     13653.33
  232959.000     0.999939      4405183     16384.00
  233855.000     0.999945      4405210     18204.44
  234751.000     0.999951      4405236     20480.00
  235519.000     0.999957      4405262     23405.71
  238591.000     0.999963      4405290     27306.67
  242303.000     0.999969      4405316     32768.00
  244351.000     0.999973      4405330     36408.89
  245887.000     0.999976      4405345     40960.00
  247295.000     0.999979      4405356     46811.43
  248575.000     0.999982      4405372     54613.33
  249983.000     0.999985      4405384     65536.00
  250879.000     0.999986      4405390     72817.78
  251647.000     0.999988      4405397     81920.00
  252927.000     0.999989      4405403     93622.86
  254591.000     0.999991      4405410    109226.67
  256383.000     0.999992      4405417    131072.00
  257279.000     0.999993      4405420    145635.56
  258943.000     0.999994      4405424    163840.00
  259967.000     0.999995      4405427    187245.71
  260735.000     0.999995      4405430    218453.33
  262399.000     0.999996      4405434    262144.00
  262911.000     0.999997      4405435    291271.11
  263423.000     0.999997      4405437    327680.00
  264703.000     0.999997      4405439    374491.43
  265471.000     0.999998      4405440    436906.67
  266751.000     0.999998      4405442    524288.00
  267519.000     0.999998      4405443    582542.22
  268031.000     0.999998      4405444    655360.00
  269055.000     0.999999      4405445    748982.86
  269055.000     0.999999      4405445    873813.33
  269567.000     0.999999      4405446   1048576.00
  270335.000     0.999999      4405447   1165084.44
  270335.000     0.999999      4405447   1310720.00
  272127.000     0.999999      4405448   1497965.71
  272127.000     0.999999      4405448   1747626.67
  272127.000     1.000000      4405448   2097152.00
  273151.000     1.000000      4405449   2330168.89
  273151.000     1.000000      4405449   2621440.00
  273151.000     1.000000      4405449   2995931.43
  273151.000     1.000000      4405449   3495253.33
  273151.000     1.000000      4405449   4194304.00
  274431.000     1.000000      4405450   4660337.78
  274431.000     1.000000      4405450          inf
#[Mean    =    16784.701, StdDeviation   =    18979.656]
#[Max     =   274431.000, Total count    =      4405450]
#[Buckets =            9, SubBuckets     =         2048]
