       Value   Percentile   TotalCount 1/(1-Percentile)

      55.000     0.000000           25         1.00
      65.000     0.100000        62753         1.11
      66.000     0.200000       202440         1.25
      66.000     0.300000       202440         1.43
      66.000     0.400000       202440         1.67
      67.000     0.500000       325458         2.00
      67.000     0.550000       325458         2.22
      67.000     0.600000       325458         2.50
      67.000     0.650000       325458         2.86
      67.000     0.700000       325458         3.33
      67.000     0.750000       325458         4.00
      67.000     0.775000       325458         4.44
      68.000     0.800000       382545         5.00
      68.000     0.825000       382545         5.71
      68.000     0.850000       382545         6.67
      68.000     0.875000       382545         8.00
      68.000     0.887500       382545         8.89
      68.000     0.900000       382545        10.00
      68.000     0.912500       382545        11.43
      69.000     0.925000       404638        13.33
      69.000     0.937500       404638        16.00
      69.000     0.943750       404638        17.78
      69.000     0.950000       404638        20.00
      69.000     0.956250       404638        22.86
      69.000     0.962500       404638        26.67
      69.000     0.968750       404638        32.00
      69.000     0.971875       404638        35.56
      69.000     0.975000       404638        40.00
      70.000     0.978125       411558        45.71
      70.000     0.981250       411558        53.33
      70.000     0.984375       411558        64.00
      70.000     0.985938       411558        71.11
      70.000     0.987500       411558        80.00
      70.000     0.989062       411558        91.43
      70.000     0.990625       411558       106.67
      70.000     0.992188       411558       128.00
      71.000     0.992969       413426       142.22
      71.000     0.993750       413426       160.00
      71.000     0.994531       413426       182.86
      71.000     0.995313       413426       213.33
      71.000     0.996094       413426       256.00
      71.000     0.996484       413426       284.44
      71.000     0.996875       413426       320.00
      71.000     0.997266       413426       365.71
      72.000     0.997656       413925       426.67
      72.000     0.998047       413925       512.00
      72.000     0.998242       413925       568.89
      72.000     0.998437       413925       640.00
      72.000     0.998633       413925       731.43
      73.000     0.998828       414095       853.33
      73.000     0.999023       414095      1024.00
      74.000     0.999121       414156      1137.78
      75.000     0.999219       414185      1280.00
      77.000     0.999316       414220      1462.86
      79.000     0.999414       414260      1706.67
      81.000     0.999512       414296      2048.00
      82.000     0.999561       414317      2275.56
      83.000     0.999609       414336      2560.00
      84.000     0.999658       414352      2925.71
      85.000     0.999707       414364      3413.33
      88.000     0.999756       414397      4096.00
      88.000     0.999780       414397      4551.11
      89.000     0.999805       414429      5120.00
      89.000     0.999829       414429      5851.43
      89.000     0.999854       414429      6826.67
      90.000     0.999878       414452      8192.00
      90.000     0.999890       414452      9102.22
      90.000     0.999902       414452     10240.00
      90.000     0.999915       414452     11702.86
      91.000     0.999927       414466     13653.33
      91.000     0.999939       414466     16384.00
      91.000     0.999945       414466     18204.44
      91.000     0.999951       414466     20480.00
      91.000     0.999957       414466     23405.71
      92.000     0.999963       414471     27306.67
      92.000     0.999969       414471     32768.00
      93.000     0.999973       414474     36408.89
      93.000     0.999976       414474     40960.00
      94.000     0.999979       414476     46811.43
      94.000     0.999982       414476     54613.33
      98.000     0.999985       414477     65536.00
     124.000     0.999986       414478     72817.78
     124.000     0.999988       414478     81920.00
     143.000     0.999989       414479     93622.86
   41183.000     0.999991       414483    109226.67
   41183.000     1.000000       414483          inf
#[Mean    =       67.058, StdDeviation   =      127.690]
#[Max     =    41183.000, Total count    =       414483]
#[Buckets =            6, SubBuckets     =         2048]
