       Value   Percentile   TotalCount 1/(1-Percentile)

      61.000     0.000000            1         1.00
     708.000     0.100000       751950         1.11
    1109.000     0.200000      1505139         1.25
    1497.000     0.300000      2257091         1.43
    1950.000     0.400000      3008660         1.67
    2539.000     0.500000      3760406         2.00
    2917.000     0.550000      4136348         2.22
    3383.000     0.600000      4511090         2.50
    3973.000     0.650000      4887175         2.86
    4711.000     0.700000      5263379         3.33
    5623.000     0.750000      5639723         4.00
    6155.000     0.775000      5827966         4.44
    6751.000     0.800000      6015877         5.00
    7435.000     0.825000      6203748         5.71
    8239.000     0.850000      6391255         6.67
    9207.000     0.875000      6579004         8.00
    9783.000     0.887500      6673168         8.89
   10439.000     0.900000      6767486        10.00
   11199.000     0.912500      6861213        11.43
   12095.000     0.925000      6955182        13.33
   13199.000     0.937500      7048710        16.00
   13871.000     0.943750      7096056        17.78
   14639.000     0.950000      7142948        20.00
   15551.000     0.956250      7189752        22.86
   16671.000     0.962500      7236954        26.67
   18079.000     0.968750      7283937        32.00
   18943.000     0.971875      7307059        35.56
   19983.000     0.975000      7330590        40.00
   21247.000     0.978125      7354077        45.71
   22815.000     0.981250      7377701        53.33
   24735.000     0.984375      7401015        64.00
   25887.000     0.985938      7412806        71.11
   27215.000     0.987500      7424545        80.00
   28735.000     0.989062      7436258        91.43
   30495.000     0.990625      7447982       106.67
   32559.000     0.992188      7459779       128.00
   33759.000     0.992969      7465602       142.22
   35135.000     0.993750      7471513       160.00
   36735.000     0.994531      7477387       182.86
   38591.000     0.995313      7483275       213.33
   40767.000     0.996094      7489140       256.00
   42015.000     0.996484      7492044       284.44
   43455.000     0.996875      7495020       320.00
   44991.000     0.997266      7497924       365.71
   46719.000     0.997656      7500856       426.67
   48799.000     0.998047      7503807       512.00
   49983.000     0.998242      7505270       568.89
   51391.000     0.998437      7506738       640.00
   52991.000     0.998633      7508189       731.43
   54879.000     0.998828      7509651       853.33
   57119.000     0.999023      7511120      1024.00
   58335.000     0.999121      7511861      1137.78
   59647.000     0.999219      7512598      1280.00
   60927.000     0.999316      7513331      1462.86
   62367.000     0.999414      7514064      1706.67
   63871.000     0.999512      7514803      2048.00
   64735.000     0.999561      7515157      2275.56
   65855.000     0.999609      7515536      2560.00
   67071.000     0.999658      7515899      2925.71
   68543.000     0.999707      7516262      3413.33
   70399.000     0.999756      7516632      4096.00
   71551.000     0.999780      7516809      4551.11
   72703.000     0.999805      7516997      5120.00
   73983.000     0.999829      7517184      5851.43
   75263.000     0.999854      7517362      6826.67
   76543.000     0.999878      7517544      8192.00
   77375.000     0.999890      7517642      9102.22
   78015.000     0.999902      7517727     10240.00
   78911.000     0.999915      7517823     11702.86
   79743.000     0.999927      7517916     13653.33
   80767.000     0.999939      7518004     16384.00
   81279.000     0.999945      7518049     18204.44
   81919.000     0.999951      7518097     20480.00
   82495.000     0.999957      7518144     23405.71
   83199.000     0.999963      7518188     27306.67
   84031.000     0.999969      7518237     32768.00
   84479.000     0.999973      7518255     36408.89
   84927.000     0.999976      7518278     40960.00
   85503.000     0.999979      7518303     46811.43
   85887.000     0.999982      7518324     54613.33
   86591.000     0.999985      7518347     65536.00
   86911.000     0.999986      7518359     72817.78
   87359.000     0.999988      7518371     81920.00
   87743.000     0.999989      7518383     93622.86
   88063.000     0.999991      7518395    109226.67
   88447.000     0.999992      7518404    131072.00
   88767.000     0.999993      7518410    145635.56
   89087.000     0.999994      7518416    163840.00
   89279.000     0.999995      7518422    187245.71
   89535.000     0.999995      7518429    218453.33
   89855.000     0.999996      7518436    262144.00
   89855.000     0.999997      7518436    291271.11
   89919.000     0.999997      7518439    327680.00
   90367.000     0.999997      7518441    374491.43
   90751.000     0.999998      7518444    436906.67
   91071.000     0.999998      7518448    524288.00
   91135.000     0.999998      7518449    582542.22
   91327.000     0.999998      7518451    655360.00
   91327.000     0.999999      7518451    748982.86
   91711.000     0.999999      7518453    873813.33
   91967.000     0.999999      7518456   1048576.00
   91967.000     0.999999      7518456   1165084.44
   91967.000     0.999999      7518456   1310720.00
   91967.000     0.999999      7518456   1497965.71
   92287.000     0.999999      7518457   1747626.67
   93311.000     1.000000      7518458   2097152.00
   93311.000     1.000000      7518458   2330168.89
   93439.000     1.000000      7518459   2621440.00
   93439.000     1.000000      7518459   2995931.43
   93439.000     1.000000      7518459   3495253.33
   94079.000     1.000000      7518460   4194304.00
   94079.000     1.000000      7518460   4660337.78
   94079.000     1.000000      7518460   5242880.00
   94079.000     1.000000      7518460   5991862.86
   94079.000     1.000000      7518460   6990506.67
   95039.000     1.000000      7518461   8388608.00
   95039.000     1.000000      7518461          inf
#[Mean    =     4560.193, StdDeviation   =     5885.365]
#[Max     =    95039.000, Total count    =      7518461]
#[Buckets =            7, SubBuckets     =         2048]
