       Value   Percentile   TotalCount 1/(1-Percentile)

      90.000     0.000000            1         1.00
     395.000     0.100000       850845         1.11
     511.000     0.200000      1689983         1.25
     625.000     0.300000      2536654         1.43
     756.000     0.400000      3382255         1.67
     926.000     0.500000      4225248         2.00
    1038.000     0.550000      4648202         2.22
    1178.000     0.600000      5070401         2.50
    1360.000     0.650000      5493791         2.86
    1598.000     0.700000      5914801         3.33
    1918.000     0.750000      6337236         4.00
    2121.000     0.775000      6548420         4.44
    2365.000     0.800000      6760100         5.00
    2661.000     0.825000      6970674         5.71
    3031.000     0.850000      7182218         6.67
    3507.000     0.875000      7393156         8.00
    3809.000     0.887500      7499312         8.89
    4167.000     0.900000      7604678        10.00
    4603.000     0.912500      7710357        11.43
    5151.000     0.925000      7815820        13.33
    5883.000     0.937500      7921249        16.00
    6359.000     0.943750      7974298        17.78
    6939.000     0.950000      8027045        20.00
    7663.000     0.956250      8079650        22.86
    8639.000     0.962500      8132766        26.67
   10023.000     0.968750      8185280        32.00
   11015.000     0.971875      8211688        35.56
   12391.000     0.975000      8238071        40.00
   14455.000     0.978125      8264434        45.71
   17903.000     0.981250      8290949        53.33
   24543.000     0.984375      8317263        64.00
   30015.000     0.985938      8330438        71.11
   37727.000     0.987500      8343684        80.00
   46431.000     0.989062      8356874        91.43
   57727.000     0.990625      8370045       106.67
   74239.000     0.992188      8383279       128.00
   83583.000     0.992969      8389870       142.22
   92799.000     0.993750      8396476       160.00
  103999.000     0.994531      8403069       182.86
  121215.000     0.995313      8409684       213.33
  138111.000     0.996094      8416281       256.00
  151039.000     0.996484      8419553       284.44
  162175.000     0.996875      8422866       320.00
  175231.000     0.997266      8426161       365.71
  194303.000     0.997656      8429449       426.67
  213631.000     0.998047      8432756       512.00
  225279.000     0.998242      8434415       568.89
  237823.000     0.998437      8436079       640.00
  251775.000     0.998633      8437703       731.43
  272127.000     0.998828      8439350       853.33
  289279.000     0.999023      8441015      1024.00
  297983.000     0.999121      8441826      1137.78
  307455.000     0.999219      8442661      1280.00
  317183.000     0.999316      8443499      1462.86
  325119.000     0.999414      8444316      1706.67
  348927.000     0.999512      8445132      2048.00
  360959.000     0.999561      8445540      2275.56
  374783.000     0.999609      8445953      2560.00
  389631.000     0.999658      8446377      2925.71
  414719.000     0.999707      8446776      3413.33
  433407.000     0.999756      8447196      4096.00
  444415.000     0.999780      8447396      4551.11
  467455.000     0.999805      8447603      5120.00
  501503.000     0.999829      8447808      5851.43
  520191.000     0.999854      8448014      6826.67
  528383.000     0.999878      8448224      8192.00
  538111.000     0.999890      8448324      9102.22
  556031.000     0.999902      8448427     10240.00
  674303.000     0.999915      8448530     11702.86
  679935.000     0.999927      8448633     13653.33
  726527.000     0.999939      8448750     16384.00
  728575.000     0.999945      8448788     18204.44
  736255.000     0.999951      8448847     20480.00
  764927.000     0.999957      8448891     23405.71
  856063.000     0.999963      8448942     27306.67
  869887.000     0.999969      8448996     32768.00
  872959.000     0.999973      8449021     36408.89
 1035263.000     0.999976      8449050     40960.00
 1037311.000     0.999979      8449077     46811.43
 1039359.000     0.999982      8449097     54613.33
 1042431.000     0.999985      8449126     65536.00
 1043967.000     0.999986      8449138     72817.78
 1046015.000     0.999988      8449150     81920.00
 1159167.000     0.999989      8449161     93622.86
 1557503.000     0.999991      8449174    109226.67
 1671167.000     0.999992      8449188    131072.00
 1672191.000     0.999993      8449196    145635.56
 1673215.000     0.999994      8449203    163840.00
 1674239.000     0.999995      8449211    187245.71
 1675263.000     0.999995      8449218    218453.33
 1676287.000     0.999996      8449219    262144.00
 1716223.000     0.999997      8449224    291271.11
 1717247.000     0.999997      8449227    327680.00
 1718271.000     0.999997      8449232    374491.43
 1718271.000     0.999998      8449232    436906.67
 1720319.000     0.999998      8449241    524288.00
 1720319.000     0.999998      8449241    582542.22
 1720319.000     0.999998      8449241    655360.00
 1720319.000     0.999999      8449241    748982.86
 1721343.000     0.999999      8449245    873813.33
 1721343.000     0.999999      8449245   1048576.00
 1721343.000     0.999999      8449245   1165084.44
 1721343.000     0.999999      8449245   1310720.00
 1722367.000     0.999999      8449249   1497965.71
 1722367.000     0.999999      8449249   1747626.67
 1722367.000     1.000000      8449249   2097152.00
 1722367.000     1.000000      8449249   2330168.89
 1722367.000     1.000000      8449249   2621440.00
 1722367.000     1.000000      8449249   2995931.43
 1722367.000     1.000000      8449249   3495253.33
 1722367.000     1.000000      8449249   4194304.00
 1723391.000     1.000000      8449251   4660337.78
 1723391.000     1.000000      8449251          inf
#[Mean    =     3396.806, StdDeviation   =    19432.948]
#[Max     =  1723391.000, Total count    =      8449251]
#[Buckets =           11, SubBuckets     =         2048]
