       Value   Percentile   TotalCount 1/(1-Percentile)

      45.000     0.000000            1         1.00
     289.000     0.100000      1440579         1.11
     410.000     0.200000      2869868         1.25
     542.000     0.300000      4292862         1.43
     712.000     0.400000      5721553         1.67
     937.000     0.500000      7148052         2.00
    1081.000     0.550000      7863739         2.22
    1267.000     0.600000      8575577         2.50
    1560.000     0.650000      9290437         2.86
    2135.000     0.700000     10005280         3.33
    2973.000     0.750000     10719349         4.00
    3399.000     0.775000     11077668         4.44
    3829.000     0.800000     11434794         5.00
    4319.000     0.825000     11792126         5.71
    5015.000     0.850000     12149472         6.67
    6263.000     0.875000     12505899         8.00
    7187.000     0.887500     12684304         8.89
    8431.000     0.900000     12862984        10.00
   10191.000     0.912500     13041862        11.43
   12439.000     0.925000     13220579        13.33
   15207.000     0.937500     13399079        16.00
   16911.000     0.943750     13488408        17.78
   18959.000     0.950000     13577968        20.00
   21327.000     0.956250     13666814        22.86
   23935.000     0.962500     13756498        26.67
   26767.000     0.968750     13845549        32.00
   28271.000     0.971875     13890451        35.56
   29887.000     0.975000     13934781        40.00
   31679.000     0.978125     13979537        45.71
   33663.000     0.981250     14024253        53.33
   35871.000     0.984375     14068891        64.00
   37183.000     0.985938     14091527        71.11
   38687.000     0.987500     14113516        80.00
   40511.000     0.989062     14135734        91.43
   43007.000     0.990625     14158212       106.67
   46751.000     0.992188     14180422       128.00
   49439.000     0.992969     14191660       142.22
   52575.000     0.993750     14202801       160.00
   56927.000     0.994531     14213903       182.86
   62879.000     0.995313     14225079       213.33
   69055.000     0.996094     14236285       256.00
   72767.000     0.996484     14241810       284.44
   78655.000     0.996875     14247400       320.00
   85503.000     0.997266     14252984       365.71
   99391.000     0.997656     14258575       426.67
  108799.000     0.998047     14264139       512.00
  114367.000     0.998242     14266958       568.89
  119807.000     0.998437     14269737       640.00
  126591.000     0.998633     14272530       731.43
  134783.000     0.998828     14275314       853.33
  143487.000     0.999023     14278122      1024.00
  146431.000     0.999121     14279510      1137.78
  154495.000     0.999219     14280890      1280.00
  162815.000     0.999316     14282299      1462.86
  169983.000     0.999414     14283684      1706.67
  175871.000     0.999512     14285099      2048.00
  177919.000     0.999561     14285800      2275.56
  181375.000     0.999609     14286489      2560.00
  186367.000     0.999658     14287204      2925.71
  188031.000     0.999707     14287867      3413.33
  189439.000     0.999756     14288622      4096.00
  190207.000     0.999780     14288922      4551.11
  191103.000     0.999805     14289306      5120.00
  192127.000     0.999829     14289617      5851.43
  195327.000     0.999854     14289961      6826.67
  197375.000     0.999878     14290310      8192.00
  201727.000     0.999890     14290481      9102.22
  205951.000     0.999902     14290672     10240.00
  209279.000     0.999915     14290829     11702.86
  212351.000     0.999927     14291004     13653.33
  220031.000     0.999939     14291180     16384.00
  225407.000     0.999945     14291265     18204.44
  253055.000     0.999951     14291353     20480.00
  270847.000     0.999957     14291443     23405.71
  274687.000     0.999963     14291532     27306.67
  277247.000     0.999969     14291617     32768.00
  279295.000     0.999973     14291662     36408.89
  280831.000     0.999976     14291709     40960.00
  282367.000     0.999979     14291748     46811.43
  326655.000     0.999982     14291790     54613.33
  329215.000     0.999985     14291852     65536.00
  329471.000     0.999986     14291858     72817.78
  330239.000     0.999988     14291877     81920.00
  358143.000     0.999989     14291899     93622.86
  375039.000     0.999991     14291920    109226.67
  375551.000     0.999992     14291941    131072.00
  375807.000     0.999993     14291962    145635.56
  376063.000     0.999994     14291975    163840.00
  376063.000     0.999995     14291975    187245.71
  376319.000     0.999995     14291985    218453.33
  378111.000     0.999996     14291996    262144.00
  380671.000     0.999997     14292001    291271.11
  386815.000     0.999997     14292007    327680.00
  388351.000     0.999997     14292013    374491.43
  389119.000     0.999998     14292018    436906.67
  390399.000     0.999998     14292024    524288.00
  390911.000     0.999998     14292026    582542.22
  391167.000     0.999998     14292030    655360.00
  391423.000     0.999999     14292035    748982.86
  391423.000     0.999999     14292035    873813.33
  391679.000     0.999999     14292037   1048576.00
  391935.000     0.999999     14292040   1165084.44
  391935.000     0.999999     14292040   1310720.00
  392191.000     0.999999     14292042   1497965.71
  392191.000     0.999999     14292042   1747626.67
  392447.000     1.000000     14292044   2097152.00
  392447.000     1.000000     14292044   2330168.89
  392959.000     1.000000     14292045   2621440.00
  393471.000     1.000000     14292046   2995931.43
  393471.000     1.000000     14292046   3495253.33
  393727.000     1.000000     14292047   4194304.00
  393727.000     1.000000     14292047   4660337.78
  393983.000     1.000000     14292049   5242880.00
  393983.000     1.000000     14292049   5991862.86
  393983.000     1.000000     14292049   6990506.67
  393983.000     1.000000     14292049   8388608.00
  393983.000     1.000000     14292049   9320675.55
  393983.000     1.000000     14292049  10485760.00
  393983.000     1.000000     14292049  11983725.71
  393983.000     1.000000     14292049  13981013.34
  394239.000     1.000000     14292050  16777216.00
  394239.000     1.000000     14292050          inf
#[Mean    =     3896.640, StdDeviation   =    10505.857]
#[Max     =   394239.000, Total count    =     14292050]
#[Buckets =            9, SubBuckets     =         2048]
