       Value   Percentile   TotalCount 1/(1-Percentile)

      49.000     0.000000            1         1.00
     280.000     0.100000      1059213         1.11
     465.000     0.200000      2121527         1.25
     737.000     0.300000      3178134         1.43
    1229.000     0.400000      4235476         1.67
    2131.000     0.500000      5296001         2.00
    2777.000     0.550000      5824437         2.22
    3889.000     0.600000      6353425         2.50
    5603.000     0.650000      6883439         2.86
    8047.000     0.700000      7412204         3.33
   12383.000     0.750000      7941709         4.00
   15111.000     0.775000      8206468         4.44
   18367.000     0.800000      8470781         5.00
   24015.000     0.825000      8735994         5.71
   32175.000     0.850000      9000207         6.67
   38911.000     0.875000      9264961         8.00
   42303.000     0.887500      9398026         8.89
   46431.000     0.900000      9530331        10.00
   51647.000     0.912500      9662660        11.43
   57535.000     0.925000      9794648        13.33
   63295.000     0.937500      9927424        16.00
   66239.000     0.943750      9993056        17.78
   69439.000     0.950000     10059438        20.00
   73087.000     0.956250     10125439        22.86
   77567.000     0.962500     10191634        26.67
   83711.000     0.968750     10257741        32.00
   88255.000     0.971875     10291034        35.56
   94527.000     0.975000     10323787        40.00
  102399.000     0.978125     10356906        45.71
  110335.000     0.981250     10390024        53.33
  117439.000     0.984375     10423090        64.00
  120639.000     0.985938     10439558        71.11
  124415.000     0.987500     10456216        80.00
  128959.000     0.989062     10472646        91.43
  134015.000     0.990625     10489240       106.67
  139263.000     0.992188     10505832       128.00
  141951.000     0.992969     10514031       142.22
  144639.000     0.993750     10522482       160.00
  147199.000     0.994531     10530851       182.86
  149503.000     0.995313     10539083       213.33
  152063.000     0.996094     10547284       256.00
  153599.000     0.996484     10551544       284.44
  155263.000     0.996875     10555578       320.00
  157439.000     0.997266     10559615       365.71
  160511.000     0.997656     10563782       426.67
  164863.000     0.998047     10567818       512.00
  167935.000     0.998242     10569858       568.89
  172159.000     0.998437     10571912       640.00
  181119.000     0.998633     10573987       731.43
  258687.000     0.998828     10576047       853.33
  310015.000     0.999023     10578144      1024.00
  316927.000     0.999121     10579169      1137.78
  331007.000     0.999219     10580190      1280.00
  355327.000     0.999316     10581220      1462.86
  384767.000     0.999414     10582259      1706.67
  420863.000     0.999512     10583293      2048.00
  483327.000     0.999561     10583802      2275.56
  528383.000     0.999609     10584320      2560.00
  547327.000     0.999658     10584848      2925.71
  564223.000     0.999707     10585357      3413.33
  580607.000     0.999756     10585896      4096.00
  588287.000     0.999780     10586141      4551.11
  601087.000     0.999805     10586391      5120.00
  616959.000     0.999829     10586646      5851.43
  653823.000     0.999854     10586911      6826.67
  671743.000     0.999878     10587168      8192.00
  681471.000     0.999890     10587293      9102.22
  833535.000     0.999902     10587421     10240.00
  872447.000     0.999915     10587551     11702.86
  917503.000     0.999927     10587680     13653.33
 1093631.000     0.999939     10587809     16384.00
 1114111.000     0.999945     10587877     18204.44
 1124351.000     0.999951     10587939     20480.00
 1138687.000     0.999957     10588006     23405.71
 1146879.000     0.999963     10588068     27306.67
 1159167.000     0.999969     10588140     32768.00
 1163263.000     0.999973     10588166     36408.89
 1171455.000     0.999976     10588200     40960.00
 1182719.000     0.999979     10588230     46811.43
 1201151.000     0.999982     10588262     54613.33
 1210367.000     0.999985     10588296     65536.00
 1213439.000     0.999986     10588310     72817.78
 1219583.000     0.999988     10588327     81920.00
 1226751.000     0.999989     10588342     93622.86
 1233919.000     0.999991     10588361    109226.67
 1235967.000     0.999992     10588377    131072.00
 1238015.000     0.999993     10588385    145635.56
 1241087.000     0.999994     10588391    163840.00
 1244159.000     0.999995     10588402    187245.71
 1245183.000     0.999995     10588409    218453.33
 1247231.000     0.999996     10588418    262144.00
 1248255.000     0.999997     10588420    291271.11
 1249279.000     0.999997     10588425    327680.00
 1250303.000     0.999997     10588427    374491.43
 1252351.000     0.999998     10588436    436906.67
 1252351.000     0.999998     10588436    524288.00
 1253375.000     0.999998     10588438    582542.22
 1254399.000     0.999998     10588441    655360.00
 1254399.000     0.999999     10588441    748982.86
 1255423.000     0.999999     10588444    873813.33
 1256447.000     0.999999     10588447   1048576.00
 1256447.000     0.999999     10588447   1165084.44
 1256447.000     0.999999     10588447   1310720.00
 1257471.000     0.999999     10588449   1497965.71
 1257471.000     0.999999     10588449   1747626.67
 1258495.000     1.000000     10588451   2097152.00
 1258495.000     1.000000     10588451   2330168.89
 1258495.000     1.000000     10588451   2621440.00
 1259519.000     1.000000     10588453   2995931.43
 1259519.000     1.000000     10588453   3495253.33
 1259519.000     1.000000     10588453   4194304.00
 1259519.000     1.000000     10588453   4660337.78
 1259519.000     1.000000     10588453   5242880.00
 1260543.000     1.000000     10588455   5991862.86
 1260543.000     1.000000     10588455          inf
#[Mean    =    14073.154, StdDeviation   =    31019.069]
#[Max     =  1260543.000, Total count    =     10588455]
#[Buckets =           11, SubBuckets     =         2048]
