       Value   Percentile   TotalCount 1/(1-Percentile)

      69.000     0.000000            1         1.00
     494.000     0.100000       881302         1.11
     793.000     0.200000      1762092         1.25
    1133.000     0.300000      2642620         1.43
    1568.000     0.400000      3522869         1.67
    2277.000     0.500000      4402792         2.00
    2907.000     0.550000      4843023         2.22
    3653.000     0.600000      5284138         2.50
    4199.000     0.650000      5727240         2.86
    4639.000     0.700000      6167298         3.33
    5059.000     0.750000      6606647         4.00
    5279.000     0.775000      6825431         4.44
    5519.000     0.800000      7046832         5.00
    5783.000     0.825000      7264998         5.71
    6095.000     0.850000      7486392         6.67
    6471.000     0.875000      7706022         8.00
    6695.000     0.887500      7815508         8.89
    6955.000     0.900000      7926106        10.00
    7259.000     0.912500      8036031        11.43
    7627.000     0.925000      8145929        13.33
    8083.000     0.937500      8255642        16.00
    8359.000     0.943750      8310844        17.78
    8671.000     0.950000      8365655        20.00
    9039.000     0.956250      8421017        22.86
    9471.000     0.962500      8475466        26.67
   10015.000     0.968750      8530768        32.00
   10343.000     0.971875      8557931        35.56
   10735.000     0.975000      8585502        40.00
   11207.000     0.978125      8612976        45.71
   11807.000     0.981250      8640501        53.33
   12607.000     0.984375      8668092        64.00
   13119.000     0.985938      8681746        71.11
   13743.000     0.987500      8695499        80.00
   14535.000     0.989062      8709198        91.43
   15543.000     0.990625      8722959       106.67
   16863.000     0.992188      8736704       128.00
   17679.000     0.992969      8743644       142.22
   18591.000     0.993750      8750535       160.00
   19615.000     0.994531      8757440       182.86
   20751.000     0.995313      8764287       213.33
   22063.000     0.996094      8771129       256.00
   22799.000     0.996484      8774537       284.44
   23631.000     0.996875      8778020       320.00
   24575.000     0.997266      8781444       365.71
   25663.000     0.997656      8784880       426.67
   27023.000     0.998047      8788297       512.00
   27791.000     0.998242      8790040       568.89
   28623.000     0.998437      8791735       640.00
   29647.000     0.998633      8793476       731.43
   30799.000     0.998828      8795190       853.33
   32223.000     0.999023      8796892      1024.00
   33087.000     0.999121      8797752      1137.78
   34015.000     0.999219      8798636      1280.00
   35039.000     0.999316      8799479      1462.86
   36191.000     0.999414      8800345      1706.67
   37535.000     0.999512      8801199      2048.00
   38239.000     0.999561      8801626      2275.56
   39039.000     0.999609      8802063      2560.00
   39807.000     0.999658      8802490      2925.71
   40735.000     0.999707      8802929      3413.33
   41759.000     0.999756      8803356      4096.00
   42335.000     0.999780      8803558      4551.11
   42975.000     0.999805      8803774      5120.00
   43647.000     0.999829      8803994      5851.43
   44351.000     0.999854      8804202      6826.67
   45343.000     0.999878      8804426      8192.00
   45823.000     0.999890      8804526      9102.22
   46367.000     0.999902      8804633     10240.00
   47071.000     0.999915      8804741     11702.86
   47871.000     0.999927      8804850     13653.33
   48703.000     0.999939      8804955     16384.00
   49279.000     0.999945      8805012     18204.44
   49823.000     0.999951      8805062     20480.00
   50399.000     0.999957      8805119     23405.71
   50911.000     0.999963      8805169     27306.67
   51679.000     0.999969      8805224     32768.00
   51967.000     0.999973      8805251     36408.89
   52415.000     0.999976      8805278     40960.00
   52991.000     0.999979      8805303     46811.43
   53535.000     0.999982      8805330     54613.33
   54463.000     0.999985      8805357     65536.00
   54847.000     0.999986      8805371     72817.78
   55231.000     0.999988      8805384     81920.00
   55647.000     0.999989      8805398     93622.86
   56031.000     0.999991      8805412    109226.67
   56607.000     0.999992      8805424    131072.00
   56863.000     0.999993      8805431    145635.56
   57311.000     0.999994      8805438    163840.00
   57503.000     0.999995      8805444    187245.71
   57951.000     0.999995      8805451    218453.33
   58399.000     0.999996      8805458    262144.00
   58719.000     0.999997      8805461    291271.11
   58943.000     0.999997      8805465    327680.00
   59423.000     0.999997      8805468    374491.43
   59711.000     0.999998      8805471    436906.67
   59871.000     0.999998      8805475    524288.00
   60415.000     0.999998      8805477    582542.22
   60543.000     0.999998      8805478    655360.00
   60927.000     0.999999      8805480    748982.86
   61023.000     0.999999      8805481    873813.33
   61503.000     0.999999      8805483   1048576.00
   61919.000     0.999999      8805484   1165084.44
   62783.000     0.999999      8805486   1310720.00
   62783.000     0.999999      8805486   1497965.71
   62783.000     0.999999      8805486   1747626.67
   63103.000     1.000000      8805487   2097152.00
   63679.000     1.000000      8805488   2330168.89
   63679.000     1.000000      8805488   2621440.00
   63935.000     1.000000      8805489   2995931.43
   63935.000     1.000000      8805489   3495253.33
   63935.000     1.000000      8805489   4194304.00
   64671.000     1.000000      8805490   4660337.78
   64671.000     1.000000      8805490   5242880.00
   64671.000     1.000000      8805490   5991862.86
   64671.000     1.000000      8805490   6990506.67
   64671.000     1.000000      8805490   8388608.00
   64927.000     1.000000      8805491   9320675.55
   64927.000     1.000000      8805491          inf
#[Mean    =     3378.843, StdDeviation   =     3363.031]
#[Max     =    64927.000, Total count    =      8805491]
#[Buckets =            6, SubBuckets     =         2048]
