       Value   Percentile   TotalCount 1/(1-Percentile)

      66.000     0.000000            1         1.00
     465.000     0.100000       787831         1.11
     716.000     0.200000      1571480         1.25
     967.000     0.300000      2354619         1.43
    1240.000     0.400000      3141068         1.67
    1558.000     0.500000      3923964         2.00
    1751.000     0.550000      4317561         2.22
    1981.000     0.600000      4708710         2.50
    2275.000     0.650000      5101057         2.86
    2679.000     0.700000      5494421         3.33
    3273.000     0.750000      5886261         4.00
    3673.000     0.775000      6082799         4.44
    4147.000     0.800000      6279226         5.00
    4687.000     0.825000      6474581         5.71
    5295.000     0.850000      6670784         6.67
    6007.000     0.875000      6867279         8.00
    6419.000     0.887500      6965237         8.89
    6883.000     0.900000      7062965        10.00
    7427.000     0.912500      7161087        11.43
    8079.000     0.925000      7259642        13.33
    8871.000     0.937500      7357424        16.00
    9351.000     0.943750      7406240        17.78
    9919.000     0.950000      7455550        20.00
   10599.000     0.956250      7504466        22.86
   11447.000     0.962500      7553809        26.67
   12487.000     0.968750      7602567        32.00
   13111.000     0.971875      7626999        35.56
   13839.000     0.975000      7651461        40.00
   14695.000     0.978125      7676200        45.71
   15687.000     0.981250      7700671        53.33
   16863.000     0.984375      7725148        64.00
   17535.000     0.985938      7737298        71.11
   18287.000     0.987500      7749563        80.00
   19135.000     0.989062      7761868        91.43
   20111.000     0.990625      7774206       106.67
   21247.000     0.992188      7786348       128.00
   21919.000     0.992969      7792616       142.22
   22655.000     0.993750      7798671       160.00
   23503.000     0.994531      7804774       182.86
   24479.000     0.995313      7810900       213.33
   25647.000     0.996094      7817042       256.00
   26335.000     0.996484      7820129       284.44
   27119.000     0.996875      7823141       320.00
   28031.000     0.997266      7826208       365.71
   29071.000     0.997656      7829263       426.67
   30351.000     0.998047      7832344       512.00
   31087.000     0.998242      7833872       568.89
   31919.000     0.998437      7835408       640.00
   32831.000     0.998633      7836932       731.43
   33887.000     0.998828      7838476       853.33
   35103.000     0.999023      7840020      1024.00
   35743.000     0.999121      7840755      1137.78
   36479.000     0.999219      7841535      1280.00
   37279.000     0.999316      7842294      1462.86
   38175.000     0.999414      7843069      1706.67
   39167.000     0.999512      7843830      2048.00
   39743.000     0.999561      7844207      2275.56
   40351.000     0.999609      7844599      2560.00
   40991.000     0.999658      7844978      2925.71
   41727.000     0.999707      7845363      3413.33
   42623.000     0.999756      7845748      4096.00
   43199.000     0.999780      7845937      4551.11
   43807.000     0.999805      7846127      5120.00
   44543.000     0.999829      7846318      5851.43
   45247.000     0.999854      7846505      6826.67
   46143.000     0.999878      7846699      8192.00
   46623.000     0.999890      7846794      9102.22
   47199.000     0.999902      7846890     10240.00
   47871.000     0.999915      7846987     11702.86
   48607.000     0.999927      7847081     13653.33
   49439.000     0.999939      7847176     16384.00
   49951.000     0.999945      7847224     18204.44
   50431.000     0.999951      7847271     20480.00
   50911.000     0.999957      7847319     23405.71
   51647.000     0.999963      7847365     27306.67
   52319.000     0.999969      7847414     32768.00
   52735.000     0.999973      7847439     36408.89
   53183.000     0.999976      7847462     40960.00
   53727.000     0.999979      7847487     46811.43
   54239.000     0.999982      7847509     54613.33
   54623.000     0.999985      7847533     65536.00
   54975.000     0.999986      7847545     72817.78
   55615.000     0.999988      7847557     81920.00
   56063.000     0.999989      7847569     93622.86
   56767.000     0.999991      7847581    109226.67
   57375.000     0.999992      7847593    131072.00
   57727.000     0.999993      7847599    145635.56
   58239.000     0.999994      7847605    163840.00
   58911.000     0.999995      7847611    187245.71
   59359.000     0.999995      7847617    218453.33
   60063.000     0.999996      7847623    262144.00
   60703.000     0.999997      7847626    291271.11
   60831.000     0.999997      7847629    327680.00
   61343.000     0.999997      7847632    374491.43
   62015.000     0.999998      7847635    436906.67
   62495.000     0.999998      7847638    524288.00
   62655.000     0.999998      7847639    582542.22
   63583.000     0.999998      7847641    655360.00
   63775.000     0.999999      7847642    748982.86
   64255.000     0.999999      7847644    873813.33
   65119.000     0.999999      7847645   1048576.00
   65279.000     0.999999      7847646   1165084.44
   65439.000     0.999999      7847647   1310720.00
   65439.000     0.999999      7847647   1497965.71
   66047.000     0.999999      7847648   1747626.67
   66367.000     1.000000      7847649   2097152.00
   66367.000     1.000000      7847649   2330168.89
   66687.000     1.000000      7847650   2621440.00
   66687.000     1.000000      7847650   2995931.43
   66687.000     1.000000      7847650   3495253.33
   67327.000     1.000000      7847651   4194304.00
   67327.000     1.000000      7847651   4660337.78
   67327.000     1.000000      7847651   5242880.00
   67327.000     1.000000      7847651   5991862.86
   67327.000     1.000000      7847651   6990506.67
   68287.000     1.000000      7847652   8388608.00
   68287.000     1.000000      7847652          inf
#[Mean    =     2902.175, StdDeviation   =     3859.384]
#[Max     =    68287.000, Total count    =      7847652]
#[Buckets =            7, SubBuckets     =         2048]
