       Value   Percentile   TotalCount 1/(1-Percentile)

      50.000     0.000000            4         1.00
      69.000     0.100000       257287         1.11
      72.000     0.200000       501485         1.25
      74.000     0.300000       674742         1.43
      77.000     0.400000       909466         1.67
      80.000     0.500000      1105556         2.00
      82.000     0.550000      1216646         2.22
      84.000     0.600000      1314235         2.50
      86.000     0.650000      1400465         2.86
      89.000     0.700000      1512597         3.33
      93.000     0.750000      1634455         4.00
      95.000     0.775000      1684960         4.44
      97.000     0.800000      1729810         5.00
     100.000     0.825000      1790492         5.71
     103.000     0.850000      1843211         6.67
     106.000     0.875000      1885805         8.00
     109.000     0.887500      1919208         8.89
     111.000     0.900000      1937773        10.00
     115.000     0.912500      1968703        11.43
     119.000     0.925000      1994595        13.33
     123.000     0.937500      2016874        16.00
     126.000     0.943750      2031500        17.78
     129.000     0.950000      2045116        20.00
     132.000     0.956250      2057838        22.86
     136.000     0.962500      2073390        26.67
     139.000     0.968750      2083813        32.00
     142.000     0.971875      2092979        35.56
     144.000     0.975000      2098447        40.00
     147.000     0.978125      2105384        45.71
     150.000     0.981250      2111330        53.33
     154.000     0.984375      2117578        64.00
     157.000     0.985938      2121254        71.11
     160.000     0.987500      2124431        80.00
     164.000     0.989062      2127859        91.43
     169.000     0.990625      2131455       106.67
     174.000     0.992188      2134414       128.00
     177.000     0.992969      2136167       142.22
     180.000     0.993750      2137675       160.00
     184.000     0.994531      2139635       182.86
     187.000     0.995313      2140932       213.33
     192.000     0.996094      2142905       256.00
     194.000     0.996484      2143620       284.44
     196.000     0.996875      2144269       320.00
     200.000     0.997266      2145328       365.71
     203.000     0.997656      2145988       426.67
     208.000     0.998047      2146871       512.00
     210.000     0.998242      2147206       568.89
     213.000     0.998437      2147615       640.00
     217.000     0.998633      2148139       731.43
     220.000     0.998828      2148477       853.33
     224.000     0.999023      2148910      1024.00
     226.000     0.999121      2149141      1137.78
     228.000     0.999219      2149357      1280.00
     230.000     0.999316      2149539      1462.86
     232.000     0.999414      2149726      1706.67
     235.000     0.999512      2149945      2048.00
     237.000     0.999561      2150106      2275.56
     238.000     0.999609      2150187      2560.00
     239.000     0.999658      2150250      2925.71
     241.000     0.999707      2150369      3413.33
     243.000     0.999756      2150459      4096.00
     244.000     0.999780      2150505      4551.11
     246.000     0.999805      2150572      5120.00
     248.000     0.999829      2150630      5851.43
     249.000     0.999854      2150665      6826.67
     251.000     0.999878      2150713      8192.00
     253.000     0.999890      2150753      9102.22
     254.000     0.999902      2150766     10240.00
     257.000     0.999915      2150796     11702.86
     259.000     0.999927      2150820     13653.33
     263.000     0.999939      2150846     16384.00
     265.000     0.999945      2150858     18204.44
     269.000     0.999951      2150872     20480.00
     273.000     0.999957      2150884     23405.71
     276.000     0.999963      2150898     27306.67
     278.000     0.999969      2150910     32768.00
     280.000     0.999973      2150916     36408.89
     285.000     0.999976      2150926     40960.00
     287.000     0.999979      2150930     46811.43
     292.000     0.999982      2150936     54613.33
     299.000     0.999985      2150943     65536.00
     307.000     0.999986      2150946     72817.78
     332.000     0.999988      2150949     81920.00
     418.000     0.999989      2150953     93622.86
     440.000     0.999991      2150956    109226.67
     464.000     0.999992      2150959    131072.00
     486.000     0.999993      2150961    145635.56
     498.000     0.999994      2150962    163840.00
     506.000     0.999995      2150964    187245.71
     515.000     0.999995      2150966    218453.33
     527.000     0.999996      2150967    262144.00
     536.000     0.999997      2150968    291271.11
     542.000     0.999997      2150969    327680.00
     545.000     0.999997      2150971    374491.43
     545.000     0.999998      2150971    436906.67
     545.000     0.999998      2150971    524288.00
     548.000     0.999998      2150972    582542.22
     548.000     0.999998      2150972    655360.00
     563.000     0.999999      2150973    748982.86
     563.000     0.999999      2150973    873813.33
     563.000     0.999999      2150973   1048576.00
     595.000     0.999999      2150974   1165084.44
     595.000     0.999999      2150974   1310720.00
     595.000     0.999999      2150974   1497965.71
     595.000     0.999999      2150974   1747626.67
     595.000     1.000000      2150974   2097152.00
     605.000     1.000000      2150975   2330168.89
     605.000     1.000000      2150975          inf
#[Mean    =       86.354, StdDeviation   =       20.975]
#[Max     =      605.000, Total count    =      2150975]
#[Buckets =            1, SubBuckets     =         2048]
