       Value   Percentile   TotalCount 1/(1-Percentile)

     114.000     0.000000            1         1.00
     628.000     0.100000       875531         1.11
     767.000     0.200000      1749772         1.25
     889.000     0.300000      2621984         1.43
    1019.000     0.400000      3494823         1.67
    1178.000     0.500000      4364379         2.00
    1280.000     0.550000      4802775         2.22
    1406.000     0.600000      5238269         2.50
    1568.000     0.650000      5674236         2.86
    1784.000     0.700000      6109170         3.33
    2081.000     0.750000      6545876         4.00
    2271.000     0.775000      6763628         4.44
    2501.000     0.800000      6982643         5.00
    2781.000     0.825000      7200285         5.71
    3127.000     0.850000      7417748         6.67
    3569.000     0.875000      7635616         8.00
    3841.000     0.887500      7745171         8.89
    4155.000     0.900000      7854074        10.00
    4527.000     0.912500      7963482        11.43
    4979.000     0.925000      8071906        13.33
    5567.000     0.937500      8181390        16.00
    5931.000     0.943750      8235393        17.78
    6379.000     0.950000      8290313        20.00
    6927.000     0.956250      8344508        22.86
    7647.000     0.962500      8399224        26.67
    8687.000     0.968750      8453791        32.00
    9423.000     0.971875      8480856        35.56
   10431.000     0.975000      8508212        40.00
   11879.000     0.978125      8535453        45.71
   14303.000     0.981250      8562656        53.33
   19935.000     0.984375      8589913        64.00
   25423.000     0.985938      8603528        71.11
   32575.000     0.987500      8617165        80.00
   40703.000     0.989062      8630817        91.43
   53727.000     0.990625      8644452       106.67
   68927.000     0.992188      8658095       128.00
   78335.000     0.992969      8664884       142.22
   87359.000     0.993750      8671728       160.00
   97599.000     0.994531      8678520       182.86
  110015.000     0.995313      8685365       213.33
  123263.000     0.996094      8692151       256.00
  136191.000     0.996484      8695570       284.44
  145663.000     0.996875      8698981       320.00
  156287.000     0.997266      8702379       365.71
  168319.000     0.997656      8705796       426.67
  184447.000     0.998047      8709206       512.00
  191999.000     0.998242      8710925       568.89
  207871.000     0.998437      8712604       640.00
  222079.000     0.998633      8714306       731.43
  235263.000     0.998828      8716008       853.33
  248959.000     0.999023      8717721      1024.00
  262399.000     0.999121      8718607      1137.78
  266751.000     0.999219      8719430      1280.00
  277759.000     0.999316      8720279      1462.86
  287487.000     0.999414      8721135      1706.67
  299775.000     0.999512      8721979      2048.00
  308735.000     0.999561      8722401      2275.56
  320255.000     0.999609      8722826      2560.00
  327423.000     0.999658      8723255      2925.71
  357375.000     0.999707      8723684      3413.33
  376831.000     0.999756      8724106      4096.00
  382463.000     0.999780      8724321      4551.11
  391167.000     0.999805      8724532      5120.00
  403455.000     0.999829      8724744      5851.43
  463871.000     0.999854      8724968      6826.67
  478463.000     0.999878      8725181      8192.00
  480255.000     0.999890      8725283      9102.22
  484607.000     0.999902      8725382     10240.00
  506111.000     0.999915      8725499     11702.86
  622591.000     0.999927      8725595     13653.33
  644095.000     0.999939      8725704     16384.00
  663551.000     0.999945      8725757     18204.44
  675327.000     0.999951      8725809     20480.00
  681983.000     0.999957      8725868     23405.71
  725503.000     0.999963      8725920     27306.67
  728063.000     0.999969      8725979     32768.00
  729087.000     0.999973      8726002     36408.89
  918527.000     0.999976      8726022     40960.00
  947711.000     0.999979      8726050     46811.43
  948735.000     0.999982      8726079     54613.33
  949759.000     0.999985      8726104     65536.00
  950783.000     0.999986      8726116     72817.78
  953343.000     0.999988      8726129     81920.00
  965119.000     0.999989      8726142     93622.86
 1067007.000     0.999991      8726160    109226.67
 1068031.000     0.999992      8726168    131072.00
 1097727.000     0.999993      8726184    145635.56
 1097727.000     0.999994      8726184    163840.00
 1098751.000     0.999995      8726199    187245.71
 1098751.000     0.999995      8726199    218453.33
 1099775.000     0.999996      8726217    262144.00
 1099775.000     0.999997      8726217    291271.11
 1099775.000     0.999997      8726217    327680.00
 1099775.000     0.999997      8726217    374491.43
 1099775.000     0.999998      8726217    436906.67
 1100799.000     0.999998      8726219    524288.00
 1171455.000     0.999998      8726220    582542.22
 1255423.000     0.999998      8726223    655360.00
 1255423.000     0.999999      8726223    748982.86
 1256447.000     0.999999      8726232    873813.33
 1256447.000     0.999999      8726232   1048576.00
 1256447.000     0.999999      8726232   1165084.44
 1256447.000     0.999999      8726232   1310720.00
 1256447.000     0.999999      8726232   1497965.71
 1256447.000     0.999999      8726232   1747626.67
 1256447.000     1.000000      8726232   2097152.00
 1256447.000     1.000000      8726232   2330168.89
 1256447.000     1.000000      8726232   2621440.00
 1256447.000     1.000000      8726232   2995931.43
 1256447.000     1.000000      8726232   3495253.33
 1256447.000     1.000000      8726232   4194304.00
 1257471.000     1.000000      8726234   4660337.78
 1257471.000     1.000000      8726234          inf
#[Mean    =     3327.360, StdDeviation   =    16763.141]
#[Max     =  1257471.000, Total count    =      8726234]
#[Buckets =           11, SubBuckets     =         2048]
