       Value   Percentile   TotalCount 1/(1-Percentile)

     112.000     0.000000            2         1.00
     150.000     0.100000       105469         1.11
     159.000     0.200000       193747         1.25
     169.000     0.300000       298077         1.43
     178.000     0.400000       387879         1.67
     189.000     0.500000       487214         2.00
     195.000     0.550000       535905         2.22
     201.000     0.600000       581145         2.50
     208.000     0.650000       629784         2.86
     216.000     0.700000       679923         3.33
     224.000     0.750000       724432         4.00
     229.000     0.775000       749585         4.44
     234.000     0.800000       772603         5.00
     240.000     0.825000       798232         5.71
     246.000     0.850000       821479         6.67
     253.000     0.875000       845209         8.00
     257.000     0.887500       857809         8.89
     261.000     0.900000       869294        10.00
     266.000     0.912500       882600        11.43
     271.000     0.925000       894561        13.33
     276.000     0.937500       905245        16.00
     279.000     0.943750       911126        17.78
     283.000     0.950000       918279        20.00
     286.000     0.956250       923120        22.86
     290.000     0.962500       929103        26.67
     295.000     0.968750       935567        32.00
     298.000     0.971875       939045        35.56
     300.000     0.975000       941151        40.00
     304.000     0.978125       944938        45.71
     307.000     0.981250       947511        53.33
     311.000     0.984375       950494        64.00
     313.000     0.985938       951899        71.11
     315.000     0.987500       953196        80.00
     318.000     0.989062       954878        91.43
     321.000     0.990625       956408       106.67
     325.000     0.992188       958109       128.00
     326.000     0.992969       958483       142.22
     329.000     0.993750       959525       160.00
     331.000     0.994531       960109       182.86
     334.000     0.995313       960859       213.33
     337.000     0.996094       961557       256.00
     339.000     0.996484       961922       284.44
     341.000     0.996875       962271       320.00
     344.000     0.997266       962728       365.71
     347.000     0.997656       963091       426.67
     350.000     0.998047       963453       512.00
     352.000     0.998242       963637       568.89
     354.000     0.998437       963783       640.00
     357.000     0.998633       963986       731.43
     360.000     0.998828       964146       853.33
     364.000     0.999023       964339      1024.00
     366.000     0.999121       964429      1137.78
     369.000     0.999219       964510      1280.00
     372.000     0.999316       964601      1462.86
     376.000     0.999414       964691      1706.67
     382.000     0.999512       964790      2048.00
     386.000     0.999561       964841      2275.56
     390.000     0.999609       964886      2560.00
     395.000     0.999658       964929      2925.71
     400.000     0.999707       964976      3413.33
     411.000     0.999756       965019      4096.00
     420.000     0.999780       965045      4551.11
     426.000     0.999805       965067      5120.00
     434.000     0.999829       965090      5851.43
     452.000     0.999854       965113      6826.67
     496.000     0.999878       965137      8192.00
     595.000     0.999890       965148      9102.22
     727.000     0.999902       965161     10240.00
    1312.000     0.999915       965172     11702.86
    2837.000     0.999927       965184     13653.33
   17471.000     0.999939       965196     16384.00
   19311.000     0.999945       965201     18204.44
   24367.000     0.999951       965207     20480.00
   25743.000     0.999957       965213     23405.71
   29455.000     0.999963       965219     27306.67
   30463.000     0.999969       965225     32768.00
   32463.000     0.999973       965228     36408.89
   33439.000     0.999976       965231     40960.00
   34271.000     0.999979       965234     46811.43
   34943.000     0.999982       965237     54613.33
   35583.000     0.999985       965240     65536.00
   36255.000     0.999986       965241     72817.78
   36703.000     0.999988       965243     81920.00
   36991.000     0.999989       965244     93622.86
   37023.000     0.999991       965246    109226.67
   37119.000     0.999992       965247    131072.00
   39423.000     0.999993       965248    145635.56
   40959.000     0.999994       965249    163840.00
   40959.000     0.999995       965249    187245.71
   41567.000     0.999995       965250    218453.33
   46111.000     0.999996       965251    262144.00
   46111.000     0.999997       965251    291271.11
   47455.000     0.999997       965252    327680.00
   47455.000     0.999997       965252    374491.43
   47455.000     0.999998       965252    436906.67
   47679.000     0.999998       965253    524288.00
   47679.000     0.999998       965253    582542.22
   47679.000     0.999998       965253    655360.00
   47679.000     0.999999       965253    748982.86
   47679.000     0.999999       965253    873813.33
   48479.000     0.999999       965254   1048576.00
   48479.000     1.000000       965254          inf
#[Mean    =      200.105, StdDeviation   =      254.382]
#[Max     =    48479.000, Total count    =       965254]
#[Buckets =            6, SubBuckets     =         2048]
