       Value   Percentile   TotalCount 1/(1-Percentile)

     150.000     0.000000            1         1.00
     913.000     0.100000       353770         1.11
    1440.000     0.200000       706842         1.25
    2183.000     0.300000      1060745         1.43
    2641.000     0.400000      1414549         1.67
    3051.000     0.500000      1767468         2.00
    3277.000     0.550000      1943954         2.22
    3555.000     0.600000      2119738         2.50
    3981.000     0.650000      2296142         2.86
    5367.000     0.700000      2472427         3.33
   16039.000     0.750000      2649080         4.00
   21423.000     0.775000      2737502         4.44
   26735.000     0.800000      2825772         5.00
   31535.000     0.825000      2913983         5.71
   38335.000     0.850000      3002535         6.67
   49055.000     0.875000      3090646         8.00
   54495.000     0.887500      3134742         8.89
   60095.000     0.900000      3178995        10.00
   69823.000     0.912500      3223080        11.43
   79423.000     0.925000      3267275        13.33
   91135.000     0.937500      3311376        16.00
   98367.000     0.943750      3333497        17.78
  108479.000     0.950000      3355492        20.00
  116927.000     0.956250      3377600        22.86
  125375.000     0.962500      3399687        26.67
  139391.000     0.968750      3421780        32.00
  144511.000     0.971875      3433021        35.56
  148863.000     0.975000      3443961        40.00
  155135.000     0.978125      3454905        45.71
  163199.000     0.981250      3465919        53.33
  182271.000     0.984375      3476860        64.00
  195327.000     0.985938      3482443        71.11
  203263.000     0.987500      3487916        80.00
  222719.000     0.989062      3493429        91.43
  247295.000     0.990625      3498953       106.67
  276223.000     0.992188      3504458       128.00
  304639.000     0.992969      3507211       142.22
  317183.000     0.993750      3509972       160.00
  332799.000     0.994531      3512742       182.86
  357887.000     0.995313      3515503       213.33
  374271.000     0.996094      3518279       256.00
  385279.000     0.996484      3519663       284.44
  462335.000     0.996875      3521007       320.00
  485887.000     0.997266      3522385       365.71
  496639.000     0.997656      3523772       426.67
  503295.000     0.998047      3525192       512.00
  515839.000     0.998242      3525832       568.89
  534527.000     0.998437      3526538       640.00
  552959.000     0.998633      3527221       731.43
  563711.000     0.998828      3527930       853.33
  575999.000     0.999023      3528589      1024.00
  588799.000     0.999121      3528944      1137.78
  600063.000     0.999219      3529316      1280.00
  607743.000     0.999316      3529654      1462.86
  614911.000     0.999414      3529981      1706.67
  624639.000     0.999512      3530318      2048.00
  633343.000     0.999561      3530496      2275.56
  639487.000     0.999609      3530684      2560.00
  643583.000     0.999658      3530833      2925.71
  663039.000     0.999707      3531006      3413.33
  679935.000     0.999756      3531177      4096.00
  687615.000     0.999780      3531263      4551.11
  692223.000     0.999805      3531349      5120.00
  700415.000     0.999829      3531436      5851.43
  709119.000     0.999854      3531526      6826.67
  716799.000     0.999878      3531608      8192.00
  720895.000     0.999890      3531667      9102.22
  722431.000     0.999902      3531705     10240.00
  723967.000     0.999915      3531745     11702.86
  728063.000     0.999927      3531780     13653.33
  736255.000     0.999939      3531824     16384.00
  740351.000     0.999945      3531844     18204.44
  744959.000     0.999951      3531870     20480.00
  748543.000     0.999957      3531891     23405.71
  752639.000     0.999963      3531909     27306.67
  756735.000     0.999969      3531931     32768.00
  757759.000     0.999973      3531942     36408.89
  760319.000     0.999976      3531953     40960.00
  761855.000     0.999979      3531969     46811.43
  762367.000     0.999982      3531974     54613.33
  763903.000     0.999985      3531987     65536.00
  764415.000     0.999986      3531991     72817.78
  765439.000     0.999988      3531996     81920.00
  766463.000     0.999989      3532005     93622.86
  766975.000     0.999991      3532010    109226.67
  767487.000     0.999992      3532013    131072.00
  767999.000     0.999993      3532014    145635.56
  807935.000     0.999994      3532017    163840.00
  932351.000     0.999995      3532020    187245.71
  950783.000     0.999995      3532022    218453.33
  987135.000     0.999996      3532025    262144.00
  987647.000     0.999997      3532026    291271.11
  988671.000     0.999997      3532028    327680.00
  989183.000     0.999997      3532029    374491.43
 1174527.000     0.999998      3532030    436906.67
 1188863.000     0.999998      3532032    524288.00
 1188863.000     0.999998      3532032    582542.22
 1201151.000     0.999998      3532033    655360.00
 1250303.000     0.999999      3532034    748982.86
 1250303.000     0.999999      3532034    873813.33
 1251327.000     0.999999      3532035   1048576.00
 1251327.000     0.999999      3532035   1165084.44
 1255423.000     0.999999      3532036   1310720.00
 1255423.000     0.999999      3532036   1497965.71
 1255423.000     0.999999      3532036   1747626.67
 1264639.000     1.000000      3532037   2097152.00
 1264639.000     1.000000      3532037   2330168.89
 1264639.000     1.000000      3532037   2621440.00
 1264639.000     1.000000      3532037   2995931.43
 1264639.000     1.000000      3532037   3495253.33
 1266687.000     1.000000      3532038   4194304.00
 1266687.000     1.000000      3532038          inf
#[Mean    =    21057.019, StdDeviation   =    51542.463]
#[Max     =  1266687.000, Total count    =      3532038]
#[Buckets =           11, SubBuckets     =         2048]
