       Value   Percentile   TotalCount 1/(1-Percentile)

      96.000     0.000000            2         1.00
     450.000     0.100000       857698         1.11
     607.000     0.200000      1716232         1.25
     770.000     0.300000      2567775         1.43
     970.000     0.400000      3424501         1.67
    1241.000     0.500000      4278365         2.00
    1420.000     0.550000      4704484         2.22
    1638.000     0.600000      5133650         2.50
    1894.000     0.650000      5560805         2.86
    2203.000     0.700000      5989883         3.33
    2585.000     0.750000      6415229         4.00
    2821.000     0.775000      6629210         4.44
    3101.000     0.800000      6843669         5.00
    3437.000     0.825000      7056570         5.71
    3853.000     0.850000      7271151         6.67
    4375.000     0.875000      7484955         8.00
    4691.000     0.887500      7591930         8.89
    5059.000     0.900000      7698371        10.00
    5503.000     0.912500      7805189        11.43
    6051.000     0.925000      7912376        13.33
    6763.000     0.937500      8018845        16.00
    7215.000     0.943750      8072541        17.78
    7767.000     0.950000      8125894        20.00
    8471.000     0.956250      8179486        22.86
    9367.000     0.962500      8232981        26.67
   10647.000     0.968750      8286139        32.00
   11591.000     0.971875      8312863        35.56
   12967.000     0.975000      8339574        40.00
   15015.000     0.978125      8366367        45.71
   18255.000     0.981250      8393039        53.33
   25167.000     0.984375      8419747        64.00
   30383.000     0.985938      8433117        71.11
   37119.000     0.987500      8446535        80.00
   45151.000     0.989062      8459843        91.43
   54911.000     0.990625      8473243       106.67
   67071.000     0.992188      8486605       128.00
   74815.000     0.992969      8493267       142.22
   84095.000     0.993750      8499972       160.00
   95935.000     0.994531      8506629       182.86
  110079.000     0.995313      8513305       213.33
  130495.000     0.996094      8519998       256.00
  139775.000     0.996484      8523352       284.44
  152319.000     0.996875      8526689       320.00
  162815.000     0.997266      8530004       365.71
  179199.000     0.997656      8533352       426.67
  197119.000     0.998047      8536691       512.00
  205311.000     0.998242      8538364       568.89
  215039.000     0.998437      8540050       640.00
  230143.000     0.998633      8541703       731.43
  250623.000     0.998828      8543378       853.33
  272127.000     0.999023      8545044      1024.00
  283647.000     0.999121      8545886      1137.78
  305919.000     0.999219      8546713      1280.00
  317951.000     0.999316      8547550      1462.86
  329983.000     0.999414      8548404      1706.67
  351487.000     0.999512      8549217      2048.00
  364543.000     0.999561      8549633      2275.56
  395775.000     0.999609      8550064      2560.00
  408063.000     0.999658      8550481      2925.71
  424959.000     0.999707      8550892      3413.33
  475903.000     0.999756      8551307      4096.00
  516351.000     0.999780      8551512      4551.11
  540671.000     0.999805      8551721      5120.00
  600063.000     0.999829      8551930      5851.43
  638463.000     0.999854      8552143      6826.67
  674303.000     0.999878      8552357      8192.00
  677375.000     0.999890      8552456      9102.22
  702463.000     0.999902      8552557     10240.00
  730623.000     0.999915      8552686     11702.86
  779775.000     0.999927      8552766     13653.33
  794623.000     0.999939      8552871     16384.00
  807423.000     0.999945      8552922     18204.44
  808959.000     0.999951      8552980     20480.00
  810495.000     0.999957      8553029     23405.71
  835583.000     0.999963      8553084     27306.67
  851455.000     0.999969      8553133     32768.00
  852479.000     0.999973      8553164     36408.89
  852991.000     0.999976      8553183     40960.00
  855039.000     0.999979      8553213     46811.43
  856575.000     0.999982      8553238     54613.33
  870399.000     0.999985      8553261     65536.00
  969727.000     0.999986      8553274     72817.78
  971263.000     0.999988      8553293     81920.00
  971775.000     0.999989      8553300     93622.86
  972799.000     0.999991      8553325    109226.67
  973311.000     0.999992      8553343    131072.00
  973311.000     0.999993      8553343    145635.56
  973311.000     0.999994      8553343    163840.00
  973823.000     0.999995      8553363    187245.71
  973823.000     0.999995      8553363    218453.33
  973823.000     0.999996      8553363    262144.00
  973823.000     0.999997      8553363    291271.11
  974335.000     0.999997      8553376    327680.00
  974335.000     0.999997      8553376    374491.43
  974335.000     0.999998      8553376    436906.67
  974335.000     0.999998      8553376    524288.00
  974847.000     0.999998      8553386    582542.22
  974847.000     0.999998      8553386    655360.00
  974847.000     0.999999      8553386    748982.86
  974847.000     0.999999      8553386    873813.33
  974847.000     0.999999      8553386   1048576.00
  974847.000     0.999999      8553386   1165084.44
  974847.000     0.999999      8553386   1310720.00
  974847.000     0.999999      8553386   1497965.71
  975359.000     0.999999      8553391   1747626.67
  975359.000     1.000000      8553391          inf
#[Mean    =     3690.882, StdDeviation   =    18760.974]
#[Max     =   975359.000, Total count    =      8553391]
#[Buckets =           10, SubBuckets     =         2048]
