       Value   Percentile   TotalCount 1/(1-Percentile)

      76.000     0.000000            2         1.00
      81.000     0.100000        22578         1.11
      83.000     0.200000        38292         1.25
     133.000     0.300000        56264         1.43
     157.000     0.400000        75783         1.67
     161.000     0.500000        97709         2.00
     162.000     0.550000       102926         2.22
     169.000     0.600000       112547         2.50
     188.000     0.650000       121774         2.86
     191.000     0.700000       132201         3.33
     193.000     0.750000       146967         4.00
     193.000     0.775000       146967         4.44
     194.000     0.800000       151982         5.00
     195.000     0.825000       155960         5.71
     196.000     0.850000       160463         6.67
     197.000     0.875000       165940         8.00
     197.000     0.887500       165940         8.89
     198.000     0.900000       170539        10.00
     198.000     0.912500       170539        11.43
     199.000     0.925000       172972        13.33
     201.000     0.937500       175790        16.00
     202.000     0.943750       176898        17.78
     203.000     0.950000       177742        20.00
     204.000     0.956250       178558        22.86
     206.000     0.962500       180417        26.67
     207.000     0.968750       181439        32.00
     207.000     0.971875       181439        35.56
     208.000     0.975000       182345        40.00
     209.000     0.978125       183138        45.71
     209.000     0.981250       183138        53.33
     210.000     0.984375       183786        64.00
     211.000     0.985938       184266        71.11
     211.000     0.987500       184266        80.00
     212.000     0.989062       184671        91.43
     213.000     0.990625       184973       106.67
     214.000     0.992188       185210       128.00
     214.000     0.992969       185210       142.22
     215.000     0.993750       185423       160.00
     216.000     0.994531       185578       182.86
     217.000     0.995313       185722       213.33
     218.000     0.996094       185835       256.00
     219.000     0.996484       185925       284.44
     220.000     0.996875       186005       320.00
     220.000     0.997266       186005       365.71
     222.000     0.997656       186120       426.67
     223.000     0.998047       186166       512.00
     224.000     0.998242       186209       568.89
     225.000     0.998437       186245       640.00
     226.000     0.998633       186271       731.43
     227.000     0.998828       186301       853.33
     229.000     0.999023       186331      1024.00
     231.000     0.999121       186353      1137.78
     233.000     0.999219       186376      1280.00
     234.000     0.999316       186387      1462.86
     237.000     0.999414       186406      1706.67
     240.000     0.999512       186418      2048.00
     244.000     0.999561       186428      2275.56
     246.000     0.999609       186438      2560.00
     253.000     0.999658       186446      2925.71
     261.000     0.999707       186455      3413.33
     276.000     0.999756       186464      4096.00
     302.000     0.999780       186469      4551.11
     315.000     0.999805       186473      5120.00
     367.000     0.999829       186478      5851.43
     655.000     0.999854       186482      6826.67
    2245.000     0.999878       186487      8192.00
    2289.000     0.999890       186489      9102.22
    2355.000     0.999902       186491     10240.00
    2577.000     0.999915       186494     11702.86
    2707.000     0.999927       186496     13653.33
    2875.000     0.999939       186498     16384.00
    7659.000     0.999945       186499     18204.44
    7723.000     0.999951       186500     20480.00
    8163.000     0.999957       186502     23405.71
    8263.000     0.999963       186503     27306.67
    9383.000     0.999969       186504     32768.00
    9383.000     0.999973       186504     36408.89
   17439.000     0.999976       186505     40960.00
   17695.000     0.999979       186506     46811.43
   17695.000     0.999982       186506     54613.33
   19439.000     0.999985       186507     65536.00
   19439.000     0.999986       186507     72817.78
   19439.000     0.999988       186507     81920.00
   19743.000     0.999989       186508     93622.86
   19743.000     0.999991       186508    109226.67
   19743.000     0.999992       186508    131072.00
   19743.000     0.999993       186508    145635.56
   19743.000     0.999994       186508    163840.00
   19903.000     0.999995       186509    187245.71
   19903.000     1.000000       186509          inf
#[Mean    =      151.937, StdDeviation   =      118.042]
#[Max     =    19903.000, Total count    =       186509]
#[Buckets =            5, SubBuckets     =         2048]
