       Value   Percentile   TotalCount 1/(1-Percentile)

      49.000     0.000000            1         1.00
     319.000     0.100000       773985         1.11
     483.000     0.200000      1546625         1.25
     771.000     0.300000      2316275         1.43
    1965.000     0.400000      3086990         1.67
    4227.000     0.500000      3858496         2.00
    5103.000     0.550000      4245737         2.22
    5963.000     0.600000      4631164         2.50
    7075.000     0.650000      5016160         2.86
    8687.000     0.700000      5402479         3.33
   11087.000     0.750000      5787884         4.00
   12967.000     0.775000      5980880         4.44
   16055.000     0.800000      6173438         5.00
   19567.000     0.825000      6367367         5.71
   21791.000     0.850000      6560520         6.67
   23615.000     0.875000      6752259         8.00
   24767.000     0.887500      6849316         8.89
   26383.000     0.900000      6945742        10.00
   28191.000     0.912500      7042096        11.43
   29695.000     0.925000      7138842        13.33
   31135.000     0.937500      7234559        16.00
   31967.000     0.943750      7282886        17.78
   33023.000     0.950000      7331133        20.00
   34783.000     0.956250      7379521        22.86
   37567.000     0.962500      7427655        26.67
   42047.000     0.968750      7475802        32.00
   45791.000     0.971875      7499773        35.56
   51647.000     0.975000      7523952        40.00
   58527.000     0.978125      7548036        45.71
   64447.000     0.981250      7572177        53.33
   69503.000     0.984375      7596532        64.00
   71871.000     0.985938      7608310        71.11
   74623.000     0.987500      7620360        80.00
   77759.000     0.989062      7632441        91.43
   81727.000     0.990625      7644436       106.67
   85951.000     0.992188      7656660       128.00
   88063.000     0.992969      7662599       142.22
   89983.000     0.993750      7668552       160.00
   92031.000     0.994531      7674750       182.86
   94015.000     0.995313      7680672       213.33
   96063.000     0.996094      7686763       256.00
   97087.000     0.996484      7689756       284.44
   98175.000     0.996875      7692768       320.00
   99327.000     0.997266      7695682       365.71
  100735.000     0.997656      7698838       426.67
  102335.000     0.998047      7701839       512.00
  103103.000     0.998242      7703239       568.89
  103999.000     0.998437      7704746       640.00
  105087.000     0.998633      7706290       731.43
  106431.000     0.998828      7707747       853.33
  108159.000     0.999023      7709294      1024.00
  109119.000     0.999121      7710021      1137.78
  110271.000     0.999219      7710773      1280.00
  111551.000     0.999316      7711503      1462.86
  112959.000     0.999414      7712269      1706.67
  114815.000     0.999512      7713018      2048.00
  115839.000     0.999561      7713394      2275.56
  117119.000     0.999609      7713767      2560.00
  118527.000     0.999658      7714156      2925.71
  119935.000     0.999707      7714523      3413.33
  121535.000     0.999756      7714894      4096.00
  122431.000     0.999780      7715090      4551.11
  123263.000     0.999805      7715278      5120.00
  124223.000     0.999829      7715460      5851.43
  125567.000     0.999854      7715660      6826.67
  126975.000     0.999878      7715837      8192.00
  127935.000     0.999890      7715935      9102.22
  128831.000     0.999902      7716026     10240.00
  130111.000     0.999915      7716122     11702.86
  131327.000     0.999927      7716221     13653.33
  132223.000     0.999939      7716307     16384.00
  132991.000     0.999945      7716360     18204.44
  134015.000     0.999951      7716410     20480.00
  134911.000     0.999957      7716448     23405.71
  136191.000     0.999963      7716501     27306.67
  137471.000     0.999969      7716542     32768.00
  138111.000     0.999973      7716566     36408.89
  139263.000     0.999976      7716594     40960.00
  139775.000     0.999979      7716613     46811.43
  141183.000     0.999982      7716640     54613.33
  142719.000     0.999985      7716660     65536.00
  143615.000     0.999986      7716672     72817.78
  144767.000     0.999988      7716683     81920.00
  145407.000     0.999989      7716695     93622.86
  148479.000     0.999991      7716707    109226.67
  156671.000     0.999992      7716719    131072.00
  157567.000     0.999993      7716726    145635.56
  158463.000     0.999994      7716731    163840.00
  158847.000     0.999995      7716736    187245.71
  159615.000     0.999995      7716742    218453.33
  160255.000     0.999996      7716748    262144.00
  160383.000     0.999997      7716752    291271.11
  160767.000     0.999997      7716754    327680.00
  161023.000     0.999997      7716758    374491.43
  161407.000     0.999998      7716760    436906.67
  162047.000     0.999998      7716763    524288.00
  162303.000     0.999998      7716764    582542.22
  162687.000     0.999998      7716766    655360.00
  162815.000     0.999999      7716767    748982.86
  163711.000     0.999999      7716770    873813.33
  163711.000     0.999999      7716770   1048576.00
  163839.000     0.999999      7716771   1165084.44
  164223.000     0.999999      7716772   1310720.00
  164223.000     0.999999      7716772   1497965.71
  164607.000     0.999999      7716773   1747626.67
  164735.000     1.000000      7716774   2097152.00
  164735.000     1.000000      7716774   2330168.89
  164863.000     1.000000      7716775   2621440.00
  164863.000     1.000000      7716775   2995931.43
  164863.000     1.000000      7716775   3495253.33
  165759.000     1.000000      7716776   4194304.00
  165759.000     1.000000      7716776   4660337.78
  165759.000     1.000000      7716776   5242880.00
  165759.000     1.000000      7716776   5991862.86
  165759.000     1.000000      7716776   6990506.67
  166399.000     1.000000      7716777   8388608.00
  166399.000     1.000000      7716777          inf
#[Mean    =     9482.858, StdDeviation   =    14821.230]
#[Max     =   166399.000, Total count    =      7716777]
#[Buckets =            8, SubBuckets     =         2048]
