       Value   Percentile   TotalCount 1/(1-Percentile)

      65.000     0.000000            1         1.00
     104.000     0.100000       130347         1.11
     113.000     0.200000       266055         1.25
     120.000     0.300000       386386         1.43
     128.000     0.400000       526394         1.67
     135.000     0.500000       644557         2.00
     139.000     0.550000       707951         2.22
     143.000     0.600000       768199         2.50
     148.000     0.650000       837379         2.86
     153.000     0.700000       899153         3.33
     159.000     0.750000       963842         4.00
     162.000     0.775000       992165         4.44
     166.000     0.800000      1026564         5.00
     170.000     0.825000      1056765         5.71
     175.000     0.850000      1089384         6.67
     181.000     0.875000      1121088         8.00
     185.000     0.887500      1138814         8.89
     189.000     0.900000      1154363        10.00
     193.000     0.912500      1167656        11.43
     199.000     0.925000      1184403        13.33
     206.000     0.937500      1199854        16.00
     211.000     0.943750      1208788        17.78
     216.000     0.950000      1216342        20.00
     222.000     0.956250      1223731        22.86
     230.000     0.962500      1231698        26.67
     242.000     0.968750      1240012        32.00
     249.000     0.971875      1243634        35.56
     260.000     0.975000      1247849        40.00
     273.000     0.978125      1251583        45.71
     293.000     0.981250      1255600        53.33
     328.000     0.984375      1259572        64.00
     360.000     0.985938      1261546        71.11
     412.000     0.987500      1263517        80.00
     466.000     0.989062      1265497        91.43
     510.000     0.990625      1267524       106.67
     549.000     0.992188      1269499       128.00
     570.000     0.992969      1270521       142.22
     595.000     0.993750      1271507       160.00
     627.000     0.994531      1272504       182.86
     672.000     0.995313      1273498       213.33
     720.000     0.996094      1274493       256.00
     744.000     0.996484      1274990       284.44
     770.000     0.996875      1275506       320.00
     797.000     0.997266      1276003       365.71
     831.000     0.997656      1276500       426.67
     873.000     0.998047      1276993       512.00
     896.000     0.998242      1277243       568.89
     921.000     0.998437      1277499       640.00
     947.000     0.998633      1277741       731.43
     974.000     0.998828      1277992       853.33
    1005.000     0.999023      1278239      1024.00
    1028.000     0.999121      1278367      1137.78
    1052.000     0.999219      1278489      1280.00
    1083.000     0.999316      1278619      1462.86
    1115.000     0.999414      1278739      1706.67
    1149.000     0.999512      1278866      2048.00
    1163.000     0.999561      1278929      2275.56
    1184.000     0.999609      1278990      2560.00
    1207.000     0.999658      1279053      2925.71
    1235.000     0.999707      1279114      3413.33
    1267.000     0.999756      1279177      4096.00
    1286.000     0.999780      1279206      4551.11
    1305.000     0.999805      1279238      5120.00
    1329.000     0.999829      1279269      5851.43
    1370.000     0.999854      1279300      6826.67
    1410.000     0.999878      1279333      8192.00
    1428.000     0.999890      1279347      9102.22
    1467.000     0.999902      1279363     10240.00
    1494.000     0.999915      1279378     11702.86
    1514.000     0.999927      1279394     13653.33
    1547.000     0.999939      1279409     16384.00
    1575.000     0.999945      1279417     18204.44
    1592.000     0.999951      1279425     20480.00
    1608.000     0.999957      1279433     23405.71
    1658.000     0.999963      1279441     27306.67
    1689.000     0.999969      1279449     32768.00
    1697.000     0.999973      1279452     36408.89
    1746.000     0.999976      1279456     40960.00
    1815.000     0.999979      1279460     46811.43
    1843.000     0.999982      1279464     54613.33
    1884.000     0.999985      1279468     65536.00
    1893.000     0.999986      1279470     72817.78
    1925.000     0.999988      1279472     81920.00
    1945.000     0.999989      1279474     93622.86
    1957.000     0.999991      1279476    109226.67
    2109.000     0.999992      1279478    131072.00
    2179.000     0.999993      1279479    145635.56
    2245.000     0.999994      1279480    163840.00
    2253.000     0.999995      1279481    187245.71
    2269.000     0.999995      1279482    218453.33
    2365.000     0.999996      1279483    262144.00
    2365.000     0.999997      1279483    291271.11
    2389.000     0.999997      1279484    327680.00
    2389.000     0.999997      1279484    374491.43
    2457.000     0.999998      1279485    436906.67
    2457.000     0.999998      1279485    524288.00
    2457.000     0.999998      1279485    582542.22
    2753.000     0.999998      1279486    655360.00
    2753.000     0.999999      1279486    748982.86
    2753.000     0.999999      1279486    873813.33
    2753.000     0.999999      1279486   1048576.00
    2753.000     0.999999      1279486   1165084.44
    2835.000     0.999999      1279487   1310720.00
    2835.000     1.000000      1279487          inf
#[Mean    =      148.014, StdDeviation   =       72.925]
#[Max     =     2835.000, Total count    =      1279487]
#[Buckets =            2, SubBuckets     =         2048]
