       Value   Percentile   TotalCount 1/(1-Percentile)

     229.000     0.000000            1         1.00
   27487.000     0.100000       224706         1.11
   29247.000     0.200000       449633         1.25
   30751.000     0.300000       672564         1.43
   32175.000     0.400000       897614         1.67
   33471.000     0.500000      1123502         2.00
   34047.000     0.550000      1234271         2.22
   34655.000     0.600000      1348943         2.50
   35295.000     0.650000      1459804         2.86
   35999.000     0.700000      1571069         3.33
   36767.000     0.750000      1681380         4.00
   37183.000     0.775000      1737146         4.44
   37599.000     0.800000      1791210         5.00
   38047.000     0.825000      1846941         5.71
   38527.000     0.850000      1904225         6.67
   39007.000     0.875000      1959443         8.00
   39263.000     0.887500      1987712         8.89
   39519.000     0.900000      2014998        10.00
   39807.000     0.912500      2044715        11.43
   40095.000     0.925000      2072795        13.33
   40383.000     0.937500      2099543        16.00
   40543.000     0.943750      2113556        17.78
   40703.000     0.950000      2127067        20.00
   40895.000     0.956250      2142328        22.86
   41087.000     0.962500      2156685        26.67
   41279.000     0.968750      2169854        32.00
   41375.000     0.971875      2175874        35.56
   41503.000     0.975000      2183432        40.00
   41631.000     0.978125      2190191        45.71
   41791.000     0.981250      2197715        53.33
   41951.000     0.984375      2203826        64.00
   42079.000     0.985938      2207910        71.11
   42207.000     0.987500      2211340        80.00
   42335.000     0.989062      2214068        91.43
   42591.000     0.990625      2217867       106.67
   42975.000     0.992188      2221193       128.00
   43327.000     0.992969      2222932       142.22
   43775.000     0.993750      2224576       160.00
   44415.000     0.994531      2226378       182.86
   45183.000     0.995313      2228058       213.33
   46143.000     0.996094      2229864       256.00
   46719.000     0.996484      2230685       284.44
   47423.000     0.996875      2231591       320.00
   48191.000     0.997266      2232456       365.71
   49023.000     0.997656      2233305       426.67
   49983.000     0.998047      2234190       512.00
   50591.000     0.998242      2234629       568.89
   51231.000     0.998437      2235061       640.00
   51967.000     0.998633      2235494       731.43
   52831.000     0.998828      2235934       853.33
   53759.000     0.999023      2236369      1024.00
   54271.000     0.999121      2236586      1137.78
   54847.000     0.999219      2236804      1280.00
   55487.000     0.999316      2237024      1462.86
   56223.000     0.999414      2237242      1706.67
   57215.000     0.999512      2237457      2048.00
   57695.000     0.999561      2237570      2275.56
   58431.000     0.999609      2237676      2560.00
   59167.000     0.999658      2237792      2925.71
   60191.000     0.999707      2237899      3413.33
   61279.000     0.999756      2238005      4096.00
   61983.000     0.999780      2238061      4551.11
   62655.000     0.999805      2238116      5120.00
   63519.000     0.999829      2238168      5851.43
   64511.000     0.999854      2238223      6826.67
   65279.000     0.999878      2238278      8192.00
   66239.000     0.999890      2238306      9102.22
   66751.000     0.999902      2238333     10240.00
   67391.000     0.999915      2238364     11702.86
   67775.000     0.999927      2238387     13653.33
   68351.000     0.999939      2238415     16384.00
   68799.000     0.999945      2238430     18204.44
   69247.000     0.999951      2238444     20480.00
   69567.000     0.999957      2238457     23405.71
   70079.000     0.999963      2238470     27306.67
   70527.000     0.999969      2238484     32768.00
   70655.000     0.999973      2238491     36408.89
   71103.000     0.999976      2238497     40960.00
   71295.000     0.999979      2238503     46811.43
   71487.000     0.999982      2238513     54613.33
   71615.000     0.999985      2238519     65536.00
   71679.000     0.999986      2238521     72817.78
   71871.000     0.999988      2238523     81920.00
   72191.000     0.999989      2238528     93622.86
   72255.000     0.999991      2238530    109226.67
   72383.000     0.999992      2238533    131072.00
   72511.000     0.999993      2238535    145635.56
   72575.000     0.999994      2238537    163840.00
   72639.000     0.999995      2238539    187245.71
   72703.000     0.999995      2238541    218453.33
   72767.000     0.999996      2238543    262144.00
   72767.000     0.999997      2238543    291271.11
   72831.000     0.999997      2238544    327680.00
   72895.000     0.999997      2238545    374491.43
   72895.000     0.999998      2238545    436906.67
   72959.000     0.999998      2238546    524288.00
   73023.000     0.999998      2238547    582542.22
   73023.000     0.999998      2238547    655360.00
   73087.000     0.999999      2238548    748982.86
   73087.000     0.999999      2238548    873813.33
   73087.000     0.999999      2238548   1048576.00
   73215.000     0.999999      2238549   1165084.44
   73215.000     0.999999      2238549   1310720.00
   73215.000     0.999999      2238549   1497965.71
   73215.000     0.999999      2238549   1747626.67
   73215.000     1.000000      2238549   2097152.00
   75007.000     1.000000      2238550   2330168.89
   75007.000     1.000000      2238550          inf
#[Mean    =    33446.907, StdDeviation   =     4598.992]
#[Max     =    75007.000, Total count    =      2238550]
#[Buckets =            7, SubBuckets     =         2048]
