       Value   Percentile   TotalCount 1/(1-Percentile)

     399.000     0.000000            1         1.00
   76863.000     0.100000        80567         1.11
   81407.000     0.200000       161090         1.25
   84863.000     0.300000       242832         1.43
   87935.000     0.400000       323032         1.67
   91007.000     0.500000       402848         2.00
   92607.000     0.550000       443092         2.22
   94335.000     0.600000       484591         2.50
   96063.000     0.650000       523923         2.86
   97983.000     0.700000       564875         3.33
  100031.000     0.750000       604526         4.00
  101183.000     0.775000       624700         4.44
  102399.000     0.800000       644813         5.00
  103743.000     0.825000       665109         5.71
  105279.000     0.850000       684925         6.67
  107135.000     0.875000       705023         8.00
  108287.000     0.887500       715144         8.89
  109567.000     0.900000       724855        10.00
  111231.000     0.912500       734911        11.43
  113343.000     0.925000       745020        13.33
  116095.000     0.937500       755168        16.00
  117695.000     0.943750       760032        17.78
  119615.000     0.950000       765171        20.00
  121727.000     0.956250       770213        22.86
  124287.000     0.962500       775146        26.67
  127295.000     0.968750       780188        32.00
  129023.000     0.971875       782688        35.56
  131007.000     0.975000       785200        40.00
  133247.000     0.978125       787731        45.71
  135807.000     0.981250       790298        53.33
  138623.000     0.984375       792792        64.00
  140159.000     0.985938       794015        71.11
  141823.000     0.987500       795289        80.00
  143487.000     0.989062       796494        91.43
  145407.000     0.990625       797817       106.67
  147455.000     0.992188       799064       128.00
  148607.000     0.992969       799651       142.22
  149887.000     0.993750       800292       160.00
  151423.000     0.994531       800912       182.86
  153215.000     0.995313       801529       213.33
  155519.000     0.996094       802152       256.00
  156799.000     0.996484       802471       284.44
  158335.000     0.996875       802789       320.00
  159871.000     0.997266       803091       365.71
  161791.000     0.997656       803416       426.67
  163839.000     0.998047       803727       512.00
  165119.000     0.998242       803895       568.89
  166399.000     0.998437       804042       640.00
  167551.000     0.998633       804198       731.43
  168831.000     0.998828       804348       853.33
  170367.000     0.999023       804507      1024.00
  171007.000     0.999121       804584      1137.78
  172031.000     0.999219       804662      1280.00
  173183.000     0.999316       804751      1462.86
  173951.000     0.999414       804825      1706.67
  175103.000     0.999512       804908      2048.00
  175743.000     0.999561       804939      2275.56
  176511.000     0.999609       804981      2560.00
  177279.000     0.999658       805020      2925.71
  177919.000     0.999707       805057      3413.33
  178815.000     0.999756       805101      4096.00
  179199.000     0.999780       805117      4551.11
  179711.000     0.999805       805134      5120.00
  180607.000     0.999829       805155      5851.43
  181247.000     0.999854       805178      6826.67
  182143.000     0.999878       805193      8192.00
  182655.000     0.999890       805207      9102.22
  182911.000     0.999902       805213     10240.00
  183935.000     0.999915       805224     11702.86
  184319.000     0.999927       805235     13653.33
  184959.000     0.999939       805245     16384.00
  185727.000     0.999945       805249     18204.44
  186239.000     0.999951       805252     20480.00
  186751.000     0.999957       805258     23405.71
  187135.000     0.999963       805262     27306.67
  187519.000     0.999969       805267     32768.00
  188159.000     0.999973       805270     36408.89
  188799.000     0.999976       805272     40960.00
  189695.000     0.999979       805274     46811.43
  190847.000     0.999982       805278     54613.33
  191103.000     0.999985       805280     65536.00
  191103.000     0.999986       805280     72817.78
  191359.000     0.999988       805282     81920.00
  191487.000     0.999989       805283     93622.86
  192127.000     0.999991       805284    109226.67
  193023.000     0.999992       805285    131072.00
  194175.000     0.999993       805286    145635.56
  194303.000     0.999994       805287    163840.00
  194303.000     0.999995       805287    187245.71
  194815.000     0.999995       805288    218453.33
  194815.000     0.999996       805288    262144.00
  195455.000     0.999997       805289    291271.11
  195455.000     0.999997       805289    327680.00
  195455.000     0.999997       805289    374491.43
  196095.000     0.999998       805290    436906.67
  196095.000     0.999998       805290    524288.00
  196095.000     0.999998       805290    582542.22
  196095.000     0.999998       805290    655360.00
  196095.000     0.999999       805290    748982.86
  197375.000     0.999999       805291    873813.33
  197375.000     1.000000       805291          inf
#[Mean    =    92696.165, StdDeviation   =    15299.993]
#[Max     =   197375.000, Total count    =       805291]
#[Buckets =            8, SubBuckets     =         2048]
