       Value   Percentile   TotalCount 1/(1-Percentile)

      99.000     0.000000            1         1.00
     401.000     0.100000       868561         1.11
     571.000     0.200000      1728713         1.25
     824.000     0.300000      2594234         1.43
    1187.000     0.400000      3457857         1.67
    1851.000     0.500000      4321059         2.00
    2461.000     0.550000      4753129         2.22
    3279.000     0.600000      5184862         2.50
    4247.000     0.650000      5617524         2.86
    5687.000     0.700000      6049471         3.33
    8003.000     0.750000      6481435         4.00
   10183.000     0.775000      6697051         4.44
   13183.000     0.800000      6913525         5.00
   16095.000     0.825000      7129320         5.71
   19055.000     0.850000      7346061         6.67
   22207.000     0.875000      7561854         8.00
   23903.000     0.887500      7669132         8.89
   25807.000     0.900000      7777860        10.00
   27919.000     0.912500      7885205        11.43
   30399.000     0.925000      7993644        13.33
   33279.000     0.937500      8101806        16.00
   34975.000     0.943750      8155334        17.78
   36927.000     0.950000      8209753        20.00
   39103.000     0.956250      8263781        22.86
   41695.000     0.962500      8317480        26.67
   44863.000     0.968750      8371345        32.00
   46751.000     0.971875      8398357        35.56
   48927.000     0.975000      8425419        40.00
   51423.000     0.978125      8452272        45.71
   54463.000     0.981250      8479223        53.33
   58303.000     0.984375      8506362        64.00
   60543.000     0.985938      8519728        71.11
   63231.000     0.987500      8533330        80.00
   66175.000     0.989062      8546938        91.43
   69631.000     0.990625      8560276       106.67
   74111.000     0.992188      8573828       128.00
   76735.000     0.992969      8580487       142.22
   79807.000     0.993750      8587234       160.00
   83647.000     0.994531      8594073       182.86
   88319.000     0.995313      8600772       213.33
   93887.000     0.996094      8607528       256.00
   97407.000     0.996484      8610900       284.44
  101823.000     0.996875      8614248       320.00
  108543.000     0.997266      8617615       365.71
  117695.000     0.997656      8620985       426.67
  128575.000     0.998047      8624357       512.00
  135935.000     0.998242      8626048       568.89
  144511.000     0.998437      8627729       640.00
  157439.000     0.998633      8629430       731.43
  170751.000     0.998828      8631106       853.33
  193663.000     0.999023      8632797      1024.00
  208127.000     0.999121      8633639      1137.78
  222463.000     0.999219      8634484      1280.00
  245119.000     0.999316      8635324      1462.86
  267519.000     0.999414      8636168      1706.67
  307455.000     0.999512      8637015      2048.00
  336383.000     0.999561      8637434      2275.56
  393727.000     0.999609      8637858      2560.00
  437503.000     0.999658      8638281      2925.71
  488191.000     0.999707      8638698      3413.33
  617471.000     0.999756      8639120      4096.00
  693247.000     0.999780      8639336      4551.11
  717311.000     0.999805      8639555      5120.00
  729599.000     0.999829      8639775      5851.43
  774143.000     0.999854      8639964      6826.67
  799231.000     0.999878      8640178      8192.00
  806911.000     0.999890      8640281      9102.22
  823807.000     0.999902      8640386     10240.00
  852991.000     0.999915      8640491     11702.86
  992767.000     0.999927      8640597     13653.33
 1129471.000     0.999939      8640702     16384.00
 1545215.000     0.999945      8640755     18204.44
 1678335.000     0.999951      8640808     20480.00
 1693695.000     0.999957      8640868     23405.71
 1704959.000     0.999963      8640913     27306.67
 1757183.000     0.999969      8640968     32768.00
 1795071.000     0.999973      8640992     36408.89
 1828863.000     0.999976      8641019     40960.00
 1892351.000     0.999979      8641047     46811.43
 1897471.000     0.999982      8641075     54613.33
 1905663.000     0.999985      8641098     65536.00
 2041855.000     0.999986      8641112     72817.78
 2111487.000     0.999988      8641127     81920.00
 2115583.000     0.999989      8641142     93622.86
 2125823.000     0.999991      8641152    109226.67
 2148351.000     0.999992      8641166    131072.00
 2166783.000     0.999993      8641171    145635.56
 2168831.000     0.999994      8641177    163840.00
 2273279.000     0.999995      8641183    187245.71
 2400255.000     0.999995      8641191    218453.33
 2410495.000     0.999996      8641197    262144.00
 2412543.000     0.999997      8641201    291271.11
 2418687.000     0.999997      8641203    327680.00
 2482175.000     0.999997      8641206    374491.43
 2486271.000     0.999998      8641210    436906.67
 2490367.000     0.999998      8641213    524288.00
 2492415.000     0.999998      8641217    582542.22
 2492415.000     0.999998      8641217    655360.00
 2494463.000     0.999999      8641220    748982.86
 2494463.000     0.999999      8641220    873813.33
 2496511.000     0.999999      8641221   1048576.00
 2498559.000     0.999999      8641223   1165084.44
 2498559.000     0.999999      8641223   1310720.00
 2500607.000     0.999999      8641224   1497965.71
 2504703.000     0.999999      8641225   1747626.67
 2504703.000     1.000000      8641225   2097152.00
 2510847.000     1.000000      8641229   2330168.89
 2510847.000     1.000000      8641229          inf
#[Mean    =     8596.526, StdDeviation   =    24379.224]
#[Max     =  2510847.000, Total count    =      8641229]
#[Buckets =           12, SubBuckets     =         2048]
