       Value   Percentile   TotalCount 1/(1-Percentile)

     112.000     0.000000            1         1.00
     869.000     0.100000       845646         1.11
    1125.000     0.200000      1690930         1.25
    1402.000     0.300000      2534407         1.43
    1761.000     0.400000      3379016         1.67
    2311.000     0.500000      4224485         2.00
    2741.000     0.550000      4645438         2.22
    3363.000     0.600000      5067628         2.50
    4307.000     0.650000      5491107         2.86
    5891.000     0.700000      5912404         3.33
    8631.000     0.750000      6335228         4.00
   10271.000     0.775000      6546705         4.44
   11903.000     0.800000      6757374         5.00
   13551.000     0.825000      6968685         5.71
   15271.000     0.850000      7179909         6.67
   17199.000     0.875000      7390866         8.00
   18287.000     0.887500      7496041         8.89
   19503.000     0.900000      7602492        10.00
   20879.000     0.912500      7707751        11.43
   22463.000     0.925000      7813248        13.33
   24367.000     0.937500      7918310        16.00
   25503.000     0.943750      7971230        17.78
   26815.000     0.950000      8023796        20.00
   28351.000     0.956250      8076675        22.86
   30175.000     0.962500      8129592        26.67
   32351.000     0.968750      8182342        32.00
   33631.000     0.971875      8208582        35.56
   35103.000     0.975000      8235227        40.00
   36799.000     0.978125      8261633        45.71
   38847.000     0.981250      8288012        53.33
   41279.000     0.984375      8314152        64.00
   42687.000     0.985938      8327436        71.11
   44319.000     0.987500      8340642        80.00
   46143.000     0.989062      8353768        91.43
   48351.000     0.990625      8366992       106.67
   50911.000     0.992188      8380144       128.00
   52415.000     0.992969      8386761       142.22
   54111.000     0.993750      8393366       160.00
   55999.000     0.994531      8399899       182.86
   58303.000     0.995313      8406488       213.33
   61023.000     0.996094      8413065       256.00
   62559.000     0.996484      8416377       284.44
   64351.000     0.996875      8419648       320.00
   66559.000     0.997266      8423029       365.71
   69311.000     0.997656      8426247       426.67
   72575.000     0.998047      8429558       512.00
   74815.000     0.998242      8431232       568.89
   77247.000     0.998437      8432856       640.00
   80319.000     0.998633      8434515       731.43
   84095.000     0.998828      8436142       853.33
   89151.000     0.999023      8437816      1024.00
   92671.000     0.999121      8438616      1137.78
   96767.000     0.999219      8439439      1280.00
  102271.000     0.999316      8440265      1462.86
  109439.000     0.999414      8441088      1706.67
  121215.000     0.999512      8441914      2048.00
  130879.000     0.999561      8442326      2275.56
  142335.000     0.999609      8442738      2560.00
  159871.000     0.999658      8443156      2925.71
  178047.000     0.999707      8443562      3413.33
  193919.000     0.999756      8443975      4096.00
  198015.000     0.999780      8444184      4551.11
  203263.000     0.999805      8444387      5120.00
  209407.000     0.999829      8444597      5851.43
  212607.000     0.999854      8444809      6826.67
  217599.000     0.999878      8445010      8192.00
  223103.000     0.999890      8445112      9102.22
  236031.000     0.999902      8445215     10240.00
  240895.000     0.999915      8445317     11702.86
  246783.000     0.999927      8445418     13653.33
  251903.000     0.999939      8445521     16384.00
  254079.000     0.999945      8445573     18204.44
  259071.000     0.999951      8445626     20480.00
  264447.000     0.999957      8445677     23405.71
  268543.000     0.999963      8445732     27306.67
  283391.000     0.999969      8445779     32768.00
  290303.000     0.999973      8445805     36408.89
  293887.000     0.999976      8445837     40960.00
  294655.000     0.999979      8445858     46811.43
  296191.000     0.999982      8445886     54613.33
  297215.000     0.999985      8445912     65536.00
  297727.000     0.999986      8445929     72817.78
  297983.000     0.999988      8445938     81920.00
  298239.000     0.999989      8445947     93622.86
  299007.000     0.999991      8445964    109226.67
  299519.000     0.999992      8445973    131072.00
  300031.000     0.999993      8445982    145635.56
  300287.000     0.999994      8445986    163840.00
  300543.000     0.999995      8445993    187245.71
  301311.000     0.999995      8446001    218453.33
  301823.000     0.999996      8446004    262144.00
  302847.000     0.999997      8446009    291271.11
  303359.000     0.999997      8446014    327680.00
  303359.000     0.999997      8446014    374491.43
  303615.000     0.999998      8446018    436906.67
  303871.000     0.999998      8446026    524288.00
  303871.000     0.999998      8446026    582542.22
  303871.000     0.999998      8446026    655360.00
  303871.000     0.999999      8446026    748982.86
  304127.000     0.999999      8446028    873813.33
  304127.000     0.999999      8446028   1048576.00
  304383.000     0.999999      8446029   1165084.44
  304639.000     0.999999      8446030   1310720.00
  305407.000     0.999999      8446031   1497965.71
  305663.000     0.999999      8446032   1747626.67
  305663.000     1.000000      8446032   2097152.00
  305919.000     1.000000      8446033   2330168.89
  305919.000     1.000000      8446033   2621440.00
  306175.000     1.000000      8446034   2995931.43
  306175.000     1.000000      8446034   3495253.33
  306175.000     1.000000      8446034   4194304.00
  306431.000     1.000000      8446036   4660337.78
  306431.000     1.000000      8446036          inf
#[Mean    =     6954.030, StdDeviation   =    10826.036]
#[Max     =   306431.000, Total count    =      8446036]
#[Buckets =            9, SubBuckets     =         2048]
