       Value   Percentile   TotalCount 1/(1-Percentile)

      76.000     0.000000            1         1.00
     117.000     0.100000       135256         1.11
     126.000     0.200000       263890         1.25
     133.000     0.300000       388743         1.43
     139.000     0.400000       509455         1.67
     145.000     0.500000       634061         2.00
     148.000     0.550000       694825         2.22
     151.000     0.600000       752618         2.50
     155.000     0.650000       823810         2.86
     159.000     0.700000       887313         3.33
     163.000     0.750000       942837         4.00
     166.000     0.775000       979593         4.44
     168.000     0.800000      1001555         5.00
     172.000     0.825000      1040773         5.71
     175.000     0.850000      1066017         6.67
     180.000     0.875000      1101068         8.00
     182.000     0.887500      1112997         8.89
     185.000     0.900000      1128932        10.00
     188.000     0.912500      1142590        11.43
     192.000     0.925000      1158195        13.33
     197.000     0.937500      1173523        16.00
     200.000     0.943750      1181111        17.78
     204.000     0.950000      1189563        20.00
     209.000     0.956250      1197852        22.86
     215.000     0.962500      1205384        26.67
     223.000     0.968750      1212629        32.00
     229.000     0.971875      1216597        35.56
     236.000     0.975000      1220085        40.00
     247.000     0.978125      1224063        45.71
     263.000     0.981250      1227974        53.33
     287.000     0.984375      1231837        64.00
     300.000     0.985938      1233735        71.11
     315.000     0.987500      1235737        80.00
     329.000     0.989062      1237645        91.43
     345.000     0.990625      1239629       106.67
     361.000     0.992188      1241553       128.00
     370.000     0.992969      1242529       142.22
     380.000     0.993750      1243535       160.00
     390.000     0.994531      1244469       182.86
     402.000     0.995313      1245484       213.33
     415.000     0.996094      1246459       256.00
     421.000     0.996484      1246886       284.44
     429.000     0.996875      1247382       320.00
     437.000     0.997266      1247866       365.71
     446.000     0.997656      1248351       426.67
     456.000     0.998047      1248838       512.00
     462.000     0.998242      1249094       568.89
     469.000     0.998437      1249345       640.00
     477.000     0.998633      1249591       731.43
     484.000     0.998828      1249813       853.33
     493.000     0.999023      1250057      1024.00
     498.000     0.999121      1250183      1137.78
     505.000     0.999219      1250318      1280.00
     511.000     0.999316      1250440      1462.86
     519.000     0.999414      1250557      1706.67
     528.000     0.999512      1250675      2048.00
     534.000     0.999561      1250731      2275.56
     540.000     0.999609      1250802      2560.00
     546.000     0.999658      1250854      2925.71
     556.000     0.999707      1250912      3413.33
     568.000     0.999756      1250976      4096.00
     576.000     0.999780      1251008      4551.11
     583.000     0.999805      1251037      5120.00
     589.000     0.999829      1251066      5851.43
     600.000     0.999854      1251098      6826.67
     608.000     0.999878      1251128      8192.00
     614.000     0.999890      1251143      9102.22
     622.000     0.999902      1251156     10240.00
     634.000     0.999915      1251174     11702.86
     641.000     0.999927      1251187     13653.33
     654.000     0.999939      1251202     16384.00
     663.000     0.999945      1251210     18204.44
     667.000     0.999951      1251217     20480.00
     677.000     0.999957      1251225     23405.71
     689.000     0.999963      1251234     27306.67
     702.000     0.999969      1251240     32768.00
     706.000     0.999973      1251245     36408.89
     711.000     0.999976      1251248     40960.00
     748.000     0.999979      1251252     46811.43
     757.000     0.999982      1251256     54613.33
     781.000     0.999985      1251259     65536.00
     793.000     0.999986      1251261     72817.78
     806.000     0.999988      1251263     81920.00
     812.000     0.999989      1251265     93622.86
     863.000     0.999991      1251267    109226.67
     875.000     0.999992      1251269    131072.00
     878.000     0.999993      1251270    145635.56
     893.000     0.999994      1251271    163840.00
     974.000     0.999995      1251272    187245.71
    1014.000     0.999995      1251273    218453.33
    1015.000     0.999996      1251274    262144.00
    1015.000     0.999997      1251274    291271.11
    1023.000     0.999997      1251275    327680.00
    1023.000     0.999997      1251275    374491.43
    1058.000     0.999998      1251276    436906.67
    1058.000     0.999998      1251276    524288.00
    1058.000     0.999998      1251276    582542.22
    1085.000     0.999998      1251277    655360.00
    1085.000     0.999999      1251277    748982.86
    1085.000     0.999999      1251277    873813.33
    1085.000     0.999999      1251277   1048576.00
    1085.000     0.999999      1251277   1165084.44
    1088.000     0.999999      1251278   1310720.00
    1088.000     1.000000      1251278          inf
#[Mean    =      151.309, StdDeviation   =       40.035]
#[Max     =     1088.000, Total count    =      1251278]
#[Buckets =            1, SubBuckets     =         2048]
