       Value   Percentile   TotalCount 1/(1-Percentile)

    6307.000     0.000000            1         1.00
   10447.000     0.100000        85863         1.11
   10679.000     0.200000       173849         1.25
   10855.000     0.300000       259950         1.43
   11007.000     0.400000       343673         1.67
   11175.000     0.500000       427965         2.00
   11279.000     0.550000       471803         2.22
   11391.000     0.600000       514629         2.50
   11535.000     0.650000       555563         2.86
   11743.000     0.700000       597561         3.33
   12079.000     0.750000       640764         4.00
   12319.000     0.775000       662013         4.44
   12591.000     0.800000       682839         5.00
   12895.000     0.825000       704169         5.71
   13207.000     0.850000       725700         6.67
   13487.000     0.875000       747369         8.00
   13623.000     0.887500       757546         8.89
   13759.000     0.900000       768156        10.00
   13911.000     0.912500       779257        11.43
   14063.000     0.925000       789648        13.33
   14215.000     0.937500       800473        16.00
   14295.000     0.943750       805596        17.78
   14383.000     0.950000       810891        20.00
   14479.000     0.956250       816309        22.86
   14575.000     0.962500       821661        26.67
   14711.000     0.968750       827081        32.00
   14783.000     0.971875       829498        35.56
   14863.000     0.975000       832277        40.00
   14975.000     0.978125       834811        45.71
   15135.000     0.981250       837556        53.33
   15383.000     0.984375       840132        64.00
   15655.000     0.985938       841436        71.11
   15943.000     0.987500       842773        80.00
   16327.000     0.989062       844125        91.43
   16655.000     0.990625       845436       106.67
   17055.000     0.992188       846834       128.00
   17231.000     0.992969       847459       142.22
   17407.000     0.993750       848155       160.00
   17647.000     0.994531       848821       182.86
   17999.000     0.995313       849456       213.33
   18383.000     0.996094       850106       256.00
   18751.000     0.996484       850438       284.44
   19391.000     0.996875       850775       320.00
   20047.000     0.997266       851103       365.71
   20559.000     0.997656       851446       426.67
   21039.000     0.998047       851774       512.00
   21391.000     0.998242       851936       568.89
   21807.000     0.998437       852108       640.00
   23279.000     0.998633       852272       731.43
   24351.000     0.998828       852444       853.33
   25279.000     0.999023       852603      1024.00
   26143.000     0.999121       852686      1137.78
   27279.000     0.999219       852770      1280.00
   27679.000     0.999316       852860      1462.86
   28223.000     0.999414       852935      1706.67
   28671.000     0.999512       853023      2048.00
   28815.000     0.999561       853060      2275.56
   29151.000     0.999609       853102      2560.00
   29551.000     0.999658       853144      2925.71
   29967.000     0.999707       853185      3413.33
   30255.000     0.999756       853230      4096.00
   30559.000     0.999780       853248      4551.11
   30607.000     0.999805       853276      5120.00
   30751.000     0.999829       853290      5851.43
   30927.000     0.999854       853310      6826.67
   31135.000     0.999878       853331      8192.00
   31247.000     0.999890       853342      9102.22
   31679.000     0.999902       853363     10240.00
   31679.000     0.999915       853363     11702.86
   32543.000     0.999927       853375     13653.33
   32719.000     0.999939       853388     16384.00
   45855.000     0.999945       853397     18204.44
   45855.000     0.999951       853397     20480.00
   45887.000     0.999957       853401     23405.71
   45919.000     0.999963       853407     27306.67
   45951.000     0.999969       853413     32768.00
   45951.000     0.999973       853413     36408.89
   46207.000     0.999976       853415     40960.00
   47295.000     0.999979       853417     46811.43
   47327.000     0.999982       853422     54613.33
   47327.000     0.999985       853422     65536.00
   47359.000     0.999986       853429     72817.78
   47359.000     0.999988       853429     81920.00
   47359.000     0.999989       853429     93622.86
   47359.000     0.999991       853429    109226.67
   47359.000     0.999992       853429    131072.00
   47391.000     0.999993       853433    145635.56
   47391.000     0.999994       853433    163840.00
   47391.000     0.999995       853433    187245.71
   47391.000     0.999995       853433    218453.33
   47391.000     0.999996       853433    262144.00
   47391.000     0.999997       853433    291271.11
   47391.000     0.999997       853433    327680.00
   47391.000     0.999997       853433    374491.43
   47423.000     0.999998       853435    436906.67
   47423.000     1.000000       853435          inf
#[Mean    =    11661.348, StdDeviation   =     1510.760]
#[Max     =    47423.000, Total count    =       853435]
#[Buckets =            6, SubBuckets     =         2048]
