       Value   Percentile   TotalCount 1/(1-Percentile)

     123.000     0.000000            1         1.00
     766.000     0.100000       758258         1.11
    1175.000     0.200000      1514883         1.25
    1699.000     0.300000      2271319         1.43
    2315.000     0.400000      3029325         1.67
    2863.000     0.500000      3786049         2.00
    3121.000     0.550000      4166410         2.22
    3383.000     0.600000      4543833         2.50
    3659.000     0.650000      4922581         2.86
    3959.000     0.700000      5301035         3.33
    4311.000     0.750000      5680763         4.00
    4519.000     0.775000      5869098         4.44
    4763.000     0.800000      6058046         5.00
    5055.000     0.825000      6246788         5.71
    5415.000     0.850000      6435684         6.67
    5887.000     0.875000      6624507         8.00
    6191.000     0.887500      6719237         8.89
    6559.000     0.900000      6814140        10.00
    7019.000     0.912500      6908831        11.43
    7627.000     0.925000      7003258        13.33
    8479.000     0.937500      7097998        16.00
    9047.000     0.943750      7144740        17.78
    9791.000     0.950000      7192413        20.00
   10743.000     0.956250      7239642        22.86
   12047.000     0.962500      7286789        26.67
   13999.000     0.968750      7334028        32.00
   15471.000     0.971875      7357675        35.56
   17519.000     0.975000      7381384        40.00
   20575.000     0.978125      7405004        45.71
   24895.000     0.981250      7428657        53.33
   32079.000     0.984375      7452280        64.00
   36671.000     0.985938      7464146        71.11
   42047.000     0.987500      7475993        80.00
   50271.000     0.989062      7487801        91.43
   58783.000     0.990625      7499605       106.67
   72767.000     0.992188      7511427       128.00
   81983.000     0.992969      7517346       142.22
   97855.000     0.993750      7523252       160.00
  118271.000     0.994531      7529172       182.86
  140287.000     0.995313      7535098       213.33
  169855.000     0.996094      7541008       256.00
  191743.000     0.996484      7543968       284.44
  207487.000     0.996875      7546923       320.00
  232319.000     0.997266      7549873       365.71
  266751.000     0.997656      7552843       426.67
  306175.000     0.998047      7555783       512.00
  338943.000     0.998242      7557273       568.89
  358399.000     0.998437      7558760       640.00
  388095.000     0.998633      7560218       731.43
  445439.000     0.998828      7561698       853.33
  508671.000     0.999023      7563185      1024.00
  554495.000     0.999121      7563919      1137.78
  649215.000     0.999219      7564653      1280.00
  693247.000     0.999316      7565399      1462.86
  733695.000     0.999414      7566134      1706.67
  778239.000     0.999512      7566880      2048.00
  788479.000     0.999561      7567241      2275.56
  845823.000     0.999609      7567615      2560.00
  883199.000     0.999658      7567982      2925.71
  930815.000     0.999707      7568352      3413.33
  999935.000     0.999756      7568720      4096.00
 1055743.000     0.999780      7568905      4551.11
 1133567.000     0.999805      7569091      5120.00
 1166335.000     0.999829      7569285      5851.43
 1197055.000     0.999854      7569459      6826.67
 1255423.000     0.999878      7569643      8192.00
 1441791.000     0.999890      7569739      9102.22
 1500159.000     0.999902      7569830     10240.00
 1517567.000     0.999915      7569924     11702.86
 1579007.000     0.999927      7570015     13653.33
 1634303.000     0.999939      7570105     16384.00
 1661951.000     0.999945      7570152     18204.44
 1800191.000     0.999951      7570198     20480.00
 1891327.000     0.999957      7570245     23405.71
 1900543.000     0.999963      7570291     27306.67
 2022399.000     0.999969      7570336     32768.00
 2062335.000     0.999973      7570360     36408.89
 2236415.000     0.999976      7570383     40960.00
 2328575.000     0.999979      7570407     46811.43
 2572287.000     0.999982      7570436     54613.33
 2906111.000     0.999985      7570463     65536.00
 2908159.000     0.999986      7570482     72817.78
 2908159.000     0.999988      7570482     81920.00
 2910207.000     0.999989      7570487     93622.86
 2928639.000     0.999991      7570513    109226.67
 2928639.000     0.999992      7570513    131072.00
 2930687.000     0.999993      7570524    145635.56
 2930687.000     0.999994      7570524    163840.00
 2932735.000     0.999995      7570528    187245.71
 2934783.000     0.999995      7570539    218453.33
 2934783.000     0.999996      7570539    262144.00
 2936831.000     0.999997      7570561    291271.11
 2936831.000     0.999997      7570561    327680.00
 2936831.000     0.999997      7570561    374491.43
 2936831.000     0.999998      7570561    436906.67
 2936831.000     0.999998      7570561    524288.00
 2936831.000     0.999998      7570561    582542.22
 2936831.000     0.999998      7570561    655360.00
 2936831.000     0.999999      7570561    748982.86
 2936831.000     0.999999      7570561    873813.33
 2936831.000     0.999999      7570561   1048576.00
 2936831.000     0.999999      7570561   1165084.44
 2938879.000     0.999999      7570565   1310720.00
 2938879.000     0.999999      7570565   1497965.71
 2938879.000     0.999999      7570565   1747626.67
 2938879.000     1.000000      7570565   2097152.00
 2938879.000     1.000000      7570565   2330168.89
 2938879.000     1.000000      7570565   2621440.00
 2938879.000     1.000000      7570565   2995931.43
 2938879.000     1.000000      7570565   3495253.33
 2940927.000     1.000000      7570567   4194304.00
 2940927.000     1.000000      7570567          inf
#[Mean    =     5861.262, StdDeviation   =    36288.404]
#[Max     =  2940927.000, Total count    =      7570567]
#[Buckets =           12, SubBuckets     =         2048]
