       Value   Percentile   TotalCount 1/(1-Percentile)

      86.000     0.000000            1         1.00
    1861.000     0.100000       584963         1.11
    4835.000     0.200000      1169803         1.25
    7475.000     0.300000      1755037         1.43
    9255.000     0.400000      2341317         1.67
   10463.000     0.500000      2925673         2.00
   10983.000     0.550000      3217459         2.22
   11495.000     0.600000      3512320         2.50
   12015.000     0.650000      3804877         2.86
   12567.000     0.700000      4095769         3.33
   13191.000     0.750000      4388922         4.00
   13543.000     0.775000      4534664         4.44
   13935.000     0.800000      4680456         5.00
   14375.000     0.825000      4824751         5.71
   14895.000     0.850000      4972660         6.67
   15503.000     0.875000      5118363         8.00
   15847.000     0.887500      5190320         8.89
   16239.000     0.900000      5264163        10.00
   16687.000     0.912500      5338162        11.43
   17183.000     0.925000      5410043        13.33
   17775.000     0.937500      5482662        16.00
   18127.000     0.943750      5519918        17.78
   18511.000     0.950000      5556207        20.00
   18943.000     0.956250      5592404        22.86
   19455.000     0.962500      5629157        26.67
   20063.000     0.968750      5665264        32.00
   20431.000     0.971875      5683888        35.56
   20847.000     0.975000      5702183        40.00
   21311.000     0.978125      5720030        45.71
   21871.000     0.981250      5738323        53.33
   22543.000     0.984375      5756512        64.00
   22959.000     0.985938      5765647        71.11
   23423.000     0.987500      5774795        80.00
   23967.000     0.989062      5784048        91.43
   24607.000     0.990625      5793109       106.67
   25423.000     0.992188      5802213       128.00
   25935.000     0.992969      5806800       142.22
   26527.000     0.993750      5811318       160.00
   27247.000     0.994531      5815930       182.86
   28143.000     0.995313      5820427       213.33
   29263.000     0.996094      5825028       256.00
   29951.000     0.996484      5827292       284.44
   30831.000     0.996875      5829564       320.00
   31983.000     0.997266      5831851       365.71
   33695.000     0.997656      5834134       426.67
   35711.000     0.998047      5836409       512.00
   37471.000     0.998242      5837558       568.89
   40127.000     0.998437      5838699       640.00
   43039.000     0.998633      5839836       731.43
   46175.000     0.998828      5840977       853.33
   49695.000     0.999023      5842119      1024.00
   52127.000     0.999121      5842689      1137.78
   55007.000     0.999219      5843260      1280.00
   57663.000     0.999316      5843833      1462.86
   60287.000     0.999414      5844401      1706.67
   64639.000     0.999512      5844978      2048.00
   68159.000     0.999561      5845264      2275.56
   71359.000     0.999609      5845543      2560.00
   74495.000     0.999658      5845834      2925.71
   77183.000     0.999707      5846113      3413.33
   80703.000     0.999756      5846400      4096.00
   82239.000     0.999780      5846544      4551.11
   83967.000     0.999805      5846686      5120.00
   86463.000     0.999829      5846828      5851.43
   88895.000     0.999854      5846971      6826.67
   93887.000     0.999878      5847113      8192.00
   96127.000     0.999890      5847186      9102.22
   98943.000     0.999902      5847257     10240.00
  102335.000     0.999915      5847327     11702.86
  104319.000     0.999927      5847400     13653.33
  107903.000     0.999939      5847471     16384.00
  109631.000     0.999945      5847505     18204.44
  110655.000     0.999951      5847541     20480.00
  112319.000     0.999957      5847577     23405.71
  114943.000     0.999963      5847612     27306.67
  117375.000     0.999969      5847649     32768.00
  119103.000     0.999973      5847666     36408.89
  120063.000     0.999976      5847684     40960.00
  120959.000     0.999979      5847702     46811.43
  122815.000     0.999982      5847719     54613.33
  126335.000     0.999985      5847737     65536.00
  128959.000     0.999986      5847747     72817.78
  130175.000     0.999988      5847756     81920.00
  132351.000     0.999989      5847765     93622.86
  134783.000     0.999991      5847773    109226.67
  136575.000     0.999992      5847783    131072.00
  137087.000     0.999993      5847788    145635.56
  137855.000     0.999994      5847792    163840.00
  138111.000     0.999995      5847798    187245.71
  138495.000     0.999995      5847800    218453.33
  139007.000     0.999996      5847804    262144.00
  139391.000     0.999997      5847806    291271.11
  140031.000     0.999997      5847810    327680.00
  141311.000     0.999997      5847811    374491.43
  142335.000     0.999998      5847813    436906.67
  144383.000     0.999998      5847815    524288.00
  144511.000     0.999998      5847819    582542.22
  144511.000     0.999998      5847819    655360.00
  144511.000     0.999999      5847819    748982.86
  145791.000     0.999999      5847820    873813.33
  147327.000     0.999999      5847821   1048576.00
  147327.000     0.999999      5847821   1165084.44
  149119.000     0.999999      5847822   1310720.00
  153215.000     0.999999      5847823   1497965.71
  153215.000     0.999999      5847823   1747626.67
  153343.000     1.000000      5847824   2097152.00
  153343.000     1.000000      5847824   2330168.89
  153343.000     1.000000      5847824   2621440.00
  155007.000     1.000000      5847825   2995931.43
  155007.000     1.000000      5847825   3495253.33
  155007.000     1.000000      5847825   4194304.00
  155007.000     1.000000      5847825   4660337.78
  155007.000     1.000000      5847825   5242880.00
  155263.000     1.000000      5847826   5991862.86
  155263.000     1.000000      5847826          inf
#[Mean    =    10009.128, StdDeviation   =     5772.324]
#[Max     =   155263.000, Total count    =      5847826]
#[Buckets =            8, SubBuckets     =         2048]
