       Value   Percentile   TotalCount 1/(1-Percentile)

     215.000     0.000000            1         1.00
    1033.000     0.100000       213503         1.11
    1731.000     0.200000       427185         1.25
    2827.000     0.300000       640641         1.43
    6091.000     0.400000       854022         1.67
   22367.000     0.500000      1067532         2.00
   34399.000     0.550000      1174399         2.22
   39743.000     0.600000      1280932         2.50
   46655.000     0.650000      1387840         2.86
   58847.000     0.700000      1494525         3.33
   66111.000     0.750000      1601299         4.00
   69375.000     0.775000      1655182         4.44
   72383.000     0.800000      1708602         5.00
   75135.000     0.825000      1762135         5.71
   78079.000     0.850000      1815158         6.67
   83007.000     0.875000      1867997         8.00
   87551.000     0.887500      1894640         8.89
   91007.000     0.900000      1921713        10.00
   93247.000     0.912500      1947987        11.43
   95231.000     0.925000      1975538        13.33
   96959.000     0.937500      2001451        16.00
   97855.000     0.943750      2015057        17.78
   98751.000     0.950000      2028099        20.00
   99711.000     0.956250      2041661        22.86
  100799.000     0.962500      2055292        26.67
  102015.000     0.968750      2068183        32.00
  102783.000     0.971875      2075081        35.56
  103615.000     0.975000      2081765        40.00
  104511.000     0.978125      2088432        45.71
  105471.000     0.981250      2094973        53.33
  106559.000     0.984375      2101727        64.00
  107135.000     0.985938      2105035        71.11
  107775.000     0.987500      2108224        80.00
  108607.000     0.989062      2111581        91.43
  109695.000     0.990625      2114772       106.67
  111231.000     0.992188      2118155       128.00
  112191.000     0.992969      2119834       142.22
  113215.000     0.993750      2121502       160.00
  114431.000     0.994531      2123150       182.86
  115903.000     0.995313      2124798       213.33
  118079.000     0.996094      2126465       256.00
  119615.000     0.996484      2127291       284.44
  121471.000     0.996875      2128125       320.00
  123839.000     0.997266      2128943       365.71
  126655.000     0.997656      2129787       426.67
  129471.000     0.998047      2130602       512.00
  131327.000     0.998242      2131031       568.89
  133631.000     0.998437      2131442       640.00
  136447.000     0.998633      2131868       731.43
  140415.000     0.998828      2132277       853.33
  147071.000     0.999023      2132691      1024.00
  152831.000     0.999121      2132896      1137.78
  158719.000     0.999219      2133106      1280.00
  166271.000     0.999316      2133315      1462.86
  175615.000     0.999414      2133521      1706.67
  187007.000     0.999512      2133732      2048.00
  191615.000     0.999561      2133836      2275.56
  194943.000     0.999609      2133940      2560.00
  198911.000     0.999658      2134043      2925.71
  203391.000     0.999707      2134148      3413.33
  207231.000     0.999756      2134252      4096.00
  208639.000     0.999780      2134305      4551.11
  209535.000     0.999805      2134356      5120.00
  210943.000     0.999829      2134407      5851.43
  213119.000     0.999854      2134460      6826.67
  217855.000     0.999878      2134514      8192.00
  219519.000     0.999890      2134540      9102.22
  221055.000     0.999902      2134563     10240.00
  223359.000     0.999915      2134590     11702.86
  225279.000     0.999927      2134615     13653.33
  228863.000     0.999939      2134641     16384.00
  230783.000     0.999945      2134654     18204.44
  233215.000     0.999951      2134667     20480.00
  234751.000     0.999957      2134680     23405.71
  236543.000     0.999963      2134693     27306.67
  244735.000     0.999969      2134706     32768.00
  255871.000     0.999973      2134713     36408.89
  261375.000     0.999976      2134719     40960.00
  268031.000     0.999979      2134727     46811.43
  269823.000     0.999982      2134732     54613.33
  273663.000     0.999985      2134742     65536.00
  273663.000     0.999986      2134742     72817.78
  275711.000     0.999988      2134745     81920.00
  277503.000     0.999989      2134749     93622.86
  278271.000     0.999991      2134752    109226.67
  279295.000     0.999992      2134758    131072.00
  279295.000     0.999993      2134758    145635.56
  279295.000     0.999994      2134758    163840.00
  280319.000     0.999995      2134760    187245.71
  282623.000     0.999995      2134764    218453.33
  282623.000     0.999996      2134764    262144.00
  282623.000     0.999997      2134764    291271.11
  284159.000     0.999997      2134765    327680.00
  285439.000     0.999997      2134766    374491.43
  285951.000     0.999998      2134768    436906.67
  285951.000     0.999998      2134768    524288.00
  285951.000     0.999998      2134768    582542.22
  285951.000     0.999998      2134768    655360.00
  286207.000     0.999999      2134770    748982.86
  286207.000     0.999999      2134770    873813.33
  286207.000     0.999999      2134770   1048576.00
  286207.000     0.999999      2134770   1165084.44
  286207.000     0.999999      2134770   1310720.00
  286207.000     0.999999      2134770   1497965.71
  286207.000     0.999999      2134770   1747626.67
  286207.000     1.000000      2134770   2097152.00
  286975.000     1.000000      2134771   2330168.89
  286975.000     1.000000      2134771          inf
#[Mean    =    34962.055, StdDeviation   =    35360.574]
#[Max     =   286975.000, Total count    =      2134771]
#[Buckets =            9, SubBuckets     =         2048]
