       Value   Percentile   TotalCount 1/(1-Percentile)

      89.000     0.000000            2         1.00
     367.000     0.100000       866947         1.11
     540.000     0.200000      1733443         1.25
     852.000     0.300000      2601364         1.43
    1526.000     0.400000      3466119         1.67
    2899.000     0.500000      4332777         2.00
    3799.000     0.550000      4766327         2.22
    5051.000     0.600000      5199420         2.50
    6507.000     0.650000      5632549         2.86
    7835.000     0.700000      6066069         3.33
    9191.000     0.750000      6499582         4.00
    9983.000     0.775000      6716285         4.44
   10927.000     0.800000      6931803         5.00
   12127.000     0.825000      7148543         5.71
   13759.000     0.850000      7365237         6.67
   16015.000     0.875000      7581576         8.00
   17263.000     0.887500      7690125         8.89
   18527.000     0.900000      7798726        10.00
   19839.000     0.912500      7907133        11.43
   21247.000     0.925000      8015056        13.33
   22911.000     0.937500      8123310        16.00
   23935.000     0.943750      8177893        17.78
   25183.000     0.950000      8231648        20.00
   26943.000     0.956250      8285632        22.86
   29567.000     0.962500      8339972        26.67
   33599.000     0.968750      8394074        32.00
   36383.000     0.971875      8421015        35.56
   39807.000     0.975000      8448165        40.00
   44063.000     0.978125      8475093        45.71
   49087.000     0.981250      8502243        53.33
   55103.000     0.984375      8529248        64.00
   58911.000     0.985938      8542813        71.11
   62911.000     0.987500      8556406        80.00
   67775.000     0.989062      8569973        91.43
   73407.000     0.990625      8583423       106.67
   80447.000     0.992188      8597017       128.00
   84671.000     0.992969      8603760       142.22
   89599.000     0.993750      8610506       160.00
   96383.000     0.994531      8617271       182.86
  104639.000     0.995313      8624042       213.33
  114047.000     0.996094      8630789       256.00
  119487.000     0.996484      8634161       284.44
  127167.000     0.996875      8637549       320.00
  138239.000     0.997266      8640931       365.71
  151807.000     0.997656      8644313       426.67
  191487.000     0.998047      8647699       512.00
  206079.000     0.998242      8649392       568.89
  224255.000     0.998437      8651079       640.00
  249343.000     0.998633      8652774       731.43
  275455.000     0.998828      8654462       853.33
  309503.000     0.999023      8656155      1024.00
  435967.000     0.999121      8657000      1137.78
  496127.000     0.999219      8657852      1280.00
  523007.000     0.999316      8658693      1462.86
  559103.000     0.999414      8659540      1706.67
  608767.000     0.999512      8660395      2048.00
  632319.000     0.999561      8660818      2275.56
  655359.000     0.999609      8661231      2560.00
  674303.000     0.999658      8661660      2925.71
  687103.000     0.999707      8662095      3413.33
  707583.000     0.999756      8662502      4096.00
  727551.000     0.999780      8662713      4551.11
  744447.000     0.999805      8662927      5120.00
  771583.000     0.999829      8663136      5851.43
  839679.000     0.999854      8663346      6826.67
  947711.000     0.999878      8663558      8192.00
 1050623.000     0.999890      8663664      9102.22
 1059839.000     0.999902      8663771     10240.00
 1160191.000     0.999915      8663883     11702.86
 1177599.000     0.999927      8663982     13653.33
 1222655.000     0.999939      8664088     16384.00
 1290239.000     0.999945      8664141     18204.44
 1426431.000     0.999951      8664193     20480.00
 1561599.000     0.999957      8664247     23405.71
 1714175.000     0.999963      8664300     27306.67
 1814527.000     0.999969      8664352     32768.00
 1924095.000     0.999973      8664380     36408.89
 1945599.000     0.999976      8664404     40960.00
 2016255.000     0.999979      8664430     46811.43
 2023423.000     0.999982      8664460     54613.33
 2027519.000     0.999985      8664485     65536.00
 2030591.000     0.999986      8664502     72817.78
 2032639.000     0.999988      8664512     81920.00
 2034687.000     0.999989      8664523     93622.86
 2038783.000     0.999991      8664538    109226.67
 2123775.000     0.999992      8664549    131072.00
 2234367.000     0.999993      8664557    145635.56
 2246655.000     0.999994      8664563    163840.00
 2340863.000     0.999995      8664571    187245.71
 2361343.000     0.999995      8664577    218453.33
 2381823.000     0.999996      8664582    262144.00
 2387967.000     0.999997      8664586    291271.11
 2390015.000     0.999997      8664589    327680.00
 2396159.000     0.999997      8664592    374491.43
 2418687.000     0.999998      8664597    436906.67
 2424831.000     0.999998      8664599    524288.00
 2445311.000     0.999998      8664601    582542.22
 2449407.000     0.999998      8664602    655360.00
 2453503.000     0.999999      8664605    748982.86
 2457599.000     0.999999      8664607    873813.33
 2457599.000     0.999999      8664607   1048576.00
 2459647.000     0.999999      8664610   1165084.44
 2459647.000     0.999999      8664610   1310720.00
 2459647.000     0.999999      8664610   1497965.71
 2461695.000     0.999999      8664615   1747626.67
 2461695.000     1.000000      8664615          inf
#[Mean    =     8175.267, StdDeviation   =    27952.590]
#[Max     =  2461695.000, Total count    =      8664615]
#[Buckets =           12, SubBuckets     =         2048]
