       Value   Percentile   TotalCount 1/(1-Percentile)

     690.000     0.000000            1         1.00
    9895.000     0.100000        93524         1.11
   10159.000     0.200000       187698         1.25
   10359.000     0.300000       281315         1.43
   10551.000     0.400000       374537         1.67
   10727.000     0.500000       465890         2.00
   10815.000     0.550000       511959         2.22
   10911.000     0.600000       558971         2.50
   11007.000     0.650000       604060         2.86
   11111.000     0.700000       649581         3.33
   11231.000     0.750000       696194         4.00
   11295.000     0.775000       721022         4.44
   11359.000     0.800000       744245         5.00
   11431.000     0.825000       767250         5.71
   11511.000     0.850000       790640         6.67
   11599.000     0.875000       813269         8.00
   11647.000     0.887500       823605         8.89
   11711.000     0.900000       835762        10.00
   11775.000     0.912500       848267        11.43
   11839.000     0.925000       859191        13.33
   11919.000     0.937500       870489        16.00
   11967.000     0.943750       876346        17.78
   12015.000     0.950000       881686        20.00
   12063.000     0.956250       887467        22.86
   12127.000     0.962500       893861        26.67
   12199.000     0.968750       899138        32.00
   12239.000     0.971875       901963        35.56
   12279.000     0.975000       904960        40.00
   12327.000     0.978125       908105        45.71
   12375.000     0.981250       910780        53.33
   12431.000     0.984375       913577        64.00
   12471.000     0.985938       915243        71.11
   12511.000     0.987500       916560        80.00
   12559.000     0.989062       918013        91.43
   12607.000     0.990625       919409       106.67
   12663.000     0.992188       920743       128.00
   12695.000     0.992969       921450       142.22
   12735.000     0.993750       922215       160.00
   12783.000     0.994531       922967       182.86
   12855.000     0.995313       923706       213.33
   12919.000     0.996094       924438       256.00
   12959.000     0.996484       924728       284.44
   13007.000     0.996875       925131       320.00
   13063.000     0.997266       925449       365.71
   13143.000     0.997656       925800       426.67
   13271.000     0.998047       926176       512.00
   13383.000     0.998242       926354       568.89
   13503.000     0.998437       926543       640.00
   13903.000     0.998633       926705       731.43
   14343.000     0.998828       926888       853.33
   18623.000     0.999023       927106      1024.00
   19135.000     0.999121       927161      1137.78
   19631.000     0.999219       927256      1280.00
   20351.000     0.999316       927341      1462.86
   20911.000     0.999414       927431      1706.67
   21183.000     0.999512       927519      2048.00
   21343.000     0.999561       927594      2275.56
   21423.000     0.999609       927611      2560.00
   21503.000     0.999658       927657      2925.71
   21535.000     0.999707       927724      3413.33
   21663.000     0.999756       927752      4096.00
   21759.000     0.999780       927782      4551.11
   21791.000     0.999805       927794      5120.00
   21951.000     0.999829       927816      5851.43
   21999.000     0.999854       927837      6826.67
   22079.000     0.999878       927863      8192.00
   22095.000     0.999890       927878      9102.22
   22223.000     0.999902       927889     10240.00
   22239.000     0.999915       927903     11702.86
   22287.000     0.999927       927916     13653.33
   22287.000     0.999939       927916     16384.00
   22319.000     0.999945       927923     18204.44
   22367.000     0.999951       927931     20480.00
   22399.000     0.999957       927938     23405.71
   22463.000     0.999963       927941     27306.67
   22511.000     0.999969       927950     32768.00
   22511.000     0.999973       927950     36408.89
   22511.000     0.999976       927950     40960.00
   23167.000     0.999979       927961     46811.43
   23167.000     0.999982       927961     54613.33
   23167.000     0.999985       927961     65536.00
   23167.000     0.999986       927961     72817.78
   23167.000     0.999988       927961     81920.00
   23183.000     0.999989       927965     93622.86
   23183.000     0.999991       927965    109226.67
   23183.000     0.999992       927965    131072.00
   23487.000     0.999993       927971    145635.56
   23487.000     0.999994       927971    163840.00
   23487.000     0.999995       927971    187245.71
   23487.000     0.999995       927971    218453.33
   23487.000     0.999996       927971    262144.00
   23487.000     0.999997       927971    291271.11
   23487.000     0.999997       927971    327680.00
   23487.000     0.999997       927971    374491.43
   23487.000     0.999998       927971    436906.67
   23487.000     0.999998       927971    524288.00
   23487.000     0.999998       927971    582542.22
   23487.000     0.999998       927971    655360.00
   23487.000     0.999999       927971    748982.86
   23487.000     0.999999       927971    873813.33
   23503.000     0.999999       927972   1048576.00
   23503.000     1.000000       927972          inf
#[Mean    =    10774.399, StdDeviation   =      784.115]
#[Max     =    23503.000, Total count    =       927972]
#[Buckets =            5, SubBuckets     =         2048]
