       Value   Percentile   TotalCount 1/(1-Percentile)

      47.000     0.000000            2         1.00
      63.000     0.100000        62047         1.11
      63.000     0.200000        62047         1.25
      76.000     0.300000        89163         1.43
      88.000     0.400000       112772         1.67
     105.000     0.500000       162454         2.00
     105.000     0.550000       162454         2.22
     106.000     0.600000       174744         2.50
     110.000     0.650000       183809         2.86
     124.000     0.700000       197528         3.33
     130.000     0.750000       213497         4.00
     131.000     0.775000       218841         4.44
     132.000     0.800000       230455         5.00
     133.000     0.825000       240478         5.71
     133.000     0.850000       240478         6.67
     134.000     0.875000       251239         8.00
     134.000     0.887500       251239         8.89
     135.000     0.900000       260820        10.00
     135.000     0.912500       260820        11.43
     135.000     0.925000       260820        13.33
     136.000     0.937500       264376        16.00
     137.000     0.943750       266449        17.78
     138.000     0.950000       268184        20.00
     139.000     0.956250       269751        22.86
     140.000     0.962500       271112        26.67
     141.000     0.968750       272631        32.00
     142.000     0.971875       274112        35.56
     142.000     0.975000       274112        40.00
     143.000     0.978125       275215        45.71
     144.000     0.981250       276053        53.33
     145.000     0.984375       276692        64.00
     146.000     0.985938       277179        71.11
     147.000     0.987500       277574        80.00
     149.000     0.989062       278218        91.43
     150.000     0.990625       278445       106.67
     153.000     0.992188       278985       128.00
     154.000     0.992969       279102       142.22
     157.000     0.993750       279369       160.00
     160.000     0.994531       279535       182.86
     169.000     0.995313       279796       213.33
     172.000     0.996094       279971       256.00
     174.000     0.996484       280082       284.44
     176.000     0.996875       280234       320.00
     177.000     0.997266       280308       365.71
     179.000     0.997656       280422       426.67
     183.000     0.998047       280513       512.00
     186.000     0.998242       280574       568.89
     192.000     0.998437       280617       640.00
     202.000     0.998633       280673       731.43
     208.000     0.998828       280730       853.33
     214.000     0.999023       280784      1024.00
     220.000     0.999121       280808      1137.78
     228.000     0.999219       280836      1280.00
     231.000     0.999316       280863      1462.86
     233.000     0.999414       280900      1706.67
     235.000     0.999512       280918      2048.00
     239.000     0.999561       280932      2275.56
     244.000     0.999609       280948      2560.00
     247.000     0.999658       280959      2925.71
     252.000     0.999707       280975      3413.33
     255.000     0.999756       280991      4096.00
     256.000     0.999780       280997      4551.11
     258.000     0.999805       281002      5120.00
     261.000     0.999829       281007      5851.43
     267.000     0.999854       281014      6826.67
     273.000     0.999878       281022      8192.00
     278.000     0.999890       281027      9102.22
     279.000     0.999902       281029     10240.00
     282.000     0.999915       281033     11702.86
     284.000     0.999927       281035     13653.33
     291.000     0.999939       281038     16384.00
     298.000     0.999945       281041     18204.44
     300.000     0.999951       281042     20480.00
     309.000     0.999957       281043     23405.71
     310.000     0.999963       281045     27306.67
     328.000     0.999969       281047     32768.00
     330.000     0.999973       281048     36408.89
     341.000     0.999976       281049     40960.00
     341.000     0.999979       281049     46811.43
     425.000     0.999982       281050     54613.33
     540.000     0.999985       281051     65536.00
     703.000     0.999986       281052     72817.78
     703.000     0.999988       281052     81920.00
     703.000     0.999989       281052     93622.86
     731.000     0.999991       281053    109226.67
     731.000     0.999992       281053    131072.00
     735.000     0.999993       281054    145635.56
     735.000     0.999994       281054    163840.00
     735.000     0.999995       281054    187245.71
     735.000     0.999995       281054    218453.33
     735.000     0.999996       281054    262144.00
     758.000     0.999997       281055    291271.11
     758.000     1.000000       281055          inf
#[Mean    =       99.162, StdDeviation   =       29.483]
#[Max     =      758.000, Total count    =       281055]
#[Buckets =            1, SubBuckets     =         2048]
