       Value   Percentile   TotalCount 1/(1-Percentile)

    2549.000     0.000000            1         1.00
  276223.000     0.100000        12936         1.11
  364543.000     0.200000        25851         1.25
  415231.000     0.300000        38773         1.43
  473855.000     0.400000        51707         1.67
  523775.000     0.500000        64686         2.00
  549887.000     0.550000        71094         2.22
  582655.000     0.600000        77586         2.50
  616447.000     0.650000        84056         2.86
  643071.000     0.700000        90512         3.33
  670719.000     0.750000        96973         4.00
  692735.000     0.775000       100177         4.44
  719871.000     0.800000       103420         5.00
  751615.000     0.825000       106641         5.71
  777727.000     0.850000       109899         6.67
  807935.000     0.875000       113075         8.00
  856575.000     0.900000       116321        10.00
  884735.000     0.912500       117933        11.43
  911359.000     0.925000       119571        13.33
  944127.000     0.937500       121156        16.00
  963583.000     0.943750       121961        17.78
  988671.000     0.950000       122777        20.00
 1013247.000     0.956250       123580        22.86
 1033727.000     0.962500       124402        26.67
 1058815.000     0.968750       125210        32.00
 1072127.000     0.971875       125601        35.56
 1089535.000     0.975000       126001        40.00
 1113087.000     0.978125       126417        45.71
 1131519.000     0.981250       126814        53.33
 1156095.000     0.984375       127210        64.00
 1180671.000     0.987500       127631        80.00
 1195007.000     0.989063       127817        91.43
 1218559.000     0.990625       128017       106.67
 1243135.000     0.992188       128227       128.00
 1273855.000     0.993750       128424       160.00
 1287167.000     0.994531       128525       182.86
 1305599.000     0.995313       128625       213.33
 1329151.000     0.996094       128725       256.00
 1347583.000     0.996484       128773       284.44
 1364991.000     0.996875       128824       320.00
 1383423.000     0.997266       128874       365.71
 1404927.000     0.997656       128925       426.67
 1430527.000     0.998047       128979       512.00
 1439743.000     0.998242       129003       568.89
 1453055.000     0.998437       129026       640.00
 1469439.000     0.998633       129051       731.43
 1488895.000     0.998828       129078       853.33
 1511423.000     0.999023       129101      1024.00
 1519615.000     0.999121       129117      1137.78
 1524735.000     0.999219       129127      1280.00
 1530879.000     0.999316       129139      1462.86
 1540095.000     0.999414       129152      1706.67
 1556479.000     0.999512       129164      2048.00
 1573887.000     0.999561       129171      2275.56
 1582079.000     0.999609       129177      2560.00
 1592319.000     0.999658       129183      2925.71
 1609727.000     0.999707       129190      3413.33
 1648639.000     0.999756       129196      4096.00
 1661951.000     0.999805       129202      5120.00
 1668095.000     0.999829       129205      5851.43
 1691647.000     0.999854       129209      6826.67
 1703935.000     0.999878       129212      8192.00
 1707007.000     0.999902       129216     10240.00
 1707007.000     0.999915       129216     11702.86
 1708031.000     0.999927       129218     13653.33
 1722367.000     0.999939       129220     16384.00
 1724415.000     0.999951       129221     20480.00
 1727487.000     0.999957       129223     23405.71
 1727487.000     0.999963       129223     27306.67
 1730559.000     0.999969       129225     32768.00
 1730559.000     0.999973       129225     36408.89
 1730559.000     0.999976       129225     40960.00
 1730559.000     0.999979       129225     46811.43
 1730559.000     0.999982       129225     54613.33
 1731583.000     0.999985       129226     65536.00
 1731583.000     0.999986       129226     72817.78
 1731583.000     0.999988       129226     81920.00
 1731583.000     0.999989       129226     93622.86
 1731583.000     0.999991       129226    109226.67
 1732607.000     0.999992       129227    131072.00
 1732607.000     1.000000       129227          inf
#[Mean    =   549895.597, StdDeviation   =   231595.438]
#[Max     =  1732607.000, Total count    =       129227]
#[Buckets =           11, SubBuckets     =         2048]
