       Value   Percentile   TotalCount 1/(1-Percentile)

      91.000     0.000000            1         1.00
     421.000     0.100000       854517         1.11
     593.000     0.200000      1704028         1.25
     836.000     0.300000      2552338         1.43
    1285.000     0.400000      3401145         1.67
    2297.000     0.500000      4251027         2.00
    3145.000     0.550000      4676631         2.22
    4095.000     0.600000      5101424         2.50
    5187.000     0.650000      5526511         2.86
    6547.000     0.700000      5951816         3.33
    8303.000     0.750000      6377550         4.00
    9343.000     0.775000      6588865         4.44
   10503.000     0.800000      6801380         5.00
   11807.000     0.825000      7014405         5.71
   13295.000     0.850000      7227341         6.67
   15047.000     0.875000      7439165         8.00
   16071.000     0.887500      7545441         8.89
   17247.000     0.900000      7652263        10.00
   18575.000     0.912500      7757720        11.43
   20175.000     0.925000      7864908        13.33
   22127.000     0.937500      7970997        16.00
   23343.000     0.943750      8023831        17.78
   24783.000     0.950000      8076583        20.00
   26575.000     0.956250      8130027        22.86
   28831.000     0.962500      8183019        26.67
   31759.000     0.968750      8236042        32.00
   33567.000     0.971875      8262690        35.56
   35711.000     0.975000      8289175        40.00
   38367.000     0.978125      8315701        45.71
   41695.000     0.981250      8342245        53.33
   46047.000     0.984375      8368906        64.00
   48735.000     0.985938      8382153        71.11
   52287.000     0.987500      8395371        80.00
   56639.000     0.989062      8408682        91.43
   62079.000     0.990625      8421941       106.67
   69311.000     0.992188      8435245       128.00
   73855.000     0.992969      8441839       142.22
   79423.000     0.993750      8448544       160.00
   85503.000     0.994531      8455115       182.86
   93503.000     0.995313      8461784       213.33
  103807.000     0.996094      8468426       256.00
  109695.000     0.996484      8471743       284.44
  116991.000     0.996875      8475049       320.00
  124479.000     0.997266      8478373       365.71
  133887.000     0.997656      8481710       426.67
  146303.000     0.998047      8485012       512.00
  153983.000     0.998242      8486671       568.89
  164863.000     0.998437      8488324       640.00
  179455.000     0.998633      8489996       731.43
  200831.000     0.998828      8491646       853.33
  240255.000     0.999023      8493304      1024.00
  268799.000     0.999121      8494139      1137.78
  308991.000     0.999219      8494965      1280.00
  382207.000     0.999316      8495796      1462.86
  458495.000     0.999414      8496626      1706.67
  529407.000     0.999512      8497486      2048.00
  563711.000     0.999561      8497876      2275.56
  638975.000     0.999609      8498287      2560.00
  663039.000     0.999658      8498700      2925.71
  766975.000     0.999707      8499117      3413.33
  986111.000     0.999756      8499532      4096.00
 1002495.000     0.999780      8499738      4551.11
 1025535.000     0.999805      8499958      5120.00
 1069055.000     0.999829      8500156      5851.43
 1102847.000     0.999854      8500366      6826.67
 1134591.000     0.999878      8500576      8192.00
 1138687.000     0.999890      8500678      9102.22
 1144831.000     0.999902      8500793     10240.00
 1161215.000     0.999915      8500881     11702.86
 1222655.000     0.999927      8500995     13653.33
 1251327.000     0.999939      8501087     16384.00
 1286143.000     0.999945      8501138     18204.44
 1297407.000     0.999951      8501195     20480.00
 1566719.000     0.999957      8501246     23405.71
 2603007.000     0.999963      8501302     27306.67
 2928639.000     0.999969      8501347     32768.00
 4288511.000     0.999973      8501378     36408.89
 4534271.000     0.999976      8501399     40960.00
 4636671.000     0.999979      8501428     46811.43
 4653055.000     0.999982      8501461     54613.33
 4661247.000     0.999985      8501479     65536.00
 4669439.000     0.999986      8501497     72817.78
 5554175.000     0.999988      8501502     81920.00
 5599231.000     0.999989      8501515     93622.86
 5615615.000     0.999991      8501528    109226.67
 5627903.000     0.999992      8501541    131072.00
 5660671.000     0.999993      8501547    145635.56
 5672959.000     0.999994      8501554    163840.00
 6696959.000     0.999995      8501560    187245.71
 6729727.000     0.999995      8501567    218453.33
 6848511.000     0.999996      8501573    262144.00
 6885375.000     0.999997      8501576    291271.11
 6901759.000     0.999997      8501581    327680.00
 6909951.000     0.999997      8501584    374491.43
 6926335.000     0.999998      8501587    436906.67
 6938623.000     0.999998      8501589    524288.00
 6950911.000     0.999998      8501591    582542.22
 6967295.000     0.999998      8501593    655360.00
 6971391.000     0.999999      8501594    748982.86
 7004159.000     0.999999      8501596    873813.33
 7024639.000     0.999999      8501597   1048576.00
 7045119.000     0.999999      8501598   1165084.44
 7057407.000     0.999999      8501599   1310720.00
 7065599.000     0.999999      8501600   1497965.71
 7073791.000     0.999999      8501601   1747626.67
 7073791.000     1.000000      8501601   2097152.00
 7077887.000     1.000000      8501602   2330168.89
 7077887.000     1.000000      8501602   2621440.00
 7090175.000     1.000000      8501603   2995931.43
 7090175.000     1.000000      8501603   3495253.33
 7090175.000     1.000000      8501603   4194304.00
 7098367.000     1.000000      8501604   4660337.78
 7098367.000     1.000000      8501604   5242880.00
 7098367.000     1.000000      8501604   5991862.86
 7098367.000     1.000000      8501604   6990506.67
 7098367.000     1.000000      8501604   8388608.00
 7102463.000     1.000000      8501605   9320675.55
 7102463.000     1.000000      8501605          inf
#[Mean    =     7505.857, StdDeviation   =    38652.732]
#[Max     =  7102463.000, Total count    =      8501605]
#[Buckets =           13, SubBuckets     =         2048]
