       Value   Percentile   TotalCount 1/(1-Percentile)

      70.000     0.000000            2         1.00
     114.000     0.100000       117772         1.11
     125.000     0.200000       240880         1.25
     134.000     0.300000       356920         1.43
     143.000     0.400000       471457         1.67
     152.000     0.500000       577828         2.00
     158.000     0.550000       640199         2.22
     164.000     0.600000       695347         2.50
     171.000     0.650000       751751         2.86
     179.000     0.700000       806006         3.33
     190.000     0.750000       867312         4.00
     195.000     0.775000       891267         4.44
     202.000     0.800000       922533         5.00
     209.000     0.825000       951230         5.71
     216.000     0.850000       978251         6.67
     224.000     0.875000      1006567         8.00
     229.000     0.887500      1023002         8.89
     233.000     0.900000      1035409        10.00
     238.000     0.912500      1049466        11.43
     244.000     0.925000      1064641        13.33
     251.000     0.937500      1079542        16.00
     254.000     0.943750      1085166        17.78
     259.000     0.950000      1093277        20.00
     264.000     0.956250      1100302        22.86
     270.000     0.962500      1107424        26.67
     277.000     0.968750      1114117        32.00
     282.000     0.971875      1118043        35.56
     287.000     0.975000      1121285        40.00
     294.000     0.978125      1125030        45.71
     302.000     0.981250      1128308        53.33
     314.000     0.984375      1131937        64.00
     322.000     0.985938      1133700        71.11
     331.000     0.987500      1135370        80.00
     343.000     0.989062      1137179        91.43
     358.000     0.990625      1139039       106.67
     375.000     0.992188      1140815       128.00
     384.000     0.992969      1141723       142.22
     394.000     0.993750      1142600       160.00
     406.000     0.994531      1143513       182.86
     417.000     0.995313      1144371       213.33
     430.000     0.996094      1145271       256.00
     437.000     0.996484      1145714       284.44
     445.000     0.996875      1146164       320.00
     453.000     0.997266      1146619       365.71
     462.000     0.997656      1147061       426.67
     472.000     0.998047      1147492       512.00
     479.000     0.998242      1147756       568.89
     485.000     0.998437      1147945       640.00
     492.000     0.998633      1148168       731.43
     501.000     0.998828      1148395       853.33
     510.000     0.999023      1148622      1024.00
     515.000     0.999121      1148733      1137.78
     521.000     0.999219      1148846      1280.00
     529.000     0.999316      1148971      1462.86
     535.000     0.999414      1149065      1706.67
     545.000     0.999512      1149177      2048.00
     551.000     0.999561      1149232      2275.56
     557.000     0.999609      1149291      2560.00
     563.000     0.999658      1149349      2925.71
     571.000     0.999707      1149402      3413.33
     580.000     0.999756      1149458      4096.00
     584.000     0.999780      1149485      4551.11
     591.000     0.999805      1149517      5120.00
     596.000     0.999829      1149544      5851.43
     601.000     0.999854      1149570      6826.67
     612.000     0.999878      1149598      8192.00
     617.000     0.999890      1149611      9102.22
     621.000     0.999902      1149628     10240.00
     628.000     0.999915      1149640     11702.86
     643.000     0.999927      1149655     13653.33
     652.000     0.999939      1149667     16384.00
     656.000     0.999945      1149675     18204.44
     667.000     0.999951      1149681     20480.00
     673.000     0.999957      1149688     23405.71
     691.000     0.999963      1149695     27306.67
     702.000     0.999969      1149703     32768.00
     705.000     0.999973      1149706     36408.89
     725.000     0.999976      1149709     40960.00
     749.000     0.999979      1149713     46811.43
     755.000     0.999982      1149716     54613.33
     779.000     0.999985      1149720     65536.00
     851.000     0.999986      1149722     72817.78
     874.000     0.999988      1149723     81920.00
    1010.000     0.999989      1149725     93622.86
    1016.000     0.999991      1149727    109226.67
    1142.000     0.999992      1149729    131072.00
    1144.000     0.999993      1149730    145635.56
    1144.000     0.999994      1149730    163840.00
    1157.000     0.999995      1149731    187245.71
    1185.000     0.999995      1149732    218453.33
    1190.000     0.999996      1149733    262144.00
    1194.000     0.999997      1149734    291271.11
    1194.000     0.999997      1149734    327680.00
    1194.000     0.999997      1149734    374491.43
    1199.000     0.999998      1149735    436906.67
    1199.000     0.999998      1149735    524288.00
    1246.000     0.999998      1149736    582542.22
    1246.000     0.999998      1149736    655360.00
    1246.000     0.999999      1149736    748982.86
    1246.000     0.999999      1149736    873813.33
    1246.000     0.999999      1149736   1048576.00
    1264.000     0.999999      1149737   1165084.44
    1264.000     1.000000      1149737          inf
#[Mean    =      165.362, StdDeviation   =       53.068]
#[Max     =     1264.000, Total count    =      1149737]
#[Buckets =            1, SubBuckets     =         2048]
