       Value   Percentile   TotalCount 1/(1-Percentile)

      52.000     0.000000            1         1.00
     266.000     0.100000       707809         1.11
     421.000     0.200000      1411129         1.25
     640.000     0.300000      2116138         1.43
     971.000     0.400000      2820043         1.67
    1511.000     0.500000      3525184         2.00
    1942.000     0.550000      3877944         2.22
    2585.000     0.600000      4230528         2.50
    3581.000     0.650000      4582784         2.86
    5027.000     0.700000      4934931         3.33
    6903.000     0.750000      5287311         4.00
    7971.000     0.775000      5464072         4.44
    9119.000     0.800000      5640160         5.00
   10351.000     0.825000      5816589         5.71
   11751.000     0.850000      5992571         6.67
   13439.000     0.875000      6169062         8.00
   14471.000     0.887500      6257008         8.89
   15695.000     0.900000      6344904        10.00
   17247.000     0.912500      6432934        11.43
   19471.000     0.925000      6521059        13.33
   23071.000     0.937500      6609164        16.00
   25423.000     0.943750      6653225        17.78
   28015.000     0.950000      6697359        20.00
   30927.000     0.956250      6741303        22.86
   34847.000     0.962500      6785473        26.67
   44511.000     0.968750      6829405        32.00
   68351.000     0.971875      6851448        35.56
   98943.000     0.975000      6873478        40.00
  121983.000     0.978125      6895541        45.71
  136703.000     0.981250      6917608        53.33
  148735.000     0.984375      6939692        64.00
  154623.000     0.985938      6950590        71.11
  160639.000     0.987500      6961778        80.00
  166527.000     0.989062      6972588        91.43
  173055.000     0.990625      6983602       106.67
  179967.000     0.992188      6994768       128.00
  183423.000     0.992969      7000125       142.22
  187391.000     0.993750      7005664       160.00
  192383.000     0.994531      7011210       182.86
  197759.000     0.995313      7016715       213.33
  203775.000     0.996094      7022256       256.00
  206975.000     0.996484      7024953       284.44
  210559.000     0.996875      7027718       320.00
  214399.000     0.997266      7030469       365.71
  219135.000     0.997656      7033191       426.67
  223615.000     0.998047      7035940       512.00
  226175.000     0.998242      7037342       568.89
  229375.000     0.998437      7038675       640.00
  233215.000     0.998633      7040071       731.43
  237055.000     0.998828      7041443       853.33
  241023.000     0.999023      7042808      1024.00
  243327.000     0.999121      7043496      1137.78
  246271.000     0.999219      7044187      1280.00
  249471.000     0.999316      7044886      1462.86
  252543.000     0.999414      7045584      1706.67
  256255.000     0.999512      7046262      2048.00
  257919.000     0.999561      7046603      2275.56
  259967.000     0.999609      7046948      2560.00
  262655.000     0.999658      7047315      2925.71
  264959.000     0.999707      7047648      3413.33
  267519.000     0.999756      7047991      4096.00
  269311.000     0.999780      7048152      4551.11
  270847.000     0.999805      7048313      5120.00
  273407.000     0.999829      7048491      5851.43
  276479.000     0.999854      7048665      6826.67
  279551.000     0.999878      7048834      8192.00
  282111.000     0.999890      7048916      9102.22
  284159.000     0.999902      7049008     10240.00
  287487.000     0.999915      7049092     11702.86
  290047.000     0.999927      7049176     13653.33
  293119.000     0.999939      7049258     16384.00
  295423.000     0.999945      7049306     18204.44
  296703.000     0.999951      7049346     20480.00
  299007.000     0.999957      7049390     23405.71
  300543.000     0.999963      7049436     27306.67
  302335.000     0.999969      7049476     32768.00
  304127.000     0.999973      7049499     36408.89
  305919.000     0.999976      7049516     40960.00
  307199.000     0.999979      7049544     46811.43
  309759.000     0.999982      7049560     54613.33
  311807.000     0.999985      7049581     65536.00
  312831.000     0.999986      7049592     72817.78
  313855.000     0.999988      7049606     81920.00
  315647.000     0.999989      7049613     93622.86
  318463.000     0.999991      7049624    109226.67
  319743.000     0.999992      7049637    131072.00
  321023.000     0.999993      7049641    145635.56
  321791.000     0.999994      7049646    163840.00
  322047.000     0.999995      7049651    187245.71
  322559.000     0.999995      7049658    218453.33
  323327.000     0.999996      7049663    262144.00
  323839.000     0.999997      7049665    291271.11
  324095.000     0.999997      7049671    327680.00
  324095.000     0.999997      7049671    374491.43
  324351.000     0.999998      7049674    436906.67
  330239.000     0.999998      7049675    524288.00
  331263.000     0.999998      7049676    582542.22
  331519.000     0.999998      7049678    655360.00
  331775.000     0.999999      7049681    748982.86
  331775.000     0.999999      7049681    873813.33
  352255.000     0.999999      7049682   1048576.00
  352255.000     0.999999      7049682   1165084.44
  352767.000     0.999999      7049683   1310720.00
  353023.000     0.999999      7049685   1497965.71
  353023.000     0.999999      7049685   1747626.67
  353023.000     1.000000      7049685   2097152.00
  353023.000     1.000000      7049685   2330168.89
  353535.000     1.000000      7049687   2621440.00
  353535.000     1.000000      7049687   2995931.43
  353535.000     1.000000      7049687   3495253.33
  353535.000     1.000000      7049687   4194304.00
  353535.000     1.000000      7049687   4660337.78
  353535.000     1.000000      7049687   5242880.00
  353535.000     1.000000      7049687   5991862.86
  353535.000     1.000000      7049687   6990506.67
  353791.000     1.000000      7049688   8388608.00
  353791.000     1.000000      7049688          inf
#[Mean    =     8957.615, StdDeviation   =    27025.584]
#[Max     =   353791.000, Total count    =      7049688]
#[Buckets =            9, SubBuckets     =         2048]
