       Value   Percentile   TotalCount 1/(1-Percentile)

      94.000     0.000000            1         1.00
     414.000     0.100000       810004         1.11
     537.000     0.200000      1622901         1.25
     654.000     0.300000      2434234         1.43
     783.000     0.400000      3238943         1.67
     944.000     0.500000      4049423         2.00
    1045.000     0.550000      4452671         2.22
    1169.000     0.600000      4857819         2.50
    1326.000     0.650000      5262937         2.86
    1532.000     0.700000      5666760         3.33
    1810.000     0.750000      6072091         4.00
    1987.000     0.775000      6273938         4.44
    2203.000     0.800000      6476368         5.00
    2473.000     0.825000      6679313         5.71
    2819.000     0.850000      6880691         6.67
    3297.000     0.875000      7083193         8.00
    3615.000     0.887500      7184303         8.89
    4013.000     0.900000      7285541        10.00
    4515.000     0.912500      7386942        11.43
    5163.000     0.925000      7488001        13.33
    6071.000     0.937500      7588764        16.00
    6695.000     0.943750      7639616        17.78
    7491.000     0.950000      7689950        20.00
    8567.000     0.956250      7740597        22.86
   10103.000     0.962500      7791265        26.67
   12471.000     0.968750      7841730        32.00
   14295.000     0.971875      7867090        35.56
   16991.000     0.975000      7892373        40.00
   21455.000     0.978125      7917612        45.71
   28543.000     0.981250      7942920        53.33
   39359.000     0.984375      7968231        64.00
   45279.000     0.985938      7980864        71.11
   53663.000     0.987500      7993494        80.00
   63423.000     0.989062      8006144        91.43
   75519.000     0.990625      8018788       106.67
   93759.000     0.992188      8031431       128.00
  102399.000     0.992969      8037750       142.22
  112319.000     0.993750      8044076       160.00
  124671.000     0.994531      8050403       182.86
  139135.000     0.995313      8056736       213.33
  156159.000     0.996094      8063081       256.00
  164863.000     0.996484      8066236       284.44
  174463.000     0.996875      8069392       320.00
  184319.000     0.997266      8072535       365.71
  196991.000     0.997656      8075702       426.67
  216703.000     0.998047      8078862       512.00
  228607.000     0.998242      8080450       568.89
  239743.000     0.998437      8082029       640.00
  253311.000     0.998633      8083614       731.43
  267775.000     0.998828      8085198       853.33
  298239.000     0.999023      8086783      1024.00
  308479.000     0.999121      8087561      1137.78
  324607.000     0.999219      8088350      1280.00
  334079.000     0.999316      8089139      1462.86
  362751.000     0.999414      8089923      1706.67
  387583.000     0.999512      8090716      2048.00
  403199.000     0.999561      8091112      2275.56
  415487.000     0.999609      8091508      2560.00
  426751.000     0.999658      8091900      2925.71
  456191.000     0.999707      8092294      3413.33
  492031.000     0.999756      8092689      4096.00
  502271.000     0.999780      8092889      4551.11
  516095.000     0.999805      8093085      5120.00
  539647.000     0.999829      8093291      5851.43
  567807.000     0.999854      8093494      6826.67
  590335.000     0.999878      8093677      8192.00
  635391.000     0.999890      8093792      9102.22
  641535.000     0.999902      8093878     10240.00
  650751.000     0.999915      8093974     11702.86
  674303.000     0.999927      8094075     13653.33
  692735.000     0.999939      8094179     16384.00
  697343.000     0.999945      8094232     18204.44
  720383.000     0.999951      8094279     20480.00
  813567.000     0.999957      8094321     23405.71
  818175.000     0.999963      8094369     27306.67
  872447.000     0.999969      8094423     32768.00
  899583.000     0.999973      8094443     36408.89
  962559.000     0.999976      8094470     40960.00
 1353727.000     0.999979      8094496     46811.43
 1356799.000     0.999982      8094532     54613.33
 1357823.000     0.999985      8094543     65536.00
 1358847.000     0.999986      8094561     72817.78
 1359871.000     0.999988      8094570     81920.00
 1561599.000     0.999989      8094580     93622.86
 1564671.000     0.999991      8094591    109226.67
 1566719.000     0.999992      8094611    131072.00
 1566719.000     0.999993      8094611    145635.56
 1567743.000     0.999994      8094628    163840.00
 1567743.000     0.999995      8094628    187245.71
 1567743.000     0.999995      8094628    218453.33
 1568767.000     0.999996      8094644    262144.00
 1568767.000     0.999997      8094644    291271.11
 1568767.000     0.999997      8094644    327680.00
 1568767.000     0.999997      8094644    374491.43
 1569791.000     0.999998      8094659    436906.67
 1569791.000     0.999998      8094659    524288.00
 1569791.000     0.999998      8094659    582542.22
 1569791.000     0.999998      8094659    655360.00
 1569791.000     0.999999      8094659    748982.86
 1569791.000     0.999999      8094659    873813.33
 1569791.000     0.999999      8094659   1048576.00
 1569791.000     0.999999      8094659   1165084.44
 1569791.000     0.999999      8094659   1310720.00
 1570815.000     0.999999      8094664   1497965.71
 1570815.000     0.999999      8094664   1747626.67
 1570815.000     1.000000      8094664   2097152.00
 1570815.000     1.000000      8094664   2330168.89
 1570815.000     1.000000      8094664   2621440.00
 1570815.000     1.000000      8094664   2995931.43
 1570815.000     1.000000      8094664   3495253.33
 1570815.000     1.000000      8094664   4194304.00
 1570815.000     1.000000      8094664   4660337.78
 1570815.000     1.000000      8094664   5242880.00
 1570815.000     1.000000      8094664   5991862.86
 1570815.000     1.000000      8094664   6990506.67
 1571839.000     1.000000      8094665   8388608.00
 1571839.000     1.000000      8094665          inf
#[Mean    =     3763.914, StdDeviation   =    21104.197]
#[Max     =  1571839.000, Total count    =      8094665]
#[Buckets =           11, SubBuckets     =         2048]
