       Value   Percentile   TotalCount 1/(1-Percentile)

      75.000     0.000000            1         1.00
     680.000     0.100000       662917         1.11
    1090.000     0.200000      1324556         1.25
    1539.000     0.300000      1987023         1.43
    2083.000     0.400000      2649364         1.67
    2797.000     0.500000      3310620         2.00
    3247.000     0.550000      3642298         2.22
    3775.000     0.600000      3973259         2.50
    4399.000     0.650000      4305024         2.86
    5131.000     0.700000      4635516         3.33
    6031.000     0.750000      4966184         4.00
    6567.000     0.775000      5131179         4.44
    7179.000     0.800000      5297616         5.00
    7871.000     0.825000      5462697         5.71
    8655.000     0.850000      5629156         6.67
    9543.000     0.875000      5794471         8.00
   10023.000     0.887500      5876499         8.89
   10551.000     0.900000      5959630        10.00
   11127.000     0.912500      6041524        11.43
   11775.000     0.925000      6125169        13.33
   12495.000     0.937500      6207306        16.00
   12911.000     0.943750      6249175        17.78
   13351.000     0.950000      6289854        20.00
   13847.000     0.956250      6331472        22.86
   14415.000     0.962500      6372916        26.67
   15071.000     0.968750      6413968        32.00
   15463.000     0.971875      6435032        35.56
   15887.000     0.975000      6455414        40.00
   16383.000     0.978125      6476196        45.71
   16959.000     0.981250      6496808        53.33
   17663.000     0.984375      6517433        64.00
   18111.000     0.985938      6527979        71.11
   18623.000     0.987500      6538326        80.00
   19231.000     0.989062      6548531        91.43
   19999.000     0.990625      6558848       106.67
   20975.000     0.992188      6569246       128.00
   21615.000     0.992969      6574359       142.22
   22415.000     0.993750      6579518       160.00
   23567.000     0.994531      6584665       182.86
   25375.000     0.995313      6589849       213.33
   27967.000     0.996094      6594982       256.00
   30175.000     0.996484      6597575       284.44
   32735.000     0.996875      6600159       320.00
   35999.000     0.997266      6602757       365.71
   39263.000     0.997656      6605332       426.67
   44127.000     0.998047      6607920       512.00
   46495.000     0.998242      6609207       568.89
   49087.000     0.998437      6610499       640.00
   51903.000     0.998633      6611806       731.43
   55583.000     0.998828      6613091       853.33
   60223.000     0.999023      6614382      1024.00
   62943.000     0.999121      6615024      1137.78
   65535.000     0.999219      6615677      1280.00
   67839.000     0.999316      6616318      1462.86
   70783.000     0.999414      6616964      1706.67
   75071.000     0.999512      6617610      2048.00
   77183.000     0.999561      6617936      2275.56
   79423.000     0.999609      6618264      2560.00
   81407.000     0.999658      6618580      2925.71
   85119.000     0.999707      6618904      3413.33
   87935.000     0.999756      6619229      4096.00
   89983.000     0.999780      6619392      4551.11
   92927.000     0.999805      6619553      5120.00
   95551.000     0.999829      6619711      5851.43
   99199.000     0.999854      6619873      6826.67
  102399.000     0.999878      6620034      8192.00
  103103.000     0.999890      6620124      9102.22
  106239.000     0.999902      6620198     10240.00
  109055.000     0.999915      6620279     11702.86
  111551.000     0.999927      6620358     13653.33
  113919.000     0.999939      6620439     16384.00
  116735.000     0.999945      6620479     18204.44
  121279.000     0.999951      6620519     20480.00
  123263.000     0.999957      6620567     23405.71
  126015.000     0.999963      6620600     27306.67
  128767.000     0.999969      6620640     32768.00
  129535.000     0.999973      6620661     36408.89
  131455.000     0.999976      6620681     40960.00
  133247.000     0.999979      6620702     46811.43
  134271.000     0.999982      6620723     54613.33
  135679.000     0.999985      6620741     65536.00
  136831.000     0.999986      6620752     72817.78
  137343.000     0.999988      6620762     81920.00
  138111.000     0.999989      6620772     93622.86
  142975.000     0.999991      6620782    109226.67
  151295.000     0.999992      6620792    131072.00
  152191.000     0.999993      6620797    145635.56
  155775.000     0.999994      6620802    163840.00
  170111.000     0.999995      6620807    187245.71
  170751.000     0.999995      6620812    218453.33
  175231.000     0.999996      6620817    262144.00
  178815.000     0.999997      6620822    291271.11
  178815.000     0.999997      6620822    327680.00
  179071.000     0.999997      6620827    374491.43
  179071.000     0.999998      6620827    436906.67
  179455.000     0.999998      6620831    524288.00
  179455.000     0.999998      6620831    582542.22
  179711.000     0.999998      6620832    655360.00
  183551.000     0.999999      6620834    748982.86
  186367.000     0.999999      6620835    873813.33
  186751.000     0.999999      6620836   1048576.00
  186879.000     0.999999      6620837   1165084.44
  186879.000     0.999999      6620837   1310720.00
  187263.000     0.999999      6620838   1497965.71
  191359.000     0.999999      6620839   1747626.67
  191359.000     1.000000      6620839   2097152.00
  191871.000     1.000000      6620840   2330168.89
  191871.000     1.000000      6620840   2621440.00
  191871.000     1.000000      6620840   2995931.43
  192255.000     1.000000      6620841   3495253.33
  192255.000     1.000000      6620841   4194304.00
  192255.000     1.000000      6620841   4660337.78
  192255.000     1.000000      6620841   5242880.00
  192255.000     1.000000      6620841   5991862.86
  192767.000     1.000000      6620842   6990506.67
  192767.000     1.000000      6620842          inf
#[Mean    =     4479.952, StdDeviation   =     5207.835]
#[Max     =   192767.000, Total count    =      6620842]
#[Buckets =            8, SubBuckets     =         2048]
