       Value   Percentile   TotalCount 1/(1-Percentile)

      61.000     0.000000            1         1.00
     645.000     0.100000       764390         1.11
    1271.000     0.200000      1527119         1.25
    2333.000     0.300000      2290675         1.43
    3747.000     0.400000      3054016         1.67
    5227.000     0.500000      3818692         2.00
    5999.000     0.550000      4199573         2.22
    6787.000     0.600000      4582777         2.50
    7571.000     0.650000      4964204         2.86
    8383.000     0.700000      5346998         3.33
    9271.000     0.750000      5728787         4.00
    9767.000     0.775000      5917565         4.44
   10335.000     0.800000      6108254         5.00
   11015.000     0.825000      6299568         5.71
   11879.000     0.850000      6489856         6.67
   13103.000     0.875000      6680733         8.00
   13975.000     0.887500      6776009         8.89
   15151.000     0.900000      6871860        10.00
   16719.000     0.912500      6967323        11.43
   18847.000     0.925000      7062846        13.33
   21695.000     0.937500      7157853        16.00
   23407.000     0.943750      7205458        17.78
   25343.000     0.950000      7253222        20.00
   27439.000     0.956250      7300998        22.86
   29695.000     0.962500      7348776        26.67
   32271.000     0.968750      7396305        32.00
   33823.000     0.971875      7420530        35.56
   35551.000     0.975000      7444365        40.00
   37599.000     0.978125      7468002        45.71
   40223.000     0.981250      7491851        53.33
   44031.000     0.984375      7515660        64.00
   46495.000     0.985938      7527526        71.11
   49343.000     0.987500      7539432        80.00
   52767.000     0.989062      7551417        91.43
   56799.000     0.990625      7563341       106.67
   61887.000     0.992188      7575249       128.00
   64863.000     0.992969      7581172       142.22
   68479.000     0.993750      7587223       160.00
   72383.000     0.994531      7593103       182.86
   77503.000     0.995313      7599114       213.33
   84095.000     0.996094      7605070       256.00
   87423.000     0.996484      7608025       284.44
   91455.000     0.996875      7611016       320.00
   96127.000     0.997266      7614003       365.71
  102079.000     0.997656      7616972       426.67
  110335.000     0.998047      7619944       512.00
  114815.000     0.998242      7621438       568.89
  119423.000     0.998437      7622924       640.00
  125759.000     0.998633      7624416       731.43
  133119.000     0.998828      7625906       853.33
  139903.000     0.999023      7627406      1024.00
  144639.000     0.999121      7628154      1137.78
  148863.000     0.999219      7628910      1280.00
  153471.000     0.999316      7629639      1462.86
  159359.000     0.999414      7630393      1706.67
  165375.000     0.999512      7631131      2048.00
  168831.000     0.999561      7631499      2275.56
  174335.000     0.999609      7631873      2560.00
  179583.000     0.999658      7632252      2925.71
  186111.000     0.999707      7632616      3413.33
  195967.000     0.999756      7632991      4096.00
  200191.000     0.999780      7633181      4551.11
  205183.000     0.999805      7633361      5120.00
  211839.000     0.999829      7633549      5851.43
  218111.000     0.999854      7633733      6826.67
  230783.000     0.999878      7633921      8192.00
  238463.000     0.999890      7634015      9102.22
  245887.000     0.999902      7634106     10240.00
  256511.000     0.999915      7634199     11702.86
  267519.000     0.999927      7634295     13653.33
  269567.000     0.999939      7634395     16384.00
  270335.000     0.999945      7634434     18204.44
  272639.000     0.999951      7634479     20480.00
  276735.000     0.999957      7634526     23405.71
  284671.000     0.999963      7634572     27306.67
  294399.000     0.999969      7634620     32768.00
  300543.000     0.999973      7634642     36408.89
  306175.000     0.999976      7634665     40960.00
  312831.000     0.999979      7634688     46811.43
  320767.000     0.999982      7634713     54613.33
  331519.000     0.999985      7634736     65536.00
  332799.000     0.999986      7634749     72817.78
  333567.000     0.999988      7634763     81920.00
  334079.000     0.999989      7634772     93622.86
  334591.000     0.999991      7634786    109226.67
  334847.000     0.999992      7634794    131072.00
  335359.000     0.999993      7634801    145635.56
  335615.000     0.999994      7634805    163840.00
  336127.000     0.999995      7634813    187245.71
  336383.000     0.999995      7634817    218453.33
  337151.000     0.999996      7634822    262144.00
  337919.000     0.999997      7634825    291271.11
  338431.000     0.999997      7634828    327680.00
  339199.000     0.999997      7634832    374491.43
  339711.000     0.999998      7634837    436906.67
  339711.000     0.999998      7634837    524288.00
  339967.000     0.999998      7634840    582542.22
  339967.000     0.999998      7634840    655360.00
  341759.000     0.999999      7634841    748982.86
  342271.000     0.999999      7634844    873813.33
  342271.000     0.999999      7634844   1048576.00
  343551.000     0.999999      7634845   1165084.44
  344063.000     0.999999      7634846   1310720.00
  344063.000     0.999999      7634846   1497965.71
  344831.000     0.999999      7634847   1747626.67
  348159.000     1.000000      7634848   2097152.00
  348159.000     1.000000      7634848   2330168.89
  349183.000     1.000000      7634850   2621440.00
  349183.000     1.000000      7634850   2995931.43
  349183.000     1.000000      7634850   3495253.33
  349183.000     1.000000      7634850   4194304.00
  349183.000     1.000000      7634850   4660337.78
  349183.000     1.000000      7634850   5242880.00
  349183.000     1.000000      7634850   5991862.86
  349183.000     1.000000      7634850   6990506.67
  349439.000     1.000000      7634851   8388608.00
  349439.000     1.000000      7634851          inf
#[Mean    =     7806.533, StdDeviation   =    11781.293]
#[Max     =   349439.000, Total count    =      7634851]
#[Buckets =            9, SubBuckets     =         2048]
