       Value   Percentile   TotalCount 1/(1-Percentile)

    1118.000     0.000000            1         1.00
    8887.000     0.100000       111177         1.11
    9023.000     0.200000       220330         1.25
    9103.000     0.300000       338770         1.43
    9151.000     0.400000       439556         1.67
    9199.000     0.500000       550652         2.00
    9223.000     0.550000       609947         2.22
    9247.000     0.600000       664029         2.50
    9271.000     0.650000       713249         2.86
    9303.000     0.700000       767557         3.33
    9335.000     0.750000       815268         4.00
    9359.000     0.775000       846631         4.44
    9383.000     0.800000       873369         5.00
    9407.000     0.825000       898617         5.71
    9439.000     0.850000       927224         6.67
    9471.000     0.875000       952439         8.00
    9487.000     0.887500       964023         8.89
    9511.000     0.900000       978785        10.00
    9535.000     0.912500       991272        11.43
    9567.000     0.925000      1006659        13.33
    9599.000     0.937500      1019386        16.00
    9615.000     0.943750      1024507        17.78
    9639.000     0.950000      1031532        20.00
    9671.000     0.956250      1039496        22.86
    9703.000     0.962500      1044862        26.67
    9759.000     0.968750      1051902        32.00
    9799.000     0.971875      1055646        35.56
    9847.000     0.975000      1058557        40.00
    9943.000     0.978125      1061822        45.71
   11031.000     0.981250      1065213        53.33
   11679.000     0.984375      1068708        64.00
   11887.000     0.985938      1070346        71.11
   11991.000     0.987500      1071958        80.00
   12071.000     0.989062      1073779        91.43
   12143.000     0.990625      1075437       106.67
   12207.000     0.992188      1077095       128.00
   12247.000     0.992969      1078056       142.22
   12279.000     0.993750      1078847       160.00
   12311.000     0.994531      1079606       182.86
   12359.000     0.995313      1080468       213.33
   12407.000     0.996094      1081385       256.00
   12423.000     0.996484      1081724       284.44
   12447.000     0.996875      1082222       320.00
   12471.000     0.997266      1082581       365.71
   12503.000     0.997656      1082996       426.67
   12535.000     0.998047      1083497       512.00
   12543.000     0.998242      1083648       568.89
   12567.000     0.998437      1083909       640.00
   12583.000     0.998633      1084094       731.43
   12607.000     0.998828      1084251       853.33
   12631.000     0.999023      1084532      1024.00
   12639.000     0.999121      1084591      1137.78
   12655.000     0.999219      1084685      1280.00
   12671.000     0.999316      1084801      1462.86
   12695.000     0.999414      1084908      1706.67
   12711.000     0.999512      1085003      2048.00
   12719.000     0.999561      1085054      2275.56
   12727.000     0.999609      1085125      2560.00
   12735.000     0.999658      1085203      2925.71
   12735.000     0.999707      1085203      3413.33
   12743.000     0.999756      1085259      4096.00
   12751.000     0.999780      1085274      4551.11
   12767.000     0.999805      1085299      5120.00
   12783.000     0.999829      1085328      5851.43
   12807.000     0.999854      1085362      6826.67
   12823.000     0.999878      1085380      8192.00
   12855.000     0.999890      1085409      9102.22
   12855.000     0.999902      1085409     10240.00
   12879.000     0.999915      1085425     11702.86
   12935.000     0.999927      1085438     13653.33
   12951.000     0.999939      1085446     16384.00
   13055.000     0.999945      1085464     18204.44
   13055.000     0.999951      1085464     20480.00
   13063.000     0.999957      1085465     23405.71
   13223.000     0.999963      1085473     27306.67
   13247.000     0.999969      1085483     32768.00
   13247.000     0.999973      1085483     36408.89
   13463.000     0.999976      1085499     40960.00
   13463.000     0.999979      1085499     46811.43
   13463.000     0.999982      1085499     54613.33
   13463.000     0.999985      1085499     65536.00
   13463.000     0.999986      1085499     72817.78
   13463.000     0.999988      1085499     81920.00
   13591.000     0.999989      1085511     93622.86
   13591.000     1.000000      1085511          inf
#[Mean    =     9206.415, StdDeviation   =      559.552]
#[Max     =    13591.000, Total count    =      1085511]
#[Buckets =            4, SubBuckets     =         2048]
