       Value   Percentile   TotalCount 1/(1-Percentile)

     148.000     0.000000            1         1.00
    7799.000     0.100000       311014         1.11
   12215.000     0.200000       621941         1.25
   14967.000     0.300000       933019         1.43
   17391.000     0.400000      1245246         1.67
   19919.000     0.500000      1556126         2.00
   21215.000     0.550000      1711008         2.22
   22671.000     0.600000      1865843         2.50
   24335.000     0.650000      2021185         2.86
   26351.000     0.700000      2176836         3.33
   28815.000     0.750000      2331725         4.00
   30303.000     0.775000      2409455         4.44
   31967.000     0.800000      2487109         5.00
   33951.000     0.825000      2565684         5.71
   36223.000     0.850000      2643345         6.67
   39039.000     0.875000      2720587         8.00
   40863.000     0.887500      2759003         8.89
   43167.000     0.900000      2798009        10.00
   46175.000     0.912500      2836916        11.43
   50047.000     0.925000      2875634        13.33
   55103.000     0.937500      2914556        16.00
   57887.000     0.943750      2933852        17.78
   60703.000     0.950000      2953416        20.00
   63487.000     0.956250      2972696        22.86
   66111.000     0.962500      2992505        26.67
   68543.000     0.968750      3011720        32.00
   69823.000     0.971875      3021285        35.56
   71295.000     0.975000      3031380        40.00
   72831.000     0.978125      3041002        45.71
   74559.000     0.981250      3050475        53.33
   76735.000     0.984375      3060218        64.00
   78079.000     0.985938      3064983        71.11
   79935.000     0.987500      3069861        80.00
   82623.000     0.989062      3074696        91.43
   86335.000     0.990625      3079565       106.67
   91711.000     0.992188      3084451       128.00
   94655.000     0.992969      3086882       142.22
   97599.000     0.993750      3089302       160.00
  100479.000     0.994531      3091763       182.86
  103359.000     0.995313      3094167       213.33
  107071.000     0.996094      3096566       256.00
  110143.000     0.996484      3097769       284.44
  116671.000     0.996875      3098981       320.00
  138751.000     0.997266      3100199       365.71
  156799.000     0.997656      3101424       426.67
  169215.000     0.998047      3102629       512.00
  176127.000     0.998242      3103237       568.89
  183167.000     0.998437      3103837       640.00
  190463.000     0.998633      3104454       731.43
  196479.000     0.998828      3105054       853.33
  201855.000     0.999023      3105671      1024.00
  205183.000     0.999121      3105971      1137.78
  207999.000     0.999219      3106276      1280.00
  211199.000     0.999316      3106571      1462.86
  215935.000     0.999414      3106877      1706.67
  221311.000     0.999512      3107178      2048.00
  224255.000     0.999561      3107329      2275.56
  227071.000     0.999609      3107492      2560.00
  229631.000     0.999658      3107635      2925.71
  233087.000     0.999707      3107788      3413.33
  236799.000     0.999756      3107938      4096.00
  239231.000     0.999780      3108017      4551.11
  241279.000     0.999805      3108089      5120.00
  243583.000     0.999829      3108163      5851.43
  246783.000     0.999854      3108240      6826.67
  250239.000     0.999878      3108318      8192.00
  253055.000     0.999890      3108354      9102.22
  255743.000     0.999902      3108392     10240.00
  256895.000     0.999915      3108429     11702.86
  261119.000     0.999927      3108471     13653.33
  262399.000     0.999939      3108508     16384.00
  266239.000     0.999945      3108524     18204.44
  267775.000     0.999951      3108545     20480.00
  271359.000     0.999957      3108562     23405.71
  272639.000     0.999963      3108584     27306.67
  274175.000     0.999969      3108606     32768.00
  275455.000     0.999973      3108610     36408.89
  280063.000     0.999976      3108621     40960.00
  281087.000     0.999979      3108632     46811.43
  283647.000     0.999982      3108643     54613.33
  283903.000     0.999985      3108647     65536.00
  284927.000     0.999986      3108652     72817.78
  291071.000     0.999988      3108657     81920.00
  291839.000     0.999989      3108661     93622.86
  294911.000     0.999991      3108668    109226.67
  295167.000     0.999992      3108672    131072.00
  295423.000     0.999993      3108674    145635.56
  300799.000     0.999994      3108682    163840.00
  300799.000     0.999995      3108682    187245.71
  300799.000     0.999995      3108682    218453.33
  302335.000     0.999996      3108683    262144.00
  304127.000     0.999997      3108684    291271.11
  308735.000     0.999997      3108685    327680.00
  311551.000     0.999997      3108686    374491.43
  313855.000     0.999998      3108687    436906.67
  315391.000     0.999998      3108690    524288.00
  315391.000     0.999998      3108690    582542.22
  315391.000     0.999998      3108690    655360.00
  315391.000     0.999999      3108690    748982.86
  315647.000     0.999999      3108691    873813.33
  319999.000     0.999999      3108692   1048576.00
  319999.000     0.999999      3108692   1165084.44
  319999.000     0.999999      3108692   1310720.00
  319999.000     0.999999      3108692   1497965.71
  320255.000     0.999999      3108694   1747626.67
  320255.000     1.000000      3108694          inf
#[Mean    =    23928.389, StdDeviation   =    18543.830]
#[Max     =   320255.000, Total count    =      3108694]
#[Buckets =            9, SubBuckets     =         2048]
