       Value   Percentile   TotalCount 1/(1-Percentile)

     110.000     0.000000            1         1.00
     721.000     0.100000       927653         1.11
    1107.000     0.200000      1851358         1.25
    1560.000     0.300000      2777002         1.43
    1998.000     0.400000      3702179         1.67
    2453.000     0.500000      4628561         2.00
    2721.000     0.550000      5091413         2.22
    3023.000     0.600000      5552715         2.50
    3369.000     0.650000      6013466         2.86
    3779.000     0.700000      6477258         3.33
    4271.000     0.750000      6940634         4.00
    4555.000     0.775000      7172789         4.44
    4867.000     0.800000      7402390         5.00
    5219.000     0.825000      7632603         5.71
    5639.000     0.850000      7863835         6.67
    6175.000     0.875000      8095998         8.00
    6511.000     0.887500      8211812         8.89
    6923.000     0.900000      8326808        10.00
    7451.000     0.912500      8442118        11.43
    8171.000     0.925000      8557747        13.33
    9231.000     0.937500      8673515        16.00
    9967.000     0.943750      8731248        17.78
   10943.000     0.950000      8789031        20.00
   12303.000     0.956250      8846678        22.86
   14239.000     0.962500      8904525        26.67
   16991.000     0.968750      8962514        32.00
   18879.000     0.971875      8991190        35.56
   21151.000     0.975000      9020125        40.00
   24063.000     0.978125      9049121        45.71
   27935.000     0.981250      9077962        53.33
   33471.000     0.984375      9106873        64.00
   36639.000     0.985938      9121364        71.11
   40607.000     0.987500      9135805        80.00
   45695.000     0.989062      9150219        91.43
   51871.000     0.990625      9164646       106.67
   59711.000     0.992188      9179129       128.00
   64575.000     0.992969      9186337       142.22
   70975.000     0.993750      9193559       160.00
   79231.000     0.994531      9200819       182.86
   90367.000     0.995313      9208026       213.33
  106815.000     0.996094      9215242       256.00
  119103.000     0.996484      9218857       284.44
  134143.000     0.996875      9222466       320.00
  151167.000     0.997266      9226080       365.71
  170111.000     0.997656      9229712       426.67
  202111.000     0.998047      9233310       512.00
  218495.000     0.998242      9235126       568.89
  236927.000     0.998437      9236924       640.00
  255615.000     0.998633      9238729       731.43
  284415.000     0.998828      9240533       853.33
  329471.000     0.999023      9242345      1024.00
  360191.000     0.999121      9243240      1137.78
  377087.000     0.999219      9244155      1280.00
  393215.000     0.999316      9245051      1462.86
  415999.000     0.999414      9245962      1706.67
  434431.000     0.999512      9246856      2048.00
  447231.000     0.999561      9247312      2275.56
  465663.000     0.999609      9247761      2560.00
  476415.000     0.999658      9248210      2925.71
  495103.000     0.999707      9248672      3413.33
  529919.000     0.999756      9249117      4096.00
  542207.000     0.999780      9249341      4551.11
  576511.000     0.999805      9249570      5120.00
  619007.000     0.999829      9249791      5851.43
  672767.000     0.999854      9250017      6826.67
  715263.000     0.999878      9250244      8192.00
  729087.000     0.999890      9250357      9102.22
  739327.000     0.999902      9250469     10240.00
  757247.000     0.999915      9250584     11702.86
  770559.000     0.999927      9250697     13653.33
  795647.000     0.999939      9250808     16384.00
  816639.000     0.999945      9250864     18204.44
  861183.000     0.999951      9250922     20480.00
  890879.000     0.999957      9250977     23405.71
  923647.000     0.999963      9251033     27306.67
  929791.000     0.999969      9251091     32768.00
  933887.000     0.999973      9251117     36408.89
 1001983.000     0.999976      9251148     40960.00
 1006591.000     0.999979      9251179     46811.43
 1010175.000     0.999982      9251202     54613.33
 1118207.000     0.999985      9251230     65536.00
 1123327.000     0.999986      9251244     72817.78
 1135615.000     0.999988      9251260     81920.00
 1184767.000     0.999989      9251276     93622.86
 1198079.000     0.999991      9251287    109226.67
 1333247.000     0.999992      9251301    131072.00
 1357823.000     0.999993      9251309    145635.56
 1368063.000     0.999994      9251317    163840.00
 1374207.000     0.999995      9251329    187245.71
 1374207.000     0.999995      9251329    218453.33
 1379327.000     0.999996      9251337    262144.00
 1381375.000     0.999997      9251342    291271.11
 1383423.000     0.999997      9251346    327680.00
 1384447.000     0.999997      9251349    374491.43
 1385471.000     0.999998      9251351    436906.67
 1387519.000     0.999998      9251356    524288.00
 1387519.000     0.999998      9251356    582542.22
 1391615.000     0.999998      9251361    655360.00
 1391615.000     0.999999      9251361    748982.86
 1391615.000     0.999999      9251361    873813.33
 1398783.000     0.999999      9251363   1048576.00
 1401855.000     0.999999      9251367   1165084.44
 1401855.000     0.999999      9251367   1310720.00
 1401855.000     0.999999      9251367   1497965.71
 1401855.000     0.999999      9251367   1747626.67
 1401855.000     1.000000      9251367   2097152.00
 1404927.000     1.000000      9251368   2330168.89
 1404927.000     1.000000      9251368   2621440.00
 1404927.000     1.000000      9251368   2995931.43
 1410047.000     1.000000      9251369   3495253.33
 1410047.000     1.000000      9251369   4194304.00
 1418239.000     1.000000      9251370   4660337.78
 1418239.000     1.000000      9251370   5242880.00
 1418239.000     1.000000      9251370   5991862.86
 1418239.000     1.000000      9251370   6990506.67
 1418239.000     1.000000      9251370   8388608.00
 1421311.000     1.000000      9251371   9320675.55
 1421311.000     1.000000      9251371          inf
#[Mean    =     4986.626, StdDeviation   =    20361.322]
#[Max     =  1421311.000, Total count    =      9251371]
#[Buckets =           11, SubBuckets     =         2048]
