       Value   Percentile   TotalCount 1/(1-Percentile)

      87.000     0.000000            2         1.00
     103.000     0.100000        19994         1.11
     119.000     0.200000        39996         1.25
     124.000     0.300000        53128         1.43
     148.000     0.400000        70718         1.67
     163.000     0.500000        89831         2.00
     176.000     0.550000        97197         2.22
     184.000     0.600000       111886         2.50
     185.000     0.650000       117678         2.86
     187.000     0.700000       124691         3.33
     192.000     0.750000       132296         4.00
     196.000     0.775000       137124         4.44
     198.000     0.800000       143571         5.00
     199.000     0.825000       146453         5.71
     201.000     0.850000       152824         6.67
     202.000     0.875000       156775         8.00
     202.000     0.887500       156775         8.89
     203.000     0.900000       159532        10.00
     204.000     0.912500       161285        11.43
     206.000     0.925000       163745        13.33
     208.000     0.937500       165880        16.00
     209.000     0.943750       166839        17.78
     210.000     0.950000       167721        20.00
     211.000     0.956250       168609        22.86
     213.000     0.962500       170771        26.67
     214.000     0.968750       171672        32.00
     214.000     0.971875       171672        35.56
     215.000     0.975000       172391        40.00
     216.000     0.978125       172983        45.71
     217.000     0.981250       173398        53.33
     218.000     0.984375       173716        64.00
     219.000     0.985938       174021        71.11
     220.000     0.987500       174301        80.00
     221.000     0.989062       174594        91.43
     222.000     0.990625       174809       106.67
     223.000     0.992188       175006       128.00
     224.000     0.992969       175150       142.22
     225.000     0.993750       175301       160.00
     226.000     0.994531       175426       182.86
     227.000     0.995313       175535       213.33
     228.000     0.996094       175607       256.00
     229.000     0.996484       175687       284.44
     230.000     0.996875       175748       320.00
     232.000     0.997266       175843       365.71
     233.000     0.997656       175891       426.67
     235.000     0.998047       175959       512.00
     236.000     0.998242       175992       568.89
     238.000     0.998437       176046       640.00
     239.000     0.998633       176060       731.43
     241.000     0.998828       176092       853.33
     244.000     0.999023       176127      1024.00
     246.000     0.999121       176146      1137.78
     248.000     0.999219       176159      1280.00
     251.000     0.999316       176177      1462.86
     254.000     0.999414       176192      1706.67
     260.000     0.999512       176215      2048.00
     261.000     0.999561       176218      2275.56
     265.000     0.999609       176228      2560.00
     271.000     0.999658       176235      2925.71
     280.000     0.999707       176244      3413.33
     286.000     0.999756       176253      4096.00
     295.000     0.999780       176257      4551.11
     376.000     0.999805       176261      5120.00
     932.000     0.999829       176265      5851.43
    2367.000     0.999854       176270      6826.67
    2473.000     0.999878       176274      8192.00
    2495.000     0.999890       176276      9102.22
    2655.000     0.999902       176278     10240.00
    2679.000     0.999915       176280     11702.86
    2933.000     0.999927       176283     13653.33
    3025.000     0.999939       176285     16384.00
    3153.000     0.999945       176286     18204.44
    3529.000     0.999951       176287     20480.00
    3611.000     0.999957       176288     23405.71
    4159.000     0.999963       176289     27306.67
    4371.000     0.999969       176290     32768.00
    4687.000     0.999973       176291     36408.89
    4687.000     0.999976       176291     40960.00
   19887.000     0.999979       176292     46811.43
   19887.000     0.999982       176292     54613.33
   21167.000     0.999985       176293     65536.00
   21167.000     0.999986       176293     72817.78
   21167.000     0.999988       176293     81920.00
   21407.000     0.999989       176294     93622.86
   21407.000     0.999991       176294    109226.67
   21407.000     0.999992       176294    131072.00
   21407.000     0.999993       176294    145635.56
   21407.000     0.999994       176294    163840.00
   22447.000     0.999995       176295    187245.71
   22447.000     1.000000       176295          inf
#[Mean    =      159.985, StdDeviation   =      112.616]
#[Max     =    22447.000, Total count    =       176295]
#[Buckets =            5, SubBuckets     =         2048]
