       Value   Percentile   TotalCount 1/(1-Percentile)

    6179.000     0.000000            1         1.00
   10711.000     0.100000        83964         1.11
   10927.000     0.200000       170400         1.25
   11087.000     0.300000       254507         1.43
   11231.000     0.400000       334107         1.67
   11407.000     0.500000       419241         2.00
   11503.000     0.550000       459796         2.22
   11615.000     0.600000       501215         2.50
   11759.000     0.650000       543456         2.86
   11967.000     0.700000       585098         3.33
   12303.000     0.750000       626574         4.00
   12535.000     0.775000       647650         4.44
   12823.000     0.800000       668344         5.00
   13119.000     0.825000       689136         5.71
   13423.000     0.850000       709706         6.67
   13759.000     0.875000       730693         8.00
   13943.000     0.887500       741353         8.89
   14119.000     0.900000       751499        10.00
   14303.000     0.912500       762183        11.43
   14487.000     0.925000       772757        13.33
   14671.000     0.937500       783108        16.00
   14759.000     0.943750       788005        17.78
   14871.000     0.950000       793451        20.00
   14975.000     0.956250       798561        22.86
   15103.000     0.962500       803650        26.67
   15255.000     0.968750       808931        32.00
   15351.000     0.971875       811567        35.56
   15463.000     0.975000       814034        40.00
   15591.000     0.978125       816665        45.71
   15767.000     0.981250       819351        53.33
   16071.000     0.984375       821886        64.00
   16231.000     0.985938       823170        71.11
   16415.000     0.987500       824502        80.00
   16559.000     0.989062       825801        91.43
   16735.000     0.990625       827109       106.67
   17039.000     0.992188       828376       128.00
   17167.000     0.992969       829048       142.22
   17407.000     0.993750       829703       160.00
   17695.000     0.994531       830360       182.86
   18095.000     0.995313       830984       213.33
   19151.000     0.996094       831633       256.00
   19791.000     0.996484       831957       284.44
   20527.000     0.996875       832292       320.00
   20927.000     0.997266       832609       365.71
   21663.000     0.997656       832950       426.67
   22271.000     0.998047       833265       512.00
   22623.000     0.998242       833425       568.89
   23135.000     0.998437       833593       640.00
   23823.000     0.998633       833756       731.43
   24239.000     0.998828       833922       853.33
   24815.000     0.999023       834078      1024.00
   25119.000     0.999121       834159      1137.78
   25519.000     0.999219       834245      1280.00
   25807.000     0.999316       834321      1462.86
   26287.000     0.999414       834406      1706.67
   26671.000     0.999512       834486      2048.00
   26815.000     0.999561       834541      2275.56
   26975.000     0.999609       834565      2560.00
   27183.000     0.999658       834607      2925.71
   27471.000     0.999707       834649      3413.33
   27775.000     0.999756       834694      4096.00
   28143.000     0.999780       834708      4551.11
   28367.000     0.999805       834728      5120.00
   29087.000     0.999829       834758      5851.43
   29103.000     0.999854       834770      6826.67
   31215.000     0.999878       834796      8192.00
   31455.000     0.999890       834800      9102.22
   31791.000     0.999902       834810     10240.00
   38079.000     0.999915       834821     11702.86
   38207.000     0.999927       834832     13653.33
   39135.000     0.999939       834844     16384.00
   39167.000     0.999945       834852     18204.44
   39167.000     0.999951       834852     20480.00
   39199.000     0.999957       834857     23405.71
   39231.000     0.999963       834865     27306.67
   39263.000     0.999969       834867     32768.00
   39423.000     0.999973       834870     36408.89
   39455.000     0.999976       834873     40960.00
   42303.000     0.999979       834874     46811.43
   42335.000     0.999982       834877     54613.33
   42367.000     0.999985       834879     65536.00
   42399.000     0.999986       834881     72817.78
   42399.000     0.999988       834881     81920.00
   42431.000     0.999989       834885     93622.86
   42431.000     0.999991       834885    109226.67
   42431.000     0.999992       834885    131072.00
   42463.000     0.999993       834888    145635.56
   42463.000     0.999994       834888    163840.00
   42463.000     0.999995       834888    187245.71
   42463.000     0.999995       834888    218453.33
   42463.000     0.999996       834888    262144.00
   42495.000     0.999997       834891    291271.11
   42495.000     1.000000       834891          inf
#[Mean    =    11921.677, StdDeviation   =     1536.793]
#[Max     =    42495.000, Total count    =       834891]
#[Buckets =            6, SubBuckets     =         2048]
