       Value   Percentile   TotalCount 1/(1-Percentile)

      82.000     0.000000            4         1.00
     113.000     0.100000       136453         1.11
     120.000     0.200000       292877         1.25
     124.000     0.300000       404608         1.43
     129.000     0.400000       552279         1.67
     134.000     0.500000       691819         2.00
     136.000     0.550000       743401         2.22
     139.000     0.600000       817295         2.50
     142.000     0.650000       885330         2.86
     145.000     0.700000       948013         3.33
     149.000     0.750000      1021325         4.00
     151.000     0.775000      1053977         4.44
     153.000     0.800000      1083920         5.00
     156.000     0.825000      1123935         5.71
     158.000     0.850000      1147640         6.67
     162.000     0.875000      1188023         8.00
     163.000     0.887500      1196809         8.89
     166.000     0.900000      1220444        10.00
     168.000     0.912500      1234060        11.43
     171.000     0.925000      1251623        13.33
     174.000     0.937500      1266433        16.00
     176.000     0.943750      1274614        17.78
     178.000     0.950000      1282117        20.00
     181.000     0.956250      1291589        22.86
     184.000     0.962500      1299646        26.67
     187.000     0.968750      1306196        32.00
     190.000     0.971875      1311792        35.56
     192.000     0.975000      1315017        40.00
     195.000     0.978125      1319138        45.71
     199.000     0.981250      1323710        53.33
     203.000     0.984375      1327384        64.00
     206.000     0.985938      1329673        71.11
     209.000     0.987500      1331725        80.00
     212.000     0.989062      1333481        91.43
     216.000     0.990625      1335463       106.67
     222.000     0.992188      1337778       128.00
     225.000     0.992969      1338802       142.22
     228.000     0.993750      1339689       160.00
     233.000     0.994531      1340921       182.86
     237.000     0.995313      1341886       213.33
     242.000     0.996094      1342997       256.00
     244.000     0.996484      1343441       284.44
     247.000     0.996875      1344032       320.00
     250.000     0.997266      1344517       365.71
     253.000     0.997656      1344985       426.67
     256.000     0.998047      1345455       512.00
     259.000     0.998242      1345838       568.89
     261.000     0.998437      1346058       640.00
     263.000     0.998633      1346276       731.43
     266.000     0.998828      1346533       853.33
     269.000     0.999023      1346812      1024.00
     271.000     0.999121      1346936      1137.78
     273.000     0.999219      1347071      1280.00
     275.000     0.999316      1347166      1462.86
     279.000     0.999414      1347322      1706.67
     282.000     0.999512      1347431      2048.00
     285.000     0.999561      1347514      2275.56
     287.000     0.999609      1347556      2560.00
     291.000     0.999658      1347625      2925.71
     296.000     0.999707      1347691      3413.33
     307.000     0.999756      1347753      4096.00
     317.000     0.999780      1347785      4551.11
     344.000     0.999805      1347818      5120.00
     707.000     0.999829      1347851      5851.43
    1623.000     0.999854      1347884      6826.67
    3089.000     0.999878      1347917      8192.00
    7543.000     0.999890      1347933      9102.22
   14103.000     0.999902      1347950     10240.00
   16479.000     0.999915      1347966     11702.86
   22623.000     0.999927      1347983     13653.33
   25087.000     0.999939      1347999     16384.00
   25679.000     0.999945      1348008     18204.44
   27695.000     0.999951      1348016     20480.00
   29791.000     0.999957      1348024     23405.71
   34047.000     0.999963      1348032     27306.67
   36031.000     0.999969      1348040     32768.00
   38975.000     0.999973      1348044     36408.89
   40095.000     0.999976      1348049     40960.00
   42911.000     0.999979      1348055     46811.43
   43391.000     0.999982      1348057     54613.33
   45791.000     0.999985      1348061     65536.00
   45855.000     0.999986      1348063     72817.78
   46239.000     0.999988      1348065     81920.00
   46751.000     0.999989      1348067     93622.86
   48255.000     0.999991      1348069    109226.67
   51519.000     0.999992      1348071    131072.00
   52639.000     0.999993      1348072    145635.56
   52671.000     0.999994      1348073    163840.00
   54079.000     0.999995      1348074    187245.71
   58143.000     0.999995      1348075    218453.33
   59231.000     0.999996      1348076    262144.00
   59647.000     0.999997      1348077    291271.11
   59647.000     0.999997      1348077    327680.00
   59711.000     0.999997      1348078    374491.43
   59711.000     0.999998      1348078    436906.67
   60223.000     0.999998      1348079    524288.00
   60223.000     0.999998      1348079    582542.22
   60223.000     0.999998      1348079    655360.00
   60255.000     0.999999      1348080    748982.86
   60255.000     0.999999      1348080    873813.33
   60255.000     0.999999      1348080   1048576.00
   60255.000     0.999999      1348080   1165084.44
   60255.000     0.999999      1348080   1310720.00
   60319.000     0.999999      1348081   1497965.71
   60319.000     1.000000      1348081          inf
#[Mean    =      140.948, StdDeviation   =      333.542]
#[Max     =    60319.000, Total count    =      1348081]
#[Buckets =            6, SubBuckets     =         2048]
