       Value   Percentile   TotalCount 1/(1-Percentile)

      89.000     0.000000            1         1.00
     620.000     0.100000       843038         1.11
    1183.000     0.200000      1686770         1.25
    1827.000     0.300000      2529315         1.43
    2687.000     0.400000      3371861         1.67
    3775.000     0.500000      4215675         2.00
    4291.000     0.550000      4638283         2.22
    4779.000     0.600000      5058186         2.50
    5263.000     0.650000      5481738         2.86
    5755.000     0.700000      5900650         3.33
    6279.000     0.750000      6322724         4.00
    6563.000     0.775000      6535303         4.44
    6863.000     0.800000      6745973         5.00
    7183.000     0.825000      6955426         5.71
    7535.000     0.850000      7164903         6.67
    7939.000     0.875000      7376692         8.00
    8163.000     0.887500      7482197         8.89
    8407.000     0.900000      7587095        10.00
    8679.000     0.912500      7692845        11.43
    8983.000     0.925000      7798154        13.33
    9343.000     0.937500      7903302        16.00
    9551.000     0.943750      7955600        17.78
    9783.000     0.950000      8007883        20.00
   10055.000     0.956250      8060905        22.86
   10367.000     0.962500      8113284        26.67
   10743.000     0.968750      8166066        32.00
   10967.000     0.971875      8192861        35.56
   11215.000     0.975000      8218898        40.00
   11503.000     0.978125      8245114        45.71
   11847.000     0.981250      8271455        53.33
   12263.000     0.984375      8297901        64.00
   12503.000     0.985938      8310971        71.11
   12775.000     0.987500      8324096        80.00
   13095.000     0.989062      8337336        91.43
   13463.000     0.990625      8350272       106.67
   13927.000     0.992188      8363497       128.00
   14207.000     0.992969      8370121       142.22
   14527.000     0.993750      8376649       160.00
   14927.000     0.994531      8383277       182.86
   15415.000     0.995313      8389804       213.33
   16071.000     0.996094      8396374       256.00
   16495.000     0.996484      8399703       284.44
   17007.000     0.996875      8402952       320.00
   17647.000     0.997266      8406293       365.71
   18447.000     0.997656      8409553       426.67
   19439.000     0.998047      8412817       512.00
   20047.000     0.998242      8414493       568.89
   20751.000     0.998437      8416142       640.00
   21567.000     0.998633      8417751       731.43
   22543.000     0.998828      8419424       853.33
   23695.000     0.999023      8421048      1024.00
   24351.000     0.999121      8421880      1137.78
   25071.000     0.999219      8422689      1280.00
   25967.000     0.999316      8423519      1462.86
   27039.000     0.999414      8424333      1706.67
   28431.000     0.999512      8425158      2048.00
   29263.000     0.999561      8425568      2275.56
   30239.000     0.999609      8425984      2560.00
   31295.000     0.999658      8426392      2925.71
   32623.000     0.999707      8426804      3413.33
   34239.000     0.999756      8427216      4096.00
   35167.000     0.999780      8427419      4551.11
   36191.000     0.999805      8427625      5120.00
   37439.000     0.999829      8427834      5851.43
   38879.000     0.999854      8428041      6826.67
   40095.000     0.999878      8428243      8192.00
   40895.000     0.999890      8428347      9102.22
   41695.000     0.999902      8428452     10240.00
   42495.000     0.999915      8428552     11702.86
   43615.000     0.999927      8428658     13653.33
   44767.000     0.999939      8428758     16384.00
   45311.000     0.999945      8428809     18204.44
   45855.000     0.999951      8428863     20480.00
   46431.000     0.999957      8428911     23405.71
   47295.000     0.999963      8428963     27306.67
   48287.000     0.999969      8429015     32768.00
   48671.000     0.999973      8429042     36408.89
   49247.000     0.999976      8429066     40960.00
   49887.000     0.999979      8429094     46811.43
   50399.000     0.999982      8429117     54613.33
   51103.000     0.999985      8429144     65536.00
   51295.000     0.999986      8429159     72817.78
   51647.000     0.999988      8429169     81920.00
   51871.000     0.999989      8429182     93622.86
   52287.000     0.999991      8429194    109226.67
   52639.000     0.999992      8429208    131072.00
   52799.000     0.999993      8429215    145635.56
   53023.000     0.999994      8429220    163840.00
   53311.000     0.999995      8429226    187245.71
   53823.000     0.999995      8429233    218453.33
   54015.000     0.999996      8429240    262144.00
   54175.000     0.999997      8429244    291271.11
   54303.000     0.999997      8429246    327680.00
   54719.000     0.999997      8429249    374491.43
   54847.000     0.999998      8429252    436906.67
   55295.000     0.999998      8429255    524288.00
   55455.000     0.999998      8429257    582542.22
   55583.000     0.999998      8429259    655360.00
   55615.000     0.999999      8429260    748982.86
   55935.000     0.999999      8429262    873813.33
   56575.000     0.999999      8429263   1048576.00
   57119.000     0.999999      8429264   1165084.44
   57215.000     0.999999      8429265   1310720.00
   57567.000     0.999999      8429266   1497965.71
   57663.000     0.999999      8429267   1747626.67
   57663.000     1.000000      8429267   2097152.00
   58111.000     1.000000      8429268   2330168.89
   58111.000     1.000000      8429268   2621440.00
   58527.000     1.000000      8429269   2995931.43
   58527.000     1.000000      8429269   3495253.33
   58527.000     1.000000      8429269   4194304.00
   58879.000     1.000000      8429270   4660337.78
   58879.000     1.000000      8429270   5242880.00
   58879.000     1.000000      8429270   5991862.86
   58879.000     1.000000      8429270   6990506.67
   58879.000     1.000000      8429270   8388608.00
   59519.000     1.000000      8429271   9320675.55
   59519.000     1.000000      8429271          inf
#[Mean    =     4230.797, StdDeviation   =     3252.853]
#[Max     =    59519.000, Total count    =      8429271]
#[Buckets =            6, SubBuckets     =         2048]
