       Value   Percentile   TotalCount 1/(1-Percentile)

      71.000     0.000000            1         1.00
    2175.000     0.100000      1407604         1.11
    2443.000     0.200000      2816864         1.25
    2663.000     0.300000      4227181         1.43
    2885.000     0.400000      5628118         1.67
    3149.000     0.500000      7035094         2.00
    3313.000     0.550000      7739069         2.22
    3521.000     0.600000      8445813         2.50
    3823.000     0.650000      9148122         2.86
    4299.000     0.700000      9852117         3.33
    4923.000     0.750000     10554245         4.00
    5315.000     0.775000     10903801         4.44
    5875.000     0.800000     11255698         5.00
    6911.000     0.825000     11607399         5.71
    8383.000     0.850000     11959180         6.67
   10407.000     0.875000     12310790         8.00
   11447.000     0.887500     12487024         8.89
   12391.000     0.900000     12663756        10.00
   13351.000     0.912500     12838860        11.43
   14535.000     0.925000     13014901        13.33
   15711.000     0.937500     13190326        16.00
   16287.000     0.943750     13278360        17.78
   16895.000     0.950000     13367703        20.00
   17567.000     0.956250     13453899        22.86
   18431.000     0.962500     13542049        26.67
   19551.000     0.968750     13630575        32.00
   20287.000     0.971875     13674465        35.56
   21263.000     0.975000     13717745        40.00
   22767.000     0.978125     13761593        45.71
   24527.000     0.981250     13805636        53.33
   26431.000     0.984375     13849724        64.00
   27631.000     0.985938     13871589        71.11
   29247.000     0.987500     13893563        80.00
   30975.000     0.989062     13915634        91.43
   32207.000     0.990625     13937534       106.67
   33279.000     0.992188     13959561       128.00
   33855.000     0.992969     13970723       142.22
   34495.000     0.993750     13981774       160.00
   35199.000     0.994531     13992436       182.86
   36031.000     0.995313     14003553       213.33
   37055.000     0.996094     14014463       256.00
   37759.000     0.996484     14019942       284.44
   38783.000     0.996875     14025355       320.00
   40479.000     0.997266     14030895       365.71
   42399.000     0.997656     14036406       426.67
   44895.000     0.998047     14041895       512.00
   46175.000     0.998242     14044629       568.89
   47519.000     0.998437     14047364       640.00
   49087.000     0.998633     14050095       731.43
   50879.000     0.998828     14052838       853.33
   52447.000     0.999023     14055610      1024.00
   53151.000     0.999121     14056983      1137.78
   53983.000     0.999219     14058354      1280.00
   55519.000     0.999316     14059727      1462.86
   58175.000     0.999414     14061092      1706.67
   60511.000     0.999512     14062468      2048.00
   61983.000     0.999561     14063142      2275.56
   63583.000     0.999609     14063830      2560.00
   64799.000     0.999658     14064525      2925.71
   65663.000     0.999707     14065203      3413.33
   66495.000     0.999756     14065931      4096.00
   66879.000     0.999780     14066280      4551.11
   67263.000     0.999805     14066602      5120.00
   67647.000     0.999829     14066933      5851.43
   68159.000     0.999854     14067295      6826.67
   68671.000     0.999878     14067625      8192.00
   68991.000     0.999890     14067793      9102.22
   69311.000     0.999902     14067953     10240.00
   69759.000     0.999915     14068125     11702.86
   70335.000     0.999927     14068291     13653.33
   71295.000     0.999939     14068474     16384.00
   71871.000     0.999945     14068551     18204.44
   72575.000     0.999951     14068635     20480.00
   73215.000     0.999957     14068723     23405.71
   73855.000     0.999963     14068807     27306.67
   74559.000     0.999969     14068893     32768.00
   75007.000     0.999973     14068939     36408.89
   75583.000     0.999976     14068978     40960.00
   76479.000     0.999979     14069024     46811.43
   77311.000     0.999982     14069064     54613.33
   78463.000     0.999985     14069107     65536.00
   79487.000     0.999986     14069128     72817.78
   81855.000     0.999988     14069150     81920.00
   85439.000     0.999989     14069172     93622.86
   88575.000     0.999991     14069193    109226.67
   92991.000     0.999992     14069214    131072.00
   95231.000     0.999993     14069227    145635.56
   96831.000     0.999994     14069236    163840.00
   98303.000     0.999995     14069246    187245.71
  102655.000     0.999995     14069257    218453.33
  112191.000     0.999996     14069268    262144.00
  115135.000     0.999997     14069273    291271.11
  117823.000     0.999997     14069279    327680.00
  118655.000     0.999997     14069284    374491.43
  119295.000     0.999998     14069289    436906.67
  121791.000     0.999998     14069295    524288.00
  124927.000     0.999998     14069297    582542.22
  125951.000     0.999998     14069300    655360.00
  127743.000     0.999999     14069303    748982.86
  128575.000     0.999999     14069305    873813.33
  128831.000     0.999999     14069308   1048576.00
  129279.000     0.999999     14069309   1165084.44
  129535.000     0.999999     14069311   1310720.00
  129791.000     0.999999     14069312   1497965.71
  130111.000     0.999999     14069313   1747626.67
  130431.000     1.000000     14069315   2097152.00
  130431.000     1.000000     14069315   2330168.89
  131455.000     1.000000     14069316   2621440.00
  131839.000     1.000000     14069317   2995931.43
  131839.000     1.000000     14069317   3495253.33
  135551.000     1.000000     14069318   4194304.00
  135551.000     1.000000     14069318   4660337.78
  135935.000     1.000000     14069319   5242880.00
  135935.000     1.000000     14069319   5991862.86
  135935.000     1.000000     14069319   6990506.67
  136447.000     1.000000     14069320   8388608.00
  136447.000     1.000000     14069320   9320675.55
  136447.000     1.000000     14069320  10485760.00
  136447.000     1.000000     14069320  11983725.71
  136447.000     1.000000     14069320  13981013.34
  136959.000     1.000000     14069321  16777216.00
  136959.000     1.000000     14069321          inf
#[Mean    =     5311.593, StdDeviation   =     5805.681]
#[Max     =   136959.000, Total count    =     14069321]
#[Buckets =            8, SubBuckets     =         2048]
