       Value   Percentile   TotalCount 1/(1-Percentile)

     121.000     0.000000            1         1.00
     969.000     0.100000       332618         1.11
    1509.000     0.200000       665156         1.25
    2493.000     0.300000       998051         1.43
    5863.000     0.400000      1330456         1.67
   12191.000     0.500000      1662995         2.00
   14647.000     0.550000      1829502         2.22
   17151.000     0.600000      1995779         2.50
   20095.000     0.650000      2162307         2.86
   23023.000     0.700000      2328780         3.33
   25583.000     0.750000      2494759         4.00
   26959.000     0.775000      2578207         4.44
   28543.000     0.800000      2660659         5.00
   30879.000     0.825000      2743948         5.71
   33663.000     0.850000      2827202         6.67
   36607.000     0.875000      2910510         8.00
   38527.000     0.887500      2952122         8.89
   41119.000     0.900000      2993130        10.00
   45087.000     0.912500      3034813        11.43
   50559.000     0.925000      3076364        13.33
   59071.000     0.937500      3117938        16.00
   64287.000     0.943750      3138726        17.78
   69823.000     0.950000      3159615        20.00
   75711.000     0.956250      3180216        22.86
   84479.000     0.962500      3201016        26.67
   97151.000     0.968750      3221811        32.00
  106751.000     0.971875      3232166        35.56
  121471.000     0.975000      3242550        40.00
  142335.000     0.978125      3252976        45.71
  166271.000     0.981250      3263375        53.33
  193535.000     0.984375      3273753        64.00
  209535.000     0.985938      3278949        71.11
  223743.000     0.987500      3284122        80.00
  239999.000     0.989062      3289328        91.43
  258047.000     0.990625      3294521       106.67
  280319.000     0.992188      3299724       128.00
  293119.000     0.992969      3302331       142.22
  306431.000     0.993750      3304932       160.00
  318975.000     0.994531      3307532       182.86
  334591.000     0.995313      3310108       213.33
  360447.000     0.996094      3312713       256.00
  378879.000     0.996484      3314008       284.44
  392703.000     0.996875      3315302       320.00
  415999.000     0.997266      3316602       365.71
  443391.000     0.997656      3317897       426.67
  480767.000     0.998047      3319200       512.00
  504575.000     0.998242      3319847       568.89
  538111.000     0.998437      3320505       640.00
  573439.000     0.998633      3321152       731.43
  624639.000     0.998828      3321804       853.33
  646143.000     0.999023      3322446      1024.00
  664063.000     0.999121      3322769      1137.78
  686591.000     0.999219      3323109      1280.00
  699391.000     0.999316      3323421      1462.86
  717823.000     0.999414      3323766      1706.67
  738815.000     0.999512      3324076      2048.00
  746495.000     0.999561      3324245      2275.56
  753151.000     0.999609      3324393      2560.00
  765951.000     0.999658      3324562      2925.71
  773631.000     0.999707      3324728      3413.33
  777727.000     0.999756      3324885      4096.00
  781311.000     0.999780      3324964      4551.11
  784383.000     0.999805      3325051      5120.00
  786943.000     0.999829      3325138      5851.43
  789503.000     0.999854      3325211      6826.67
  793599.000     0.999878      3325293      8192.00
  798207.000     0.999890      3325332      9102.22
  801279.000     0.999902      3325373     10240.00
  803327.000     0.999915      3325417     11702.86
  805375.000     0.999927      3325455     13653.33
  809983.000     0.999939      3325491     16384.00
  812543.000     0.999945      3325514     18204.44
  815103.000     0.999951      3325530     20480.00
  838655.000     0.999957      3325549     23405.71
  846335.000     0.999963      3325570     27306.67
  850431.000     0.999969      3325591     32768.00
  851967.000     0.999973      3325602     36408.89
  855039.000     0.999976      3325611     40960.00
  857087.000     0.999979      3325623     46811.43
  859135.000     0.999982      3325632     54613.33
  863231.000     0.999985      3325642     65536.00
  864255.000     0.999986      3325650     72817.78
  864767.000     0.999988      3325651     81920.00
  865791.000     0.999989      3325657     93622.86
  866815.000     0.999991      3325662    109226.67
  867327.000     0.999992      3325666    131072.00
  867839.000     0.999993      3325669    145635.56
  868351.000     0.999994      3325672    163840.00
  869375.000     0.999995      3325675    187245.71
  869887.000     0.999995      3325678    218453.33
  870399.000     0.999996      3325681    262144.00
  870399.000     0.999997      3325681    291271.11
  870399.000     0.999997      3325681    327680.00
  870911.000     0.999997      3325683    374491.43
  871423.000     0.999998      3325685    436906.67
  871423.000     0.999998      3325685    524288.00
  871935.000     0.999998      3325687    582542.22
  871935.000     0.999998      3325687    655360.00
  871935.000     0.999999      3325687    748982.86
  872447.000     0.999999      3325688    873813.33
  872447.000     0.999999      3325688   1048576.00
  872959.000     0.999999      3325689   1165084.44
  872959.000     0.999999      3325689   1310720.00
  872959.000     0.999999      3325689   1497965.71
  873471.000     0.999999      3325690   1747626.67
  873471.000     1.000000      3325690   2097152.00
  873471.000     1.000000      3325690   2330168.89
  873471.000     1.000000      3325690   2621440.00
  873471.000     1.000000      3325690   2995931.43
  873983.000     1.000000      3325691   3495253.33
  873983.000     1.000000      3325691          inf
#[Mean    =    22468.377, StdDeviation   =    48033.574]
#[Max     =   873983.000, Total count    =      3325691]
#[Buckets =           10, SubBuckets     =         2048]
