       Value   Percentile   TotalCount 1/(1-Percentile)

      71.000     0.000000            1         1.00
     792.000     0.100000      1408338         1.11
    1822.000     0.200000      2815346         1.25
    2303.000     0.300000      4225583         1.43
    2621.000     0.400000      5630187         1.67
    2929.000     0.500000      7042919         2.00
    3103.000     0.550000      7745506         2.22
    3305.000     0.600000      8445101         2.50
    3575.000     0.650000      9149466         2.86
    4019.000     0.700000      9854648         3.33
    4559.000     0.750000     10556975         4.00
    4895.000     0.775000     10909748         4.44
    5399.000     0.800000     11260915         5.00
    7291.000     0.825000     11611748         5.71
    9815.000     0.850000     11963772         6.67
   12159.000     0.875000     12315350         8.00
   13335.000     0.887500     12490991         8.89
   14607.000     0.900000     12667108        10.00
   15823.000     0.912500     12842891        11.43
   17279.000     0.925000     13019947        13.33
   20463.000     0.937500     13195275        16.00
   22127.000     0.943750     13283526        17.78
   23167.000     0.950000     13372148        20.00
   23999.000     0.956250     13459334        22.86
   24783.000     0.962500     13547623        26.67
   25551.000     0.968750     13635513        32.00
   25935.000     0.971875     13678962        35.56
   26335.000     0.975000     13722552        40.00
   26767.000     0.978125     13766500        45.71
   27247.000     0.981250     13810785        53.33
   27807.000     0.984375     13855184        64.00
   28127.000     0.985938     13876639        71.11
   28511.000     0.987500     13898576        80.00
   28991.000     0.989062     13920850        91.43
   29583.000     0.990625     13942851       106.67
   30303.000     0.992188     13964476       128.00
   30735.000     0.992969     13975608       142.22
   31215.000     0.993750     13986666       160.00
   31759.000     0.994531     13997450       182.86
   32415.000     0.995313     14008404       213.33
   33215.000     0.996094     14019561       256.00
   33663.000     0.996484     14024882       284.44
   34207.000     0.996875     14030498       320.00
   34847.000     0.997266     14035921       365.71
   35807.000     0.997656     14041532       426.67
   37215.000     0.998047     14046862       512.00
   38367.000     0.998242     14049648       568.89
   39647.000     0.998437     14052365       640.00
   41439.000     0.998633     14055144       731.43
   43615.000     0.998828     14057870       853.33
   45631.000     0.999023     14060637      1024.00
   46623.000     0.999121     14061993      1137.78
   47615.000     0.999219     14063382      1280.00
   48511.000     0.999316     14064760      1462.86
   49311.000     0.999414     14066113      1706.67
   50047.000     0.999512     14067527      2048.00
   50367.000     0.999561     14068180      2275.56
   50687.000     0.999609     14068865      2560.00
   51007.000     0.999658     14069595      2925.71
   51327.000     0.999707     14070296      3413.33
   51647.000     0.999756     14070923      4096.00
   51839.000     0.999780     14071290      4551.11
   52031.000     0.999805     14071603      5120.00
   52255.000     0.999829     14071977      5851.43
   52511.000     0.999854     14072311      6826.67
   52799.000     0.999878     14072654      8192.00
   52991.000     0.999890     14072818      9102.22
   53215.000     0.999902     14072982     10240.00
   53471.000     0.999915     14073159     11702.86
   53823.000     0.999927     14073322     13653.33
   54495.000     0.999939     14073492     16384.00
   55103.000     0.999945     14073577     18204.44
   56255.000     0.999951     14073663     20480.00
   57887.000     0.999957     14073750     23405.71
   60127.000     0.999963     14073837     27306.67
   61151.000     0.999969     14073924     32768.00
   61663.000     0.999973     14073965     36408.89
   62335.000     0.999976     14074008     40960.00
   62943.000     0.999979     14074050     46811.43
   64351.000     0.999982     14074093     54613.33
   66495.000     0.999985     14074136     65536.00
   68223.000     0.999986     14074158     72817.78
   69695.000     0.999988     14074179     81920.00
   73151.000     0.999989     14074200     93622.86
   74751.000     0.999991     14074222    109226.67
   79871.000     0.999992     14074243    131072.00
   85759.000     0.999993     14074254    145635.56
   88511.000     0.999994     14074265    163840.00
   89151.000     0.999995     14074275    187245.71
   90495.000     0.999995     14074286    218453.33
   92607.000     0.999996     14074297    262144.00
   94015.000     0.999997     14074302    291271.11
   94655.000     0.999997     14074309    327680.00
   95295.000     0.999997     14074313    374491.43
   95615.000     0.999998     14074318    436906.67
   95999.000     0.999998     14074324    524288.00
   96127.000     0.999998     14074327    582542.22
   96383.000     0.999998     14074329    655360.00
   96639.000     0.999999     14074333    748982.86
   96703.000     0.999999     14074335    873813.33
   96895.000     0.999999     14074337   1048576.00
   96959.000     0.999999     14074338   1165084.44
   97279.000     0.999999     14074340   1310720.00
   97343.000     0.999999     14074341   1497965.71
   97407.000     0.999999     14074342   1747626.67
   97727.000     1.000000     14074344   2097152.00
   97727.000     1.000000     14074344   2330168.89
   98047.000     1.000000     14074345   2621440.00
   98239.000     1.000000     14074346   2995931.43
   98239.000     1.000000     14074346   3495253.33
   98303.000     1.000000     14074347   4194304.00
   98303.000     1.000000     14074347   4660337.78
   99647.000     1.000000     14074348   5242880.00
   99647.000     1.000000     14074348   5991862.86
   99647.000     1.000000     14074348   6990506.67
  100031.000     1.000000     14074349   8388608.00
  100031.000     1.000000     14074349   9320675.55
  100031.000     1.000000     14074349  10485760.00
  100031.000     1.000000     14074349  11983725.71
  100031.000     1.000000     14074349  13981013.34
  105791.000     1.000000     14074350  16777216.00
  105791.000     1.000000     14074350          inf
#[Mean    =     5305.206, StdDeviation   =     6664.180]
#[Max     =   105791.000, Total count    =     14074350]
#[Buckets =            7, SubBuckets     =         2048]
