       Value   Percentile   TotalCount 1/(1-Percentile)

      82.000     0.000000            1         1.00
     109.000     0.100000        21000         1.11
     133.000     0.200000        33844         1.25
     149.000     0.300000        50565         1.43
     174.000     0.400000        66262         1.67
     185.000     0.500000        84581         2.00
     190.000     0.550000        90919         2.22
     196.000     0.600000        99253         2.50
     198.000     0.650000       111796         2.86
     199.000     0.700000       123564         3.33
     200.000     0.750000       131319         4.00
     200.000     0.775000       131319         4.44
     201.000     0.800000       135327         5.00
     202.000     0.825000       139003         5.71
     203.000     0.850000       142488         6.67
     204.000     0.875000       145060         8.00
     205.000     0.887500       147069         8.89
     206.000     0.900000       148973        10.00
     207.000     0.912500       150784        11.43
     208.000     0.925000       152580        13.33
     210.000     0.937500       155750        16.00
     210.000     0.943750       155750        17.78
     211.000     0.950000       157056        20.00
     212.000     0.956250       158190        22.86
     213.000     0.962500       159114        26.67
     214.000     0.968750       159929        32.00
     215.000     0.971875       160642        35.56
     216.000     0.975000       161176        40.00
     217.000     0.978125       161698        45.71
     218.000     0.981250       162134        53.33
     219.000     0.984375       162535        64.00
     220.000     0.985938       162859        71.11
     221.000     0.987500       163146        80.00
     221.000     0.989062       163146        91.43
     222.000     0.990625       163398       106.67
     224.000     0.992188       163762       128.00
     225.000     0.992969       163932       142.22
     225.000     0.993750       163932       160.00
     226.000     0.994531       164071       182.86
     227.000     0.995313       164182       213.33
     229.000     0.996094       164343       256.00
     230.000     0.996484       164417       284.44
     230.000     0.996875       164417       320.00
     232.000     0.997266       164521       365.71
     233.000     0.997656       164558       426.67
     235.000     0.998047       164613       512.00
     237.000     0.998242       164661       568.89
     238.000     0.998437       164686       640.00
     239.000     0.998633       164707       731.43
     241.000     0.998828       164740       853.33
     244.000     0.999023       164777      1024.00
     246.000     0.999121       164794      1137.78
     248.000     0.999219       164807      1280.00
     251.000     0.999316       164823      1462.86
     255.000     0.999414       164837      1706.67
     261.000     0.999512       164853      2048.00
     265.000     0.999561       164862      2275.56
     267.000     0.999609       164868      2560.00
     276.000     0.999658       164876      2925.71
     285.000     0.999707       164884      3413.33
     312.000     0.999756       164892      4096.00
     326.000     0.999780       164896      4551.11
     342.000     0.999805       164900      5120.00
     398.000     0.999829       164904      5851.43
     513.000     0.999854       164908      6826.67
    1395.000     0.999878       164912      8192.00
    1456.000     0.999890       164914      9102.22
    1479.000     0.999902       164916     10240.00
    1540.000     0.999915       164918     11702.86
    1644.000     0.999927       164920     13653.33
    1662.000     0.999939       164922     16384.00
    1719.000     0.999945       164923     18204.44
    1724.000     0.999951       164924     20480.00
    1782.000     0.999957       164925     23405.71
    1790.000     0.999963       164926     27306.67
   17551.000     0.999969       164927     32768.00
   17807.000     0.999973       164928     36408.89
   17807.000     0.999976       164928     40960.00
   21231.000     0.999979       164929     46811.43
   21231.000     0.999982       164929     54613.33
   21631.000     0.999985       164930     65536.00
   21631.000     0.999986       164930     72817.78
   21631.000     0.999988       164930     81920.00
   22207.000     0.999989       164931     93622.86
   22207.000     0.999991       164931    109226.67
   22207.000     0.999992       164931    131072.00
   22207.000     0.999993       164931    145635.56
   22207.000     0.999994       164931    163840.00
   23055.000     0.999995       164932    187245.71
   23055.000     1.000000       164932          inf
#[Mean    =      171.185, StdDeviation   =      130.059]
#[Max     =    23055.000, Total count    =       164932]
#[Buckets =            5, SubBuckets     =         2048]
