       Value   Percentile   TotalCount 1/(1-Percentile)

     521.000     0.000000            1         1.00
   14535.000     0.100000       283198         1.11
   17471.000     0.200000       565956         1.25
   19903.000     0.300000       849617         1.43
   22319.000     0.400000      1131050         1.67
   24975.000     0.500000      1414076         2.00
   26399.000     0.550000      1555633         2.22
   27871.000     0.600000      1697417         2.50
   29359.000     0.650000      1837562         2.86
   30911.000     0.700000      1979296         3.33
   32559.000     0.750000      2120562         4.00
   33471.000     0.775000      2193071         4.44
   34399.000     0.800000      2261607         5.00
   35455.000     0.825000      2332817         5.71
   36639.000     0.850000      2403544         6.67
   38047.000     0.875000      2474741         8.00
   38847.000     0.887500      2509301         8.89
   39775.000     0.900000      2545120        10.00
   40799.000     0.912500      2579544        11.43
   42047.000     0.925000      2614757        13.33
   43615.000     0.937500      2650510        16.00
   44543.000     0.943750      2667980        17.78
   45631.000     0.950000      2685766        20.00
   46943.000     0.956250      2703285        22.86
   48607.000     0.962500      2720943        26.67
   50847.000     0.968750      2738438        32.00
   52319.000     0.971875      2747248        35.56
   54239.000     0.975000      2756130        40.00
   56863.000     0.978125      2764906        45.71
   60927.000     0.981250      2773765        53.33
   66943.000     0.984375      2782612        64.00
   70463.000     0.985938      2787039        71.11
   74175.000     0.987500      2791451        80.00
   78015.000     0.989062      2795849        91.43
   82431.000     0.990625      2800269       106.67
   88063.000     0.992188      2804688       128.00
   91263.000     0.992969      2806875       142.22
   95039.000     0.993750      2809100       160.00
   98815.000     0.994531      2811305       182.86
  102783.000     0.995313      2813495       213.33
  106943.000     0.996094      2815711       256.00
  108991.000     0.996484      2816810       284.44
  111167.000     0.996875      2817906       320.00
  113919.000     0.997266      2819028       365.71
  116991.000     0.997656      2820114       426.67
  120895.000     0.998047      2821224       512.00
  123647.000     0.998242      2821773       568.89
  126719.000     0.998437      2822326       640.00
  131455.000     0.998633      2822879       731.43
  142719.000     0.998828      2823425       853.33
  158079.000     0.999023      2823987      1024.00
  162431.000     0.999121      2824252      1137.78
  169727.000     0.999219      2824526      1280.00
  175999.000     0.999316      2824813      1462.86
  184447.000     0.999414      2825083      1706.67
  190079.000     0.999512      2825360      2048.00
  192383.000     0.999561      2825497      2275.56
  195199.000     0.999609      2825631      2560.00
  197887.000     0.999658      2825768      2925.71
  200703.000     0.999707      2825909      3413.33
  204159.000     0.999756      2826045      4096.00
  206591.000     0.999780      2826119      4551.11
  208127.000     0.999805      2826182      5120.00
  210047.000     0.999829      2826252      5851.43
  213375.000     0.999854      2826320      6826.67
  215551.000     0.999878      2826390      8192.00
  216575.000     0.999890      2826429      9102.22
  217599.000     0.999902      2826460     10240.00
  218623.000     0.999915      2826497     11702.86
  219519.000     0.999927      2826532     13653.33
  220799.000     0.999939      2826563     16384.00
  221951.000     0.999945      2826579     18204.44
  224255.000     0.999951      2826596     20480.00
  225663.000     0.999957      2826616     23405.71
  227967.000     0.999963      2826631     27306.67
  229503.000     0.999969      2826650     32768.00
  230015.000     0.999973      2826657     36408.89
  230911.000     0.999976      2826666     40960.00
  231423.000     0.999979      2826674     46811.43
  231807.000     0.999982      2826683     54613.33
  232191.000     0.999985      2826692     65536.00
  232703.000     0.999986      2826698     72817.78
  233087.000     0.999988      2826700     81920.00
  233343.000     0.999989      2826705     93622.86
  233727.000     0.999991      2826709    109226.67
  234111.000     0.999992      2826714    131072.00
  234239.000     0.999993      2826716    145635.56
  234367.000     0.999994      2826719    163840.00
  234367.000     0.999995      2826719    187245.71
  234879.000     0.999995      2826722    218453.33
  238847.000     0.999996      2826724    262144.00
  238975.000     0.999997      2826725    291271.11
  239103.000     0.999997      2826726    327680.00
  239359.000     0.999997      2826727    374491.43
  240895.000     0.999998      2826728    436906.67
  241151.000     0.999998      2826730    524288.00
  241151.000     0.999998      2826730    582542.22
  241151.000     0.999998      2826730    655360.00
  241919.000     0.999999      2826731    748982.86
  241919.000     0.999999      2826731    873813.33
  242175.000     0.999999      2826732   1048576.00
  242175.000     0.999999      2826732   1165084.44
  242175.000     0.999999      2826732   1310720.00
  242687.000     0.999999      2826734   1497965.71
  242687.000     1.000000      2826734          inf
#[Mean    =    27055.235, StdDeviation   =    13599.143]
#[Max     =   242687.000, Total count    =      2826734]
#[Buckets =            8, SubBuckets     =         2048]
