       Value   Percentile   TotalCount 1/(1-Percentile)

    2251.000     0.000000            1         1.00
    7763.000     0.100000       120701         1.11
    7915.000     0.200000       240721         1.25
    8031.000     0.300000       364146         1.43
    8139.000     0.400000       485442         1.67
    8239.000     0.500000       605458         2.00
    8287.000     0.550000       664156         2.22
    8335.000     0.600000       723448         2.50
    8391.000     0.650000       790139         2.86
    8439.000     0.700000       845675         3.33
    8495.000     0.750000       902711         4.00
    8535.000     0.775000       938522         4.44
    8567.000     0.800000       965733         5.00
    8607.000     0.825000       995183         5.71
    8655.000     0.850000      1023194         6.67
    8735.000     0.875000      1052600         8.00
    8799.000     0.887500      1066737         8.89
    8967.000     0.900000      1082139        10.00
    9207.000     0.912500      1096967        11.43
    9311.000     0.925000      1112046        13.33
    9423.000     0.937500      1127175        16.00
    9495.000     0.943750      1134456        17.78
    9559.000     0.950000      1143114        20.00
    9607.000     0.956250      1150495        22.86
    9647.000     0.962500      1157495        26.67
    9687.000     0.968750      1164717        32.00
    9711.000     0.971875      1168311        35.56
    9735.000     0.975000      1172115        40.00
    9759.000     0.978125      1176345        45.71
    9783.000     0.981250      1179901        53.33
    9807.000     0.984375      1183205        64.00
    9831.000     0.985938      1186074        71.11
    9839.000     0.987500      1186933        80.00
    9863.000     0.989062      1189644        91.43
    9879.000     0.990625      1191184       106.67
    9903.000     0.992188      1192881       128.00
    9919.000     0.992969      1193805       142.22
    9935.000     0.993750      1194843       160.00
    9951.000     0.994531      1195571       182.86
    9975.000     0.995313      1196528       213.33
    9999.000     0.996094      1197332       256.00
   10015.000     0.996484      1197764       284.44
   10039.000     0.996875      1198227       320.00
   10071.000     0.997266      1198698       365.71
   10103.000     0.997656      1199128       426.67
   10159.000     0.998047      1199614       512.00
   10191.000     0.998242      1199872       568.89
   10215.000     0.998437      1200067       640.00
   10255.000     0.998633      1200324       731.43
   10327.000     0.998828      1200539       853.33
   10375.000     0.999023      1200774      1024.00
   10407.000     0.999121      1200886      1137.78
   10455.000     0.999219      1201015      1280.00
   10535.000     0.999316      1201109      1462.86
   10743.000     0.999414      1201234      1706.67
   11175.000     0.999512      1201346      2048.00
   11471.000     0.999561      1201401      2275.56
   11943.000     0.999609      1201460      2560.00
   12207.000     0.999658      1201521      2925.71
   12551.000     0.999707      1201578      3413.33
   12991.000     0.999756      1201636      4096.00
   13119.000     0.999780      1201667      4551.11
   13279.000     0.999805      1201700      5120.00
   13399.000     0.999829      1201724      5851.43
   13455.000     0.999854      1201756      6826.67
   13591.000     0.999878      1201785      8192.00
   13711.000     0.999890      1201799      9102.22
   13743.000     0.999902      1201813     10240.00
   13871.000     0.999915      1201829     11702.86
   13887.000     0.999927      1201844     13653.33
   13911.000     0.999939      1201858     16384.00
   14031.000     0.999945      1201864     18204.44
   14079.000     0.999951      1201871     20480.00
   14223.000     0.999957      1201881     23405.71
   14231.000     0.999963      1201886     27306.67
   14247.000     0.999969      1201894     32768.00
   14359.000     0.999973      1201898     36408.89
   14367.000     0.999976      1201906     40960.00
   14367.000     0.999979      1201906     46811.43
   14375.000     0.999982      1201909     54613.33
   14383.000     0.999985      1201912     65536.00
   14391.000     0.999986      1201915     72817.78
   14391.000     0.999988      1201915     81920.00
   14399.000     0.999989      1201920     93622.86
   14399.000     0.999991      1201920    109226.67
   14399.000     0.999992      1201920    131072.00
   14407.000     0.999993      1201926    145635.56
   14407.000     0.999994      1201926    163840.00
   14407.000     0.999995      1201926    187245.71
   14407.000     0.999995      1201926    218453.33
   14407.000     0.999996      1201926    262144.00
   14407.000     0.999997      1201926    291271.11
   14407.000     0.999997      1201926    327680.00
   14407.000     0.999997      1201926    374491.43
   14415.000     0.999998      1201929    436906.67
   14415.000     1.000000      1201929          inf
#[Mean    =     8308.886, StdDeviation   =      525.225]
#[Max     =    14415.000, Total count    =      1201929]
#[Buckets =            4, SubBuckets     =         2048]
