       Value   Percentile   TotalCount 1/(1-Percentile)

     149.000     0.000000            1         1.00
     362.000     0.100000       134488         1.11
     516.000     0.200000       268777         1.25
     885.000     0.300000       402876         1.43
    8895.000     0.400000       537116         1.67
   14519.000     0.500000       671478         2.00
   18671.000     0.550000       738644         2.22
   25087.000     0.600000       805617         2.50
   48607.000     0.650000       872773         2.86
   83647.000     0.700000       939901         3.33
  111679.000     0.750000      1007108         4.00
  123647.000     0.775000      1040710         4.44
  133375.000     0.800000      1074185         5.00
  140671.000     0.825000      1107998         5.71
  147839.000     0.850000      1141499         6.67
  156415.000     0.875000      1174871         8.00
  162943.000     0.887500      1191915         8.89
  168447.000     0.900000      1208516        10.00
  177023.000     0.912500      1225424        11.43
  183423.000     0.925000      1242166        13.33
  192767.000     0.937500      1259048        16.00
  196607.000     0.943750      1267343        17.78
  200575.000     0.950000      1275749        20.00
  205567.000     0.956250      1284123        22.86
  211455.000     0.962500      1292524        26.67
  216575.000     0.968750      1300746        32.00
  219775.000     0.971875      1305018        35.56
  223871.000     0.975000      1309176        40.00
  228735.000     0.978125      1313442        45.71
  232575.000     0.981250      1317578        53.33
  237055.000     0.984375      1321727        64.00
  240383.000     0.985938      1323814        71.11
  243839.000     0.987500      1325945        80.00
  246783.000     0.989062      1328012        91.43
  249855.000     0.990625      1330124       106.67
  254335.000     0.992188      1332211       128.00
  257535.000     0.992969      1333282       142.22
  259967.000     0.993750      1334311       160.00
  262143.000     0.994531      1335363       182.86
  264191.000     0.995313      1336447       213.33
  266495.000     0.996094      1337504       256.00
  268031.000     0.996484      1338023       284.44
  269823.000     0.996875      1338557       320.00
  271615.000     0.997266      1339029       365.71
  273663.000     0.997656      1339574       426.67
  275711.000     0.998047      1340103       512.00
  276735.000     0.998242      1340333       568.89
  278015.000     0.998437      1340612       640.00
  279295.000     0.998633      1340903       731.43
  280575.000     0.998828      1341147       853.33
  281855.000     0.999023      1341379      1024.00
  282879.000     0.999121      1341516      1137.78
  283903.000     0.999219      1341643      1280.00
  285183.000     0.999316      1341782      1462.86
  286719.000     0.999414      1341909      1706.67
  288767.000     0.999512      1342049      2048.00
  289535.000     0.999561      1342100      2275.56
  290559.000     0.999609      1342163      2560.00
  291839.000     0.999658      1342234      2925.71
  293119.000     0.999707      1342301      3413.33
  295167.000     0.999756      1342362      4096.00
  296191.000     0.999780      1342395      4551.11
  297215.000     0.999805      1342425      5120.00
  298751.000     0.999829      1342456      5851.43
  300543.000     0.999854      1342489      6826.67
  302847.000     0.999878      1342524      8192.00
  304127.000     0.999890      1342538      9102.22
  307967.000     0.999902      1342553     10240.00
  313343.000     0.999915      1342571     11702.86
  315391.000     0.999927      1342587     13653.33
  317695.000     0.999939      1342603     16384.00
  319743.000     0.999945      1342611     18204.44
  320767.000     0.999951      1342623     20480.00
  323327.000     0.999957      1342628     23405.71
  324607.000     0.999963      1342638     27306.67
  325119.000     0.999969      1342646     32768.00
  325375.000     0.999973      1342648     36408.89
  327167.000     0.999976      1342654     40960.00
  327679.000     0.999979      1342656     46811.43
  328447.000     0.999982      1342660     54613.33
  330239.000     0.999985      1342664     65536.00
  331007.000     0.999986      1342666     72817.78
  331519.000     0.999988      1342669     81920.00
  333055.000     0.999989      1342670     93622.86
  334079.000     0.999991      1342672    109226.67
  334847.000     0.999992      1342674    131072.00
  335103.000     0.999993      1342675    145635.56
  337407.000     0.999994      1342676    163840.00
  338175.000     0.999995      1342677    187245.71
  339199.000     0.999995      1342678    218453.33
  341759.000     0.999996      1342679    262144.00
  346111.000     0.999997      1342680    291271.11
  346111.000     0.999997      1342680    327680.00
  347391.000     0.999997      1342681    374491.43
  347391.000     0.999998      1342681    436906.67
  348159.000     0.999998      1342682    524288.00
  348159.000     0.999998      1342682    582542.22
  348159.000     0.999998      1342682    655360.00
  348415.000     0.999999      1342683    748982.86
  348415.000     0.999999      1342683    873813.33
  348415.000     0.999999      1342683   1048576.00
  348415.000     0.999999      1342683   1165084.44
  348415.000     0.999999      1342683   1310720.00
  349695.000     0.999999      1342684   1497965.71
  349695.000     1.000000      1342684          inf
#[Mean    =    55486.762, StdDeviation   =    71534.011]
#[Max     =   349695.000, Total count    =      1342684]
#[Buckets =            9, SubBuckets     =         2048]
