       Value   Percentile   TotalCount 1/(1-Percentile)

      37.000     0.000000            1         1.00
     794.000     0.100000      1208699         1.11
    1238.000     0.200000      2416313         1.25
    1544.000     0.300000      3625498         1.43
    1858.000     0.400000      4835418         1.67
    2237.000     0.500000      6041727         2.00
    2427.000     0.550000      6648946         2.22
    2607.000     0.600000      7250122         2.50
    2789.000     0.650000      7857827         2.86
    2977.000     0.700000      8456155         3.33
    3201.000     0.750000      9060167         4.00
    3337.000     0.775000      9363160         4.44
    3497.000     0.800000      9665886         5.00
    3683.000     0.825000      9967350         5.71
    3909.000     0.850000     10270272         6.67
    4171.000     0.875000     10570388         8.00
    4311.000     0.887500     10724752         8.89
    4455.000     0.900000     10874721        10.00
    4607.000     0.912500     11025058        11.43
    4771.000     0.925000     11175524        13.33
    4955.000     0.937500     11328068        16.00
    5055.000     0.943750     11402693        17.78
    5163.000     0.950000     11477771        20.00
    5283.000     0.956250     11552369        22.86
    5419.000     0.962500     11628669        26.67
    5571.000     0.968750     11704122        32.00
    5655.000     0.971875     11741716        35.56
    5747.000     0.975000     11779063        40.00
    5851.000     0.978125     11817200        45.71
    5967.000     0.981250     11854621        53.33
    6099.000     0.984375     11892231        64.00
    6171.000     0.985938     11910416        71.11
    6251.000     0.987500     11929381        80.00
    6343.000     0.989062     11948442        91.43
    6443.000     0.990625     11967100       106.67
    6563.000     0.992188     11986339       128.00
    6627.000     0.992969     11995380       142.22
    6703.000     0.993750     12005067       160.00
    6783.000     0.994531     12014274       182.86
    6879.000     0.995313     12023698       213.33
    6991.000     0.996094     12033149       256.00
    7055.000     0.996484     12037813       284.44
    7131.000     0.996875     12042639       320.00
    7211.000     0.997266     12047210       365.71
    7307.000     0.997656     12051978       426.67
    7423.000     0.998047     12056696       512.00
    7491.000     0.998242     12059055       568.89
    7563.000     0.998437     12061344       640.00
    7651.000     0.998633     12063761       731.43
    7755.000     0.998828     12066065       853.33
    7895.000     0.999023     12068469      1024.00
    7967.000     0.999121     12069631      1137.78
    8051.000     0.999219     12070797      1280.00
    8155.000     0.999316     12071981      1462.86
    8271.000     0.999414     12073176      1706.67
    8407.000     0.999512     12074310      2048.00
    8487.000     0.999561     12074903      2275.56
    8583.000     0.999609     12075500      2560.00
    8695.000     0.999658     12076083      2925.71
    8831.000     0.999707     12076691      3413.33
    8975.000     0.999756     12077265      4096.00
    9063.000     0.999780     12077570      4551.11
    9143.000     0.999805     12077852      5120.00
    9247.000     0.999829     12078155      5851.43
    9367.000     0.999854     12078448      6826.67
    9503.000     0.999878     12078748      8192.00
    9583.000     0.999890     12078879      9102.22
    9679.000     0.999902     12079034     10240.00
    9775.000     0.999915     12079173     11702.86
    9887.000     0.999927     12079320     13653.33
    9999.000     0.999939     12079477     16384.00
   10063.000     0.999945     12079548     18204.44
   10135.000     0.999951     12079618     20480.00
   10215.000     0.999957     12079688     23405.71
   10327.000     0.999963     12079765     27306.67
   10463.000     0.999969     12079838     32768.00
   10511.000     0.999973     12079874     36408.89
   10599.000     0.999976     12079912     40960.00
   10663.000     0.999979     12079949     46811.43
   10719.000     0.999982     12079989     54613.33
   10863.000     0.999985     12080021     65536.00
   10927.000     0.999986     12080039     72817.78
   10991.000     0.999988     12080057     81920.00
   11039.000     0.999989     12080075     93622.86
   11095.000     0.999991     12080095    109226.67
   11175.000     0.999992     12080113    131072.00
   11199.000     0.999993     12080122    145635.56
   11239.000     0.999994     12080132    163840.00
   11255.000     0.999995     12080141    187245.71
   11287.000     0.999995     12080149    218453.33
   11423.000     0.999996     12080158    262144.00
   11503.000     0.999997     12080163    291271.11
   11567.000     0.999997     12080168    327680.00
   11615.000     0.999997     12080173    374491.43
   11631.000     0.999998     12080177    436906.67
   11735.000     0.999998     12080181    524288.00
   11767.000     0.999998     12080184    582542.22
   11775.000     0.999998     12080187    655360.00
   11783.000     0.999999     12080188    748982.86
   11791.000     0.999999     12080192    873813.33
   11807.000     0.999999     12080194   1048576.00
   11807.000     0.999999     12080194   1165084.44
   11823.000     0.999999     12080195   1310720.00
   11839.000     0.999999     12080197   1497965.71
   11847.000     0.999999     12080199   1747626.67
   11847.000     1.000000     12080199   2097152.00
   11847.000     1.000000     12080199   2330168.89
   11863.000     1.000000     12080200   2621440.00
   11863.000     1.000000     12080200   2995931.43
   11911.000     1.000000     12080201   3495253.33
   11919.000     1.000000     12080203   4194304.00
   11919.000     1.000000     12080203   4660337.78
   11919.000     1.000000     12080203   5242880.00
   11919.000     1.000000     12080203   5991862.86
   11919.000     1.000000     12080203   6990506.67
   11919.000     1.000000     12080203   8388608.00
   11919.000     1.000000     12080203   9320675.55
   11919.000     1.000000     12080203  10485760.00
   11919.000     1.000000     12080203  11983725.71
   11943.000     1.000000     12080204  13981013.34
   11943.000     1.000000     12080204          inf
#[Mean    =     2437.125, StdDeviation   =     1409.783]
#[Max     =    11943.000, Total count    =     12080204]
#[Buckets =            4, SubBuckets     =         2048]
