       Value   Percentile   TotalCount 1/(1-Percentile)

      85.000     0.000000            1         1.00
     446.000     0.100000       770535         1.11
     682.000     0.200000      1534876         1.25
    1145.000     0.300000      2303323         1.43
    2063.000     0.400000      3070849         1.67
    3423.000     0.500000      3837700         2.00
    4247.000     0.550000      4221694         2.22
    5195.000     0.600000      4604491         2.50
    6291.000     0.650000      4988706         2.86
    7519.000     0.700000      5372280         3.33
    8895.000     0.750000      5756462         4.00
    9631.000     0.775000      5947318         4.44
   10439.000     0.800000      6139399         5.00
   11343.000     0.825000      6331501         5.71
   12391.000     0.850000      6523753         6.67
   13687.000     0.875000      6715328         8.00
   14487.000     0.887500      6811197         8.89
   15439.000     0.900000      6906753        10.00
   16639.000     0.912500      7002579        11.43
   18239.000     0.925000      7098807        13.33
   20463.000     0.937500      7194486        16.00
   21855.000     0.943750      7242723        17.78
   23503.000     0.950000      7290591        20.00
   25423.000     0.956250      7338472        22.86
   27615.000     0.962500      7386247        26.67
   30303.000     0.968750      7434161        32.00
   31967.000     0.971875      7458123        35.56
   33887.000     0.975000      7482130        40.00
   36351.000     0.978125      7506166        45.71
   39679.000     0.981250      7530221        53.33
   44415.000     0.984375      7554047        64.00
   48031.000     0.985938      7566091        71.11
   52319.000     0.987500      7578099        80.00
   57279.000     0.989062      7590058        91.43
   63679.000     0.990625      7601999       106.67
   71615.000     0.992188      7614028       128.00
   76607.000     0.992969      7620031       142.22
   81855.000     0.993750      7626020       160.00
   88447.000     0.994531      7631990       182.86
   96575.000     0.995313      7638004       213.33
  106303.000     0.996094      7643991       256.00
  112319.000     0.996484      7646971       284.44
  120639.000     0.996875      7649964       320.00
  131199.000     0.997266      7652974       365.71
  141311.000     0.997656      7655984       426.67
  153215.000     0.998047      7658973       512.00
  161791.000     0.998242      7660470       568.89
  170239.000     0.998437      7661968       640.00
  179967.000     0.998633      7663450       731.43
  193535.000     0.998828      7664951       853.33
  208511.000     0.999023      7666450      1024.00
  216703.000     0.999121      7667203      1137.78
  225535.000     0.999219      7667948      1280.00
  235775.000     0.999316      7668698      1462.86
  244863.000     0.999414      7669460      1706.67
  255871.000     0.999512      7670195      2048.00
  264447.000     0.999561      7670569      2275.56
  273407.000     0.999609      7670949      2560.00
  284671.000     0.999658      7671321      2925.71
  294655.000     0.999707      7671695      3413.33
  306431.000     0.999756      7672076      4096.00
  316671.000     0.999780      7672260      4551.11
  333567.000     0.999805      7672443      5120.00
  354047.000     0.999829      7672636      5851.43
  369663.000     0.999854      7672817      6826.67
  397823.000     0.999878      7673004      8192.00
  415487.000     0.999890      7673097      9102.22
  442111.000     0.999902      7673196     10240.00
  471551.000     0.999915      7673285     11702.86
  677375.000     0.999927      7673380     13653.33
  683519.000     0.999939      7673474     16384.00
 1432575.000     0.999945      7673530     18204.44
 1446911.000     0.999951      7673570     20480.00
 1455103.000     0.999957      7673618     23405.71
 1462271.000     0.999963      7673659     27306.67
 1472511.000     0.999969      7673728     32768.00
 1473535.000     0.999973      7673763     36408.89
 1473535.000     0.999976      7673763     40960.00
 1474559.000     0.999979      7673780     46811.43
 1477631.000     0.999982      7673801     54613.33
 1479679.000     0.999985      7673829     65536.00
 1480703.000     0.999986      7673840     72817.78
 1483775.000     0.999988      7673847     81920.00
 1484799.000     0.999989      7673862     93622.86
 1485823.000     0.999991      7673873    109226.67
 1486847.000     0.999992      7673885    131072.00
 1487871.000     0.999993      7673888    145635.56
 1489919.000     0.999994      7673901    163840.00
 1489919.000     0.999995      7673901    187245.71
 1491967.000     0.999995      7673907    218453.33
 1494015.000     0.999996      7673916    262144.00
 1494015.000     0.999997      7673916    291271.11
 1495039.000     0.999997      7673922    327680.00
 1495039.000     0.999997      7673922    374491.43
 1496063.000     0.999998      7673923    436906.67
 1498111.000     0.999998      7673927    524288.00
 1498111.000     0.999998      7673927    582542.22
 1499135.000     0.999998      7673930    655360.00
 1499135.000     0.999999      7673930    748982.86
 1500159.000     0.999999      7673934    873813.33
 1500159.000     0.999999      7673934   1048576.00
 1500159.000     0.999999      7673934   1165084.44
 1501183.000     0.999999      7673940   1310720.00
 1501183.000     1.000000      7673940          inf
#[Mean    =     7336.347, StdDeviation   =    18696.947]
#[Max     =  1501183.000, Total count    =      7673940]
#[Buckets =           11, SubBuckets     =         2048]
