       Value   Percentile   TotalCount 1/(1-Percentile)

     172.000     0.000000            1         1.00
   15735.000     0.100000       271978         1.11
   18271.000     0.200000       545320         1.25
   20271.000     0.300000       815871         1.43
   22207.000     0.400000      1089250         1.67
   24207.000     0.500000      1360289         2.00
   25295.000     0.550000      1496059         2.22
   26479.000     0.600000      1632034         2.50
   27791.000     0.650000      1768481         2.86
   29295.000     0.700000      1904195         3.33
   31119.000     0.750000      2039669         4.00
   32207.000     0.775000      2107393         4.44
   33503.000     0.800000      2176654         5.00
   35039.000     0.825000      2244129         5.71
   36927.000     0.850000      2311141         6.67
   39455.000     0.875000      2379526         8.00
   41023.000     0.887500      2413674         8.89
   42847.000     0.900000      2447413        10.00
   45023.000     0.912500      2481101        11.43
   47615.000     0.925000      2515081        13.33
   50591.000     0.937500      2549097        16.00
   52255.000     0.943750      2566336        17.78
   54079.000     0.950000      2583206        20.00
   56031.000     0.956250      2600225        22.86
   58207.000     0.962500      2617083        26.67
   60639.000     0.968750      2634180        32.00
   62015.000     0.971875      2642693        35.56
   63551.000     0.975000      2651154        40.00
   65375.000     0.978125      2659574        45.71
   67647.000     0.981250      2668030        53.33
   70719.000     0.984375      2676579        64.00
   72639.000     0.985938      2680848        71.11
   75007.000     0.987500      2685084        80.00
   78207.000     0.989062      2689306        91.43
   82431.000     0.990625      2693504       106.67
   87935.000     0.992188      2697742       128.00
   90815.000     0.992969      2699903       142.22
   93631.000     0.993750      2702024       160.00
   96447.000     0.994531      2704131       182.86
   99263.000     0.995313      2706238       213.33
  102655.000     0.996094      2708384       256.00
  104575.000     0.996484      2709427       284.44
  106623.000     0.996875      2710487       320.00
  108927.000     0.997266      2711566       365.71
  111935.000     0.997656      2712628       426.67
  116223.000     0.998047      2713675       512.00
  119935.000     0.998242      2714207       568.89
  127359.000     0.998437      2714735       640.00
  135551.000     0.998633      2715273       731.43
  143359.000     0.998828      2715798       853.33
  162175.000     0.999023      2716329      1024.00
  169087.000     0.999121      2716598      1137.78
  176767.000     0.999219      2716864      1280.00
  185599.000     0.999316      2717128      1462.86
  191999.000     0.999414      2717392      1706.67
  195455.000     0.999512      2717658      2048.00
  196863.000     0.999561      2717792      2275.56
  198271.000     0.999609      2717931      2560.00
  199935.000     0.999658      2718054      2925.71
  202239.000     0.999707      2718187      3413.33
  204671.000     0.999756      2718322      4096.00
  205823.000     0.999780      2718388      4551.11
  207487.000     0.999805      2718455      5120.00
  208895.000     0.999829      2718519      5851.43
  210303.000     0.999854      2718587      6826.67
  212095.000     0.999878      2718652      8192.00
  212863.000     0.999890      2718686      9102.22
  214015.000     0.999902      2718721     10240.00
  214911.000     0.999915      2718755     11702.86
  215935.000     0.999927      2718784     13653.33
  217983.000     0.999939      2718824     16384.00
  218623.000     0.999945      2718835     18204.44
  219647.000     0.999951      2718852     20480.00
  220543.000     0.999957      2718867     23405.71
  221951.000     0.999963      2718884     27306.67
  223487.000     0.999969      2718904     32768.00
  223615.000     0.999973      2718910     36408.89
  223871.000     0.999976      2718917     40960.00
  224383.000     0.999979      2718925     46811.43
  225663.000     0.999982      2718935     54613.33
  227711.000     0.999985      2718942     65536.00
  228479.000     0.999986      2718947     72817.78
  228607.000     0.999988      2718950     81920.00
  229247.000     0.999989      2718954     93622.86
  229887.000     0.999991      2718961    109226.67
  230271.000     0.999992      2718963    131072.00
  230655.000     0.999993      2718965    145635.56
  232703.000     0.999994      2718967    163840.00
  236031.000     0.999995      2718969    187245.71
  242943.000     0.999995      2718973    218453.33
  242943.000     0.999996      2718973    262144.00
  243327.000     0.999997      2718975    291271.11
  243327.000     0.999997      2718975    327680.00
  244223.000     0.999997      2718976    374491.43
  247807.000     0.999998      2718977    436906.67
  249727.000     0.999998      2718978    524288.00
  253823.000     0.999998      2718979    582542.22
  253823.000     0.999998      2718979    655360.00
  254079.000     0.999999      2718980    748982.86
  254079.000     0.999999      2718980    873813.33
  254847.000     0.999999      2718982   1048576.00
  254847.000     0.999999      2718982   1165084.44
  254847.000     0.999999      2718982   1310720.00
  254847.000     0.999999      2718982   1497965.71
  254847.000     0.999999      2718982   1747626.67
  254847.000     1.000000      2718982   2097152.00
  254847.000     1.000000      2718982   2330168.89
  254847.000     1.000000      2718982   2621440.00
  255743.000     1.000000      2718983   2995931.43
  255743.000     1.000000      2718983          inf
#[Mean    =    27565.349, StdDeviation   =    14301.963]
#[Max     =   255743.000, Total count    =      2718983]
#[Buckets =            8, SubBuckets     =         2048]
