       Value   Percentile   TotalCount 1/(1-Percentile)

     217.000     0.000000            1         1.00
     886.000     0.100000       353401         1.11
    1304.000     0.200000       706891         1.25
    1912.000     0.300000      1059909         1.43
    2425.000     0.400000      1414068         1.67
    2815.000     0.500000      1767140         2.00
    3017.000     0.550000      1943895         2.22
    3251.000     0.600000      2120003         2.50
    3583.000     0.650000      2296158         2.86
    4431.000     0.700000      2472718         3.33
   12095.000     0.750000      2649136         4.00
   19663.000     0.775000      2737483         4.44
   26735.000     0.800000      2825644         5.00
   39935.000     0.825000      2914032         5.71
   56607.000     0.850000      3002370         6.67
   74303.000     0.875000      3090694         8.00
   81855.000     0.887500      3135036         8.89
   87359.000     0.900000      3179259        10.00
   92671.000     0.912500      3223268        11.43
  100095.000     0.925000      3267586        13.33
  106431.000     0.937500      3311583        16.00
  111935.000     0.943750      3333413        17.78
  118015.000     0.950000      3355569        20.00
  124159.000     0.956250      3377532        22.86
  128767.000     0.962500      3399730        26.67
  135039.000     0.968750      3421959        32.00
  137983.000     0.971875      3432874        35.56
  140927.000     0.975000      3443780        40.00
  144895.000     0.978125      3455042        45.71
  151423.000     0.981250      3465924        53.33
  159615.000     0.984375      3477067        64.00
  161535.000     0.985938      3482548        71.11
  163199.000     0.987500      3488229        80.00
  165375.000     0.989062      3493456        91.43
  171007.000     0.990625      3498963       106.67
  175871.000     0.992188      3504489       128.00
  177535.000     0.992969      3507236       142.22
  180351.000     0.993750      3510072       160.00
  183935.000     0.994531      3512817       182.86
  189055.000     0.995313      3515492       213.33
  202879.000     0.996094      3518278       256.00
  205823.000     0.996484      3519675       284.44
  207999.000     0.996875      3521010       320.00
  214143.000     0.997266      3522390       365.71
  227455.000     0.997656      3523769       426.67
  241919.000     0.998047      3525147       512.00
  244607.000     0.998242      3525851       568.89
  252287.000     0.998437      3526528       640.00
  284671.000     0.998633      3527228       731.43
  292863.000     0.998828      3527927       853.33
  295935.000     0.999023      3528640      1024.00
  297983.000     0.999121      3528957      1137.78
  300287.000     0.999219      3529311      1280.00
  304127.000     0.999316      3529632      1462.86
  310015.000     0.999414      3529983      1706.67
  314623.000     0.999512      3530328      2048.00
  316671.000     0.999561      3530533      2275.56
  317695.000     0.999609      3530671      2560.00
  321279.000     0.999658      3530840      2925.71
  326399.000     0.999707      3531015      3413.33
  333567.000     0.999756      3531184      4096.00
  339711.000     0.999780      3531269      4551.11
  345087.000     0.999805      3531360      5120.00
  348927.000     0.999829      3531445      5851.43
  356351.000     0.999854      3531529      6826.67
  365567.000     0.999878      3531614      8192.00
  371199.000     0.999890      3531658      9102.22
  376319.000     0.999902      3531701     10240.00
  382719.000     0.999915      3531746     11702.86
  388863.000     0.999927      3531788     13653.33
  396287.000     0.999939      3531831     16384.00
  399615.000     0.999945      3531853     18204.44
  401407.000     0.999951      3531874     20480.00
  403711.000     0.999957      3531897     23405.71
  404735.000     0.999963      3531916     27306.67
  405759.000     0.999969      3531941     32768.00
  406271.000     0.999973      3531948     36408.89
  407551.000     0.999976      3531960     40960.00
  408575.000     0.999979      3531972     46811.43
  409087.000     0.999982      3531981     54613.33
  410879.000     0.999985      3531996     65536.00
  411391.000     0.999986      3531998     72817.78
  411903.000     0.999988      3532007     81920.00
  412159.000     0.999989      3532013     93622.86
  412159.000     0.999991      3532013    109226.67
  413183.000     0.999992      3532020    131072.00
  413439.000     0.999993      3532024    145635.56
  413439.000     0.999994      3532024    163840.00
  413695.000     0.999995      3532027    187245.71
  413951.000     0.999995      3532031    218453.33
  414207.000     0.999996      3532033    262144.00
  414207.000     0.999997      3532033    291271.11
  414463.000     0.999997      3532036    327680.00
  414463.000     0.999997      3532036    374491.43
  414719.000     0.999998      3532037    436906.67
  425727.000     0.999998      3532039    524288.00
  425727.000     0.999998      3532039    582542.22
  451583.000     0.999998      3532040    655360.00
  452351.000     0.999999      3532041    748982.86
  452351.000     0.999999      3532041    873813.33
  466175.000     0.999999      3532042   1048576.00
  466175.000     0.999999      3532042   1165084.44
  496639.000     0.999999      3532043   1310720.00
  496639.000     0.999999      3532043   1497965.71
  496639.000     0.999999      3532043   1747626.67
  497151.000     1.000000      3532044   2097152.00
  497151.000     1.000000      3532044   2330168.89
  497151.000     1.000000      3532044   2621440.00
  497151.000     1.000000      3532044   2995931.43
  497151.000     1.000000      3532044   3495253.33
  524031.000     1.000000      3532045   4194304.00
  524031.000     1.000000      3532045          inf
#[Mean    =    21129.303, StdDeviation   =    41003.770]
#[Max     =   524031.000, Total count    =      3532045]
#[Buckets =            9, SubBuckets     =         2048]
