       Value   Percentile   TotalCount 1/(1-Percentile)

     896.000     0.000000            1         1.00
   15279.000     0.100000       250886         1.11
   18335.000     0.200000       501839         1.25
   20863.000     0.300000       753541         1.43
   23631.000     0.400000      1004832         1.67
   26335.000     0.500000      1255260         2.00
   27791.000     0.550000      1380236         2.22
   29375.000     0.600000      1506356         2.50
   31183.000     0.650000      1631328         2.86
   33247.000     0.700000      1757562         3.33
   35551.000     0.750000      1882882         4.00
   36863.000     0.775000      1945582         4.44
   38303.000     0.800000      2007531         5.00
   39903.000     0.825000      2070437         5.71
   41663.000     0.850000      2132502         6.67
   43679.000     0.875000      2195895         8.00
   44799.000     0.887500      2226781         8.89
   46015.000     0.900000      2257968        10.00
   47391.000     0.912500      2289075        11.43
   49151.000     0.925000      2320933        13.33
   51359.000     0.937500      2351841        16.00
   52735.000     0.943750      2367579        17.78
   54335.000     0.950000      2383388        20.00
   56095.000     0.956250      2398931        22.86
   58175.000     0.962500      2414623        26.67
   60543.000     0.968750      2430297        32.00
   61887.000     0.971875      2438091        35.56
   63359.000     0.975000      2445878        40.00
   65023.000     0.978125      2453721        45.71
   66879.000     0.981250      2461587        53.33
   69247.000     0.984375      2469386        64.00
   70655.000     0.985938      2473367        71.11
   72383.000     0.987500      2477334        80.00
   74751.000     0.989062      2481224        91.43
   78079.000     0.990625      2485060       106.67
   82559.000     0.992188      2489016       128.00
   84927.000     0.992969      2490956       142.22
   87935.000     0.993750      2492941       160.00
   91967.000     0.994531      2494853       182.86
   98111.000     0.995313      2496816       213.33
  121215.000     0.996094      2498770       256.00
  143743.000     0.996484      2499755       284.44
  171007.000     0.996875      2500733       320.00
  204543.000     0.997266      2501711       365.71
  225791.000     0.997656      2502692       426.67
  238079.000     0.998047      2503672       512.00
  244991.000     0.998242      2504166       568.89
  250879.000     0.998437      2504654       640.00
  257919.000     0.998633      2505145       731.43
  263423.000     0.998828      2505644       853.33
  270079.000     0.999023      2506120      1024.00
  274431.000     0.999121      2506379      1137.78
  279039.000     0.999219      2506613      1280.00
  283647.000     0.999316      2506871      1462.86
  289279.000     0.999414      2507101      1706.67
  294655.000     0.999512      2507347      2048.00
  297983.000     0.999561      2507474      2275.56
  301311.000     0.999609      2507599      2560.00
  305919.000     0.999658      2507720      2925.71
  312319.000     0.999707      2507839      3413.33
  316927.000     0.999756      2507971      4096.00
  318719.000     0.999780      2508019      4551.11
  322303.000     0.999805      2508082      5120.00
  326655.000     0.999829      2508143      5851.43
  329727.000     0.999854      2508208      6826.67
  334591.000     0.999878      2508265      8192.00
  336895.000     0.999890      2508295      9102.22
  338943.000     0.999902      2508325     10240.00
  340735.000     0.999915      2508356     11702.86
  346111.000     0.999927      2508386     13653.33
  348159.000     0.999939      2508416     16384.00
  350207.000     0.999945      2508435     18204.44
  353535.000     0.999951      2508456     20480.00
  353791.000     0.999957      2508465     23405.71
  355839.000     0.999963      2508490     27306.67
  356095.000     0.999969      2508503     32768.00
  356095.000     0.999973      2508503     36408.89
  357375.000     0.999976      2508510     40960.00
  357631.000     0.999979      2508518     46811.43
  359935.000     0.999982      2508525     54613.33
  364031.000     0.999985      2508531     65536.00
  367615.000     0.999986      2508535     72817.78
  371199.000     0.999988      2508539     81920.00
  377599.000     0.999989      2508543     93622.86
  378111.000     0.999991      2508548    109226.67
  381695.000     0.999992      2508550    131072.00
  382463.000     0.999993      2508552    145635.56
  387839.000     0.999994      2508555    163840.00
  388607.000     0.999995      2508556    187245.71
  393983.000     0.999995      2508558    218453.33
  396799.000     0.999996      2508560    262144.00
  397055.000     0.999997      2508561    291271.11
  398847.000     0.999997      2508562    327680.00
  399615.000     0.999997      2508563    374491.43
  399871.000     0.999998      2508567    436906.67
  399871.000     0.999998      2508567    524288.00
  399871.000     0.999998      2508567    582542.22
  399871.000     0.999998      2508567    655360.00
  399871.000     0.999999      2508567    748982.86
  399871.000     0.999999      2508567    873813.33
  399871.000     0.999999      2508567   1048576.00
  399871.000     0.999999      2508567   1165084.44
  403455.000     0.999999      2508568   1310720.00
  403455.000     0.999999      2508568   1497965.71
  403455.000     0.999999      2508568   1747626.67
  403455.000     1.000000      2508568   2097152.00
  403455.000     1.000000      2508568   2330168.89
  404479.000     1.000000      2508569   2621440.00
  404479.000     1.000000      2508569          inf
#[Mean    =    29653.815, StdDeviation   =    18461.475]
#[Max     =   404479.000, Total count    =      2508569]
#[Buckets =            9, SubBuckets     =         2048]
