       Value   Percentile   TotalCount 1/(1-Percentile)

     119.000     0.000000            3         1.00
    1410.000     0.100000      1219020         1.11
    1492.000     0.200000      2431886         1.25
    1594.000     0.300000      3629869         1.43
    1698.000     0.400000      4839118         1.67
    1781.000     0.500000      6049808         2.00
    1842.000     0.550000      6659920         2.22
    1969.000     0.600000      7258073         2.50
    2095.000     0.650000      7864839         2.86
    6723.000     0.700000      8468305         3.33
    7683.000     0.750000      9072640         4.00
    8191.000     0.775000      9375069         4.44
    8727.000     0.800000      9679659         5.00
    9863.000     0.825000      9980010         5.71
   14807.000     0.850000     10281992         6.67
   17599.000     0.875000     10585639         8.00
   19007.000     0.887500     10735502         8.89
   20735.000     0.900000     10888032        10.00
   22287.000     0.912500     11038144        11.43
   23663.000     0.925000     11189116        13.33
   24959.000     0.937500     11340277        16.00
   25647.000     0.943750     11416432        17.78
   26335.000     0.950000     11492740        20.00
   27039.000     0.956250     11567351        22.86
   27855.000     0.962500     11643462        26.67
   28735.000     0.968750     11718301        32.00
   29311.000     0.971875     11755976        35.56
   29903.000     0.975000     11793874        40.00
   30639.000     0.978125     11831429        45.71
   31439.000     0.981250     11869829        53.33
   32319.000     0.984375     11907466        64.00
   32863.000     0.985938     11926975        71.11
   33407.000     0.987500     11945674        80.00
   34015.000     0.989062     11964142        91.43
   34687.000     0.990625     11983010       106.67
   35583.000     0.992188     12001552       128.00
   36191.000     0.992969     12011140       142.22
   36767.000     0.993750     12020858       160.00
   37279.000     0.994531     12030133       182.86
   37951.000     0.995313     12039564       213.33
   38751.000     0.996094     12049065       256.00
   39167.000     0.996484     12053589       284.44
   39647.000     0.996875     12058243       320.00
   40095.000     0.997266     12062948       365.71
   40543.000     0.997656     12067743       426.67
   41183.000     0.998047     12072660       512.00
   41439.000     0.998242     12075014       568.89
   41791.000     0.998437     12077147       640.00
   42303.000     0.998633     12079720       731.43
   42719.000     0.998828     12081989       853.33
   43103.000     0.999023     12084308      1024.00
   43327.000     0.999121     12085577      1137.78
   43487.000     0.999219     12086648      1280.00
   43711.000     0.999316     12087830      1462.86
   44095.000     0.999414     12089029      1706.67
   44543.000     0.999512     12090233      2048.00
   44735.000     0.999561     12090772      2275.56
   44927.000     0.999609     12091331      2560.00
   45183.000     0.999658     12091910      2925.71
   45535.000     0.999707     12092509      3413.33
   45855.000     0.999756     12093099      4096.00
   46079.000     0.999780     12093373      4551.11
   46239.000     0.999805     12093673      5120.00
   46463.000     0.999829     12093956      5851.43
   46783.000     0.999854     12094248      6826.67
   47263.000     0.999878     12094545      8192.00
   47551.000     0.999890     12094697      9102.22
   47871.000     0.999902     12094883     10240.00
   47999.000     0.999915     12094982     11702.86
   48479.000     0.999927     12095154     13653.33
   49023.000     0.999939     12095278     16384.00
   49279.000     0.999945     12095366     18204.44
   49407.000     0.999951     12095426     20480.00
   49887.000     0.999957     12095501     23405.71
   50911.000     0.999963     12095583     27306.67
   51583.000     0.999969     12095644     32768.00
   52159.000     0.999973     12095681     36408.89
   53151.000     0.999976     12095720     40960.00
   54239.000     0.999979     12095782     46811.43
   54367.000     0.999982     12095812     54613.33
   55519.000     0.999985     12095838     65536.00
   55551.000     0.999986     12095851     72817.78
   56895.000     0.999988     12095871     81920.00
   57343.000     0.999989     12095890     93622.86
   58239.000     0.999991     12095923    109226.67
   58239.000     0.999992     12095923    131072.00
   59039.000     0.999993     12095931    145635.56
   61887.000     0.999994     12095947    163840.00
   62207.000     0.999995     12095968    187245.71
   62207.000     0.999995     12095968    218453.33
   62207.000     0.999996     12095968    262144.00
   63839.000     0.999997     12095973    291271.11
   65183.000     0.999997     12095987    327680.00
   65183.000     0.999997     12095987    374491.43
   65183.000     0.999998     12095987    436906.67
   65215.000     0.999998     12096000    524288.00
   65215.000     0.999998     12096000    582542.22
   65215.000     0.999998     12096000    655360.00
   65215.000     0.999999     12096000    748982.86
   65215.000     0.999999     12096000    873813.33
   65247.000     0.999999     12096003   1048576.00
   65247.000     0.999999     12096003   1165084.44
   65855.000     0.999999     12096005   1310720.00
   65855.000     0.999999     12096005   1497965.71
   65919.000     0.999999     12096008   1747626.67
   65919.000     1.000000     12096008   2097152.00
   65919.000     1.000000     12096008   2330168.89
   67647.000     1.000000     12096013   2621440.00
   67647.000     1.000000     12096013          inf
#[Mean    =     6168.513, StdDeviation   =     8349.692]
#[Max     =    67647.000, Total count    =     12096013]
#[Buckets =            7, SubBuckets     =         2048]
