       Value   Percentile   TotalCount 1/(1-Percentile)

     320.000     0.000000            1         1.00
     627.000     0.100000        31526         1.11
     731.000     0.200000        62798         1.25
     806.000     0.300000        94076         1.43
     869.000     0.400000       125330         1.67
     926.000     0.500000       156862         2.00
     954.000     0.550000       172527         2.22
     982.000     0.600000       188210         2.50
    1010.000     0.650000       203571         2.86
    1040.000     0.700000       219527         3.33
    1070.000     0.750000       234760         4.00
    1087.000     0.775000       243040         4.44
    1103.000     0.800000       250686         5.00
    1119.000     0.825000       258284         5.71
    1138.000     0.850000       266202         6.67
    1162.000     0.875000       273999         8.00
    1176.000     0.887500       277960         8.89
    1190.000     0.900000       281807        10.00
    1207.000     0.912500       285785        11.43
    1224.000     0.925000       289564        13.33
    1246.000     0.937500       293519        16.00
    1258.000     0.943750       295449        17.78
    1271.000     0.950000       297389        20.00
    1285.000     0.956250       299398        22.86
    1301.000     0.962500       301315        26.67
    1320.000     0.968750       303284        32.00
    1331.000     0.971875       304211        35.56
    1345.000     0.975000       305259        40.00
    1358.000     0.978125       306158        45.71
    1375.000     0.981250       307156        53.33
    1393.000     0.984375       308130        64.00
    1405.000     0.985938       308654        71.11
    1417.000     0.987500       309096        80.00
    1429.000     0.989062       309588        91.43
    1444.000     0.990625       310077       106.67
    1460.000     0.992188       310561       128.00
    1472.000     0.992969       310822       142.22
    1485.000     0.993750       311067       160.00
    1498.000     0.994531       311301       182.86
    1512.000     0.995313       311537       213.33
    1534.000     0.996094       311787       256.00
    1542.000     0.996484       311907       284.44
    1551.000     0.996875       312030       320.00
    1563.000     0.997266       312151       365.71
    1577.000     0.997656       312273       426.67
    1596.000     0.998047       312396       512.00
    1604.000     0.998242       312454       568.89
    1613.000     0.998437       312518       640.00
    1626.000     0.998633       312576       731.43
    1646.000     0.998828       312640       853.33
    1656.000     0.999023       312700      1024.00
    1668.000     0.999121       312728      1137.78
    1678.000     0.999219       312761      1280.00
    1693.000     0.999316       312791      1462.86
    1716.000     0.999414       312821      1706.67
    1762.000     0.999512       312853      2048.00
    1770.000     0.999561       312867      2275.56
    1806.000     0.999609       312881      2560.00
    1868.000     0.999658       312898      2925.71
    1890.000     0.999707       312912      3413.33
    1958.000     0.999756       312927      4096.00
    1995.000     0.999780       312935      4551.11
    2059.000     0.999805       312942      5120.00
    2627.000     0.999829       312951      5851.43
    2757.000     0.999854       312958      6826.67
    2979.000     0.999878       312966      8192.00
    3045.000     0.999890       312969      9102.22
    3097.000     0.999902       312973     10240.00
   50431.000     0.999915       312978     11702.86
   50495.000     0.999927       312982     13653.33
   50527.000     0.999939       312984     16384.00
   50559.000     0.999945       312986     18204.44
   50591.000     0.999951       312988     20480.00
   50623.000     0.999957       312990     23405.71
   50655.000     0.999963       312992     27306.67
   50687.000     0.999969       312995     32768.00
   50687.000     0.999973       312995     36408.89
   50719.000     0.999976       312997     40960.00
   50719.000     0.999979       312997     46811.43
   50751.000     0.999982       312999     54613.33
   50751.000     0.999985       312999     65536.00
   50751.000     0.999986       312999     72817.78
   50783.000     0.999988       313001     81920.00
   50783.000     0.999989       313001     93622.86
   50783.000     0.999991       313001    109226.67
   50783.000     0.999992       313001    131072.00
   50783.000     0.999993       313001    145635.56
   50815.000     0.999994       313003    163840.00
   50815.000     1.000000       313003          inf
#[Mean    =      925.891, StdDeviation   =      524.984]
#[Max     =    50815.000, Total count    =       313003]
#[Buckets =            6, SubBuckets     =         2048]
