       Value   Percentile   TotalCount 1/(1-Percentile)

      60.000     0.000000            1         1.00
     387.000     0.100000       923973         1.11
     620.000     0.200000      1843164         1.25
     922.000     0.300000      2762873         1.43
    1390.000     0.400000      3683480         1.67
    2251.000     0.500000      4604034         2.00
    2965.000     0.550000      5064125         2.22
    3591.000     0.600000      5525239         2.50
    4077.000     0.650000      5986342         2.86
    4523.000     0.700000      6446314         3.33
    4991.000     0.750000      6906693         4.00
    5251.000     0.775000      7136001         4.44
    5547.000     0.800000      7368374         5.00
    5883.000     0.825000      7596690         5.71
    6283.000     0.850000      7827319         6.67
    6767.000     0.875000      8057672         8.00
    7051.000     0.887500      8172565         8.89
    7375.000     0.900000      8287542        10.00
    7751.000     0.912500      8402635        11.43
    8199.000     0.925000      8517976        13.33
    8743.000     0.937500      8632377        16.00
    9071.000     0.943750      8689896        17.78
    9447.000     0.950000      8747120        20.00
    9903.000     0.956250      8805336        22.86
   10463.000     0.962500      8862741        26.67
   11199.000     0.968750      8920039        32.00
   11671.000     0.971875      8948621        35.56
   12239.000     0.975000      8977289        40.00
   12943.000     0.978125      9006150        45.71
   13871.000     0.981250      9034915        53.33
   15183.000     0.984375      9063640        64.00
   16079.000     0.985938      9078056        71.11
   17199.000     0.987500      9092526        80.00
   18543.000     0.989062      9106890        91.43
   20127.000     0.990625      9121241       106.67
   22015.000     0.992188      9135640       128.00
   23071.000     0.992969      9142780       142.22
   24223.000     0.993750      9149955       160.00
   25439.000     0.994531      9157169       182.86
   26767.000     0.995313      9164362       213.33
   28239.000     0.996094      9171540       256.00
   29039.000     0.996484      9175130       284.44
   29919.000     0.996875      9178692       320.00
   30959.000     0.997266      9182297       365.71
   32143.000     0.997656      9185905       426.67
   33567.000     0.998047      9189537       512.00
   34399.000     0.998242      9191304       568.89
   35327.000     0.998437      9193105       640.00
   36383.000     0.998633      9194875       731.43
   37663.000     0.998828      9196682       853.33
   39167.000     0.999023      9198472      1024.00
   40031.000     0.999121      9199395      1137.78
   40991.000     0.999219      9200281      1280.00
   41983.000     0.999316      9201166      1462.86
   43135.000     0.999414      9202073      1706.67
   44319.000     0.999512      9202965      2048.00
   45055.000     0.999561      9203426      2275.56
   45759.000     0.999609      9203861      2560.00
   46527.000     0.999658      9204318      2925.71
   47423.000     0.999707      9204767      3413.33
   48415.000     0.999756      9205216      4096.00
   48927.000     0.999780      9205437      4551.11
   49439.000     0.999805      9205664      5120.00
   50079.000     0.999829      9205894      5851.43
   50719.000     0.999854      9206110      6826.67
   51455.000     0.999878      9206335      8192.00
   51839.000     0.999890      9206455      9102.22
   52287.000     0.999902      9206563     10240.00
   52831.000     0.999915      9206676     11702.86
   53375.000     0.999927      9206783     13653.33
   53951.000     0.999939      9206895     16384.00
   54207.000     0.999945      9206952     18204.44
   54687.000     0.999951      9207008     20480.00
   55199.000     0.999957      9207066     23405.71
   55679.000     0.999963      9207121     27306.67
   56159.000     0.999969      9207176     32768.00
   56447.000     0.999973      9207205     36408.89
   56799.000     0.999976      9207232     40960.00
   57247.000     0.999979      9207262     46811.43
   57727.000     0.999982      9207288     54613.33
   58335.000     0.999985      9207316     65536.00
   58751.000     0.999986      9207332     72817.78
   59071.000     0.999988      9207344     81920.00
   59423.000     0.999989      9207360     93622.86
   59967.000     0.999991      9207372    109226.67
   60351.000     0.999992      9207386    131072.00
   60703.000     0.999993      9207393    145635.56
   60959.000     0.999994      9207400    163840.00
   61535.000     0.999995      9207407    187245.71
   62079.000     0.999995      9207414    218453.33
   62847.000     0.999996      9207422    262144.00
   63071.000     0.999997      9207425    291271.11
   63679.000     0.999997      9207428    327680.00
   63871.000     0.999997      9207432    374491.43
   64159.000     0.999998      9207435    436906.67
   64575.000     0.999998      9207439    524288.00
   64991.000     0.999998      9207441    582542.22
   65023.000     0.999998      9207442    655360.00
   65119.000     0.999999      9207444    748982.86
   65407.000     0.999999      9207446    873813.33
   66623.000     0.999999      9207448   1048576.00
   67327.000     0.999999      9207449   1165084.44
   67327.000     0.999999      9207449   1310720.00
   67391.000     0.999999      9207450   1497965.71
   67967.000     0.999999      9207452   1747626.67
   67967.000     1.000000      9207452   2097152.00
   71167.000     1.000000      9207453   2330168.89
   71167.000     1.000000      9207453   2621440.00
   71167.000     1.000000      9207453   2995931.43
   72575.000     1.000000      9207454   3495253.33
   72575.000     1.000000      9207454   4194304.00
   75647.000     1.000000      9207455   4660337.78
   75647.000     1.000000      9207455   5242880.00
   75647.000     1.000000      9207455   5991862.86
   75647.000     1.000000      9207455   6990506.67
   75647.000     1.000000      9207455   8388608.00
   77311.000     1.000000      9207456   9320675.55
   77311.000     1.000000      9207456          inf
#[Mean    =     3461.764, StdDeviation   =     3972.008]
#[Max     =    77311.000, Total count    =      9207456]
#[Buckets =            7, SubBuckets     =         2048]
