       Value   Percentile   TotalCount 1/(1-Percentile)

      77.000     0.000000            1         1.00
     641.000     0.100000       480886         1.11
    1019.000     0.200000       960903         1.25
    1453.000     0.300000      1441471         1.43
    2006.000     0.400000      1921552         1.67
    2769.000     0.500000      2401504         2.00
    3285.000     0.550000      2641881         2.22
    3941.000     0.600000      2881878         2.50
    4787.000     0.650000      3121627         2.86
    5895.000     0.700000      3361743         3.33
    7311.000     0.750000      3602081         4.00
    8143.000     0.775000      3722350         4.44
    9079.000     0.800000      3842426         5.00
   10119.000     0.825000      3962476         5.71
   11263.000     0.850000      4082231         6.67
   12527.000     0.875000      4202836         8.00
   13207.000     0.887500      4262727         8.89
   13927.000     0.900000      4322742        10.00
   14687.000     0.912500      4382701        11.43
   15519.000     0.925000      4442324        13.33
   16463.000     0.937500      4502641        16.00
   16975.000     0.943750      4532710        17.78
   17519.000     0.950000      4562717        20.00
   18127.000     0.956250      4593101        22.86
   18799.000     0.962500      4622952        26.67
   19567.000     0.968750      4652523        32.00
   19999.000     0.971875      4667409        35.56
   20495.000     0.975000      4682735        40.00
   21023.000     0.978125      4697614        45.71
   21631.000     0.981250      4712633        53.33
   22335.000     0.984375      4727475        64.00
   22735.000     0.985938      4735060        71.11
   23183.000     0.987500      4742430        80.00
   23711.000     0.989062      4750128        91.43
   24303.000     0.990625      4757544       106.67
   25023.000     0.992188      4765017       128.00
   25423.000     0.992969      4768734       142.22
   25871.000     0.993750      4772477       160.00
   26367.000     0.994531      4776213       182.86
   26975.000     0.995313      4779990       213.33
   27727.000     0.996094      4783705       256.00
   28159.000     0.996484      4785617       284.44
   28671.000     0.996875      4787465       320.00
   29279.000     0.997266      4789338       365.71
   30031.000     0.997656      4791203       426.67
   30975.000     0.998047      4793078       512.00
   31599.000     0.998242      4794026       568.89
   32319.000     0.998437      4794953       640.00
   33279.000     0.998633      4795914       731.43
   34655.000     0.998828      4796829       853.33
   36831.000     0.999023      4797766      1024.00
   38687.000     0.999121      4798235      1137.78
   41215.000     0.999219      4798705      1280.00
   43615.000     0.999316      4799177      1462.86
   46015.000     0.999414      4799641      1706.67
   49695.000     0.999512      4800110      2048.00
   52511.000     0.999561      4800348      2275.56
   54591.000     0.999609      4800584      2560.00
   56575.000     0.999658      4800818      2925.71
   58719.000     0.999707      4801048      3413.33
   60991.000     0.999756      4801281      4096.00
   62015.000     0.999780      4801398      4551.11
   63071.000     0.999805      4801516      5120.00
   64511.000     0.999829      4801635      5851.43
   66495.000     0.999854      4801750      6826.67
   69247.000     0.999878      4801868      8192.00
   72319.000     0.999890      4801928      9102.22
   74495.000     0.999902      4801987     10240.00
   75775.000     0.999915      4802044     11702.86
   77247.000     0.999927      4802103     13653.33
   78463.000     0.999939      4802160     16384.00
   79039.000     0.999945      4802192     18204.44
   79551.000     0.999951      4802221     20480.00
   80063.000     0.999957      4802251     23405.71
   80511.000     0.999963      4802279     27306.67
   80895.000     0.999969      4802312     32768.00
   81215.000     0.999973      4802322     36408.89
   81599.000     0.999976      4802336     40960.00
   82431.000     0.999979      4802351     46811.43
   83327.000     0.999982      4802366     54613.33
   83903.000     0.999985      4802380     65536.00
   84223.000     0.999986      4802391     72817.78
   84287.000     0.999988      4802395     81920.00
   84735.000     0.999989      4802402     93622.86
   85119.000     0.999991      4802411    109226.67
   86015.000     0.999992      4802418    131072.00
   86655.000     0.999993      4802422    145635.56
   86975.000     0.999994      4802424    163840.00
   87551.000     0.999995      4802429    187245.71
   87743.000     0.999995      4802433    218453.33
   87871.000     0.999996      4802435    262144.00
   88255.000     0.999997      4802438    291271.11
   88639.000     0.999997      4802439    327680.00
   88895.000     0.999997      4802442    374491.43
   89215.000     0.999998      4802443    436906.67
   89471.000     0.999998      4802444    524288.00
   89663.000     0.999998      4802446    582542.22
   89663.000     0.999998      4802446    655360.00
   89791.000     0.999999      4802447    748982.86
   89855.000     0.999999      4802448    873813.33
   89919.000     0.999999      4802449   1048576.00
   89919.000     0.999999      4802449   1165084.44
   89983.000     0.999999      4802450   1310720.00
   89983.000     0.999999      4802450   1497965.71
   90111.000     0.999999      4802451   1747626.67
   90111.000     1.000000      4802451   2097152.00
   90111.000     1.000000      4802451   2330168.89
   90303.000     1.000000      4802452   2621440.00
   90303.000     1.000000      4802452   2995931.43
   90303.000     1.000000      4802452   3495253.33
   90303.000     1.000000      4802452   4194304.00
   90303.000     1.000000      4802452   4660337.78
   90943.000     1.000000      4802453   5242880.00
   90943.000     1.000000      4802453          inf
#[Mean    =     5219.612, StdDeviation   =     5822.522]
#[Max     =    90943.000, Total count    =      4802453]
#[Buckets =            7, SubBuckets     =         2048]
