       Value   Percentile   TotalCount 1/(1-Percentile)

      84.000     0.000000            1         1.00
     115.000     0.100000       141027         1.11
     120.000     0.200000       272389         1.25
     125.000     0.300000       430607         1.43
     129.000     0.400000       562798         1.67
     133.000     0.500000       690523         2.00
     135.000     0.550000       750191         2.22
     138.000     0.600000       833736         2.50
     140.000     0.650000       884513         2.86
     143.000     0.700000       952998         3.33
     147.000     0.750000      1030418         4.00
     149.000     0.775000      1063522         4.44
     151.000     0.800000      1093270         5.00
     154.000     0.825000      1131542         5.71
     157.000     0.850000      1163778         6.67
     160.000     0.875000      1190418         8.00
     163.000     0.887500      1213255         8.89
     165.000     0.900000      1226640        10.00
     168.000     0.912500      1243977        11.43
     171.000     0.925000      1258786        13.33
     175.000     0.937500      1275424        16.00
     178.000     0.943750      1286240        17.78
     180.000     0.950000      1292580        20.00
     183.000     0.956250      1301342        22.86
     187.000     0.962500      1311430        26.67
     190.000     0.968750      1318108        32.00
     192.000     0.971875      1322092        35.56
     195.000     0.975000      1327706        40.00
     197.000     0.978125      1331036        45.71
     200.000     0.981250      1335484        53.33
     203.000     0.984375      1339337        64.00
     205.000     0.985938      1341715        71.11
     207.000     0.987500      1343772        80.00
     209.000     0.989062      1345576        91.43
     212.000     0.990625      1348062       106.67
     215.000     0.992188      1350069       128.00
     217.000     0.992969      1351223       142.22
     219.000     0.993750      1352261       160.00
     221.000     0.994531      1353181       182.86
     223.000     0.995313      1353998       213.33
     226.000     0.996094      1355012       256.00
     228.000     0.996484      1355577       284.44
     231.000     0.996875      1356229       320.00
     233.000     0.997266      1356615       365.71
     237.000     0.997656      1357272       426.67
     241.000     0.998047      1357764       512.00
     243.000     0.998242      1357972       568.89
     246.000     0.998437      1358232       640.00
     250.000     0.998633      1358509       731.43
     254.000     0.998828      1358757       853.33
     260.000     0.999023      1359021      1024.00
     263.000     0.999121      1359126      1137.78
     268.000     0.999219      1359259      1280.00
     273.000     0.999316      1359395      1462.86
     280.000     0.999414      1359525      1706.67
     290.000     0.999512      1359659      2048.00
     298.000     0.999561      1359718      2275.56
     310.000     0.999609      1359793      2560.00
     321.000     0.999658      1359851      2925.71
     337.000     0.999707      1359919      3413.33
     353.000     0.999756      1359988      4096.00
     364.000     0.999780      1360018      4551.11
     379.000     0.999805      1360051      5120.00
     401.000     0.999829      1360083      5851.43
     442.000     0.999854      1360118      6826.67
     633.000     0.999878      1360149      8192.00
     964.000     0.999890      1360166      9102.22
    1514.000     0.999902      1360183     10240.00
    2042.000     0.999915      1360199     11702.86
    2679.000     0.999927      1360216     13653.33
    4507.000     0.999939      1360232     16384.00
   12487.000     0.999945      1360241     18204.44
   17247.000     0.999951      1360249     20480.00
   19087.000     0.999957      1360257     23405.71
   22303.000     0.999963      1360266     27306.67
   33599.000     0.999969      1360274     32768.00
   34623.000     0.999973      1360278     36408.89
   35743.000     0.999976      1360282     40960.00
   38687.000     0.999979      1360286     46811.43
   39743.000     0.999982      1360292     54613.33
   40127.000     0.999985      1360295     65536.00
   40767.000     0.999986      1360297     72817.78
   40991.000     0.999988      1360299     81920.00
   41567.000     0.999989      1360301     93622.86
   41983.000     0.999991      1360303    109226.67
   43071.000     0.999992      1360305    131072.00
   44191.000     0.999993      1360306    145635.56
   44479.000     0.999994      1360307    163840.00
   44543.000     0.999995      1360308    187245.71
   44863.000     0.999995      1360309    218453.33
   44959.000     0.999996      1360310    262144.00
   45023.000     0.999997      1360311    291271.11
   45023.000     0.999997      1360311    327680.00
   47071.000     0.999997      1360312    374491.43
   47071.000     0.999998      1360312    436906.67
   47167.000     0.999998      1360313    524288.00
   47167.000     0.999998      1360313    582542.22
   47167.000     0.999998      1360313    655360.00
   50559.000     0.999999      1360314    748982.86
   50559.000     0.999999      1360314    873813.33
   50559.000     0.999999      1360314   1048576.00
   50559.000     0.999999      1360314   1165084.44
   50559.000     0.999999      1360314   1310720.00
   52255.000     0.999999      1360315   1497965.71
   52255.000     1.000000      1360315          inf
#[Mean    =      139.406, StdDeviation   =      248.473]
#[Max     =    52255.000, Total count    =      1360315]
#[Buckets =            6, SubBuckets     =         2048]
