       Value   Percentile   TotalCount 1/(1-Percentile)

    2007.000     0.000000            1         1.00
    8447.000     0.100000       114285         1.11
    8599.000     0.200000       228212         1.25
    8711.000     0.300000       339795         1.43
    8807.000     0.400000       446352         1.67
    8911.000     0.500000       557919         2.00
    8967.000     0.550000       610022         2.22
    9031.000     0.600000       667985         2.50
    9103.000     0.650000       720809         2.86
    9207.000     0.700000       777235         3.33
    9343.000     0.750000       832651         4.00
    9415.000     0.775000       861181         4.44
    9479.000     0.800000       888227         5.00
    9535.000     0.825000       914879         5.71
    9583.000     0.850000       942572         6.67
    9639.000     0.875000       972890         8.00
    9663.000     0.887500       986127         8.89
    9687.000     0.900000       997889        10.00
    9719.000     0.912500      1013117        11.43
    9751.000     0.925000      1027883        13.33
    9783.000     0.937500      1040630        16.00
    9799.000     0.943750      1046409        17.78
    9823.000     0.950000      1053755        20.00
    9847.000     0.956250      1061244        22.86
    9871.000     0.962500      1067092        26.67
    9911.000     0.968750      1074903        32.00
    9927.000     0.971875      1077576        35.56
    9951.000     0.975000      1080890        40.00
    9983.000     0.978125      1084513        45.71
   10023.000     0.981250      1087623        53.33
   10119.000     0.984375      1091074        64.00
   10703.000     0.985938      1092766        71.11
   10887.000     0.987500      1094594        80.00
   10967.000     0.989062      1096298        91.43
   11023.000     0.990625      1098058       106.67
   11071.000     0.992188      1099771       128.00
   11095.000     0.992969      1100576       142.22
   11127.000     0.993750      1101554       160.00
   11159.000     0.994531      1102406       182.86
   11199.000     0.995313      1103211       213.33
   11247.000     0.996094      1104069       256.00
   11287.000     0.996484      1104520       284.44
   11319.000     0.996875      1104901       320.00
   11359.000     0.997266      1105339       365.71
   11423.000     0.997656      1105772       426.67
   11479.000     0.998047      1106220       512.00
   11527.000     0.998242      1106430       568.89
   11567.000     0.998437      1106657       640.00
   11599.000     0.998633      1106866       731.43
   11655.000     0.998828      1107053       853.33
   11711.000     0.999023      1107287      1024.00
   11751.000     0.999121      1107388      1137.78
   11799.000     0.999219      1107494      1280.00
   11855.000     0.999316      1107602      1462.86
   11919.000     0.999414      1107706      1706.67
   12015.000     0.999512      1107814      2048.00
   12087.000     0.999561      1107863      2275.56
   12255.000     0.999609      1107917      2560.00
   12527.000     0.999658      1107976      2925.71
   12807.000     0.999707      1108024      3413.33
   13351.000     0.999756      1108079      4096.00
   13495.000     0.999780      1108106      4551.11
   13695.000     0.999805      1108132      5120.00
   14023.000     0.999829      1108160      5851.43
   14215.000     0.999854      1108189      6826.67
   14383.000     0.999878      1108222      8192.00
   14495.000     0.999890      1108229      9102.22
   14567.000     0.999902      1108244     10240.00
   14663.000     0.999915      1108259     11702.86
   14695.000     0.999927      1108267     13653.33
   14775.000     0.999939      1108282     16384.00
   14855.000     0.999945      1108288     18204.44
   14871.000     0.999951      1108294     20480.00
   14951.000     0.999957      1108303     23405.71
   14959.000     0.999963      1108310     27306.67
   14975.000     0.999969      1108315     32768.00
   15055.000     0.999973      1108319     36408.89
   15063.000     0.999976      1108323     40960.00
   15071.000     0.999979      1108325     46811.43
   15079.000     0.999982      1108329     54613.33
   15159.000     0.999985      1108332     65536.00
   15223.000     0.999986      1108336     72817.78
   15223.000     0.999988      1108336     81920.00
   15231.000     0.999989      1108342     93622.86
   15231.000     0.999991      1108342    109226.67
   15231.000     0.999992      1108342    131072.00
   15231.000     0.999993      1108342    145635.56
   15231.000     0.999994      1108342    163840.00
   15239.000     0.999995      1108344    187245.71
   15239.000     0.999995      1108344    218453.33
   15239.000     0.999996      1108344    262144.00
   15247.000     0.999997      1108347    291271.11
   15247.000     0.999997      1108347    327680.00
   15247.000     0.999997      1108347    374491.43
   15247.000     0.999998      1108347    436906.67
   15247.000     0.999998      1108347    524288.00
   15247.000     0.999998      1108347    582542.22
   15247.000     0.999998      1108347    655360.00
   15247.000     0.999999      1108347    748982.86
   15247.000     0.999999      1108347    873813.33
   15247.000     0.999999      1108347   1048576.00
   15255.000     0.999999      1108348   1165084.44
   15255.000     1.000000      1108348          inf
#[Mean    =     9008.850, StdDeviation   =      526.677]
#[Max     =    15255.000, Total count    =      1108348]
#[Buckets =            4, SubBuckets     =         2048]
