       Value   Percentile   TotalCount 1/(1-Percentile)

      46.000     0.000000            1         1.00
      52.000     0.100000        56102         1.11
      56.000     0.200000       104472         1.25
      59.000     0.300000       131303         1.43
      62.000     0.400000       180384         1.67
      63.000     0.500000       257800         2.00
      63.000     0.550000       257800         2.22
      64.000     0.600000       304685         2.50
      64.000     0.650000       304685         2.86
      65.000     0.700000       324917         3.33
      66.000     0.750000       336494         4.00
      67.000     0.775000       342849         4.44
      69.000     0.800000       349526         5.00
      73.000     0.825000       366055         5.71
      74.000     0.850000       376011         6.67
      75.000     0.875000       384135         8.00
      76.000     0.887500       390503         8.89
      77.000     0.900000       396169        10.00
      78.000     0.912500       401340        11.43
      79.000     0.925000       406163        13.33
      80.000     0.937500       410754        16.00
      81.000     0.943750       414995        17.78
      81.000     0.950000       414995        20.00
      82.000     0.956250       419269        22.86
      82.000     0.962500       419269        26.67
      83.000     0.968750       423149        32.00
      83.000     0.971875       423149        35.56
      84.000     0.975000       426035        40.00
      84.000     0.978125       426035        45.71
      85.000     0.981250       427958        53.33
      86.000     0.984375       429359        64.00
      86.000     0.985938       429359        71.11
      87.000     0.987500       430443        80.00
      88.000     0.989062       431235        91.43
      89.000     0.990625       431845       106.67
      90.000     0.992188       432393       128.00
      90.000     0.992969       432393       142.22
      91.000     0.993750       432921       160.00
      92.000     0.994531       433394       182.86
      92.000     0.995313       433394       213.33
      93.000     0.996094       433817       256.00
      94.000     0.996484       434131       284.44
      94.000     0.996875       434131       320.00
      95.000     0.997266       434340       365.71
      96.000     0.997656       434516       426.67
      97.000     0.998047       434656       512.00
      97.000     0.998242       434656       568.89
      98.000     0.998437       434778       640.00
      98.000     0.998633       434778       731.43
      99.000     0.998828       434882       853.33
     100.000     0.999023       434956      1024.00
     101.000     0.999121       435021      1137.78
     102.000     0.999219       435070      1280.00
     103.000     0.999316       435109      1462.86
     104.000     0.999414       435153      1706.67
     105.000     0.999512       435182      2048.00
     105.000     0.999561       435182      2275.56
     106.000     0.999609       435209      2560.00
     107.000     0.999658       435228      2925.71
     109.000     0.999707       435263      3413.33
     110.000     0.999756       435274      4096.00
     111.000     0.999780       435287      4551.11
     112.000     0.999805       435301      5120.00
     112.000     0.999829       435301      5851.43
     113.000     0.999854       435313      6826.67
     115.000     0.999878       435325      8192.00
     116.000     0.999890       435329      9102.22
     117.000     0.999902       435334     10240.00
     118.000     0.999915       435341     11702.86
     119.000     0.999927       435344     13653.33
     120.000     0.999939       435350     16384.00
     120.000     0.999945       435350     18204.44
     121.000     0.999951       435352     20480.00
     122.000     0.999957       435355     23405.71
     123.000     0.999963       435358     27306.67
     124.000     0.999969       435360     32768.00
     127.000     0.999973       435363     36408.89
     127.000     0.999976       435363     40960.00
     130.000     0.999979       435364     46811.43
     137.000     0.999982       435366     54613.33
     139.000     0.999985       435367     65536.00
     150.000     0.999986       435368     72817.78
     150.000     0.999988       435368     81920.00
     158.000     0.999989       435369     93622.86
     163.000     0.999991       435370    109226.67
     163.000     0.999992       435370    131072.00
     177.000     0.999993       435371    145635.56
     177.000     0.999994       435371    163840.00
     177.000     0.999995       435371    187245.71
     574.000     0.999995       435372    218453.33
     574.000     0.999996       435372    262144.00
     574.000     0.999997       435372    291271.11
     574.000     0.999997       435372    327680.00
     574.000     0.999997       435372    374491.43
   27055.000     0.999998       435373    436906.67
   27055.000     1.000000       435373          inf
#[Mean    =       63.584, StdDeviation   =       41.859]
#[Max     =    27055.000, Total count    =       435373]
#[Buckets =            5, SubBuckets     =         2048]
