       Value   Percentile   TotalCount 1/(1-Percentile)

    4663.000     0.000000            1         1.00
    8503.000     0.100000       111618         1.11
    8679.000     0.200000       220388         1.25
    8807.000     0.300000       329646         1.43
    8927.000     0.400000       440752         1.67
    9047.000     0.500000       546982         2.00
    9111.000     0.550000       602992         2.22
    9183.000     0.600000       659055         2.50
    9263.000     0.650000       709824         2.86
    9375.000     0.700000       767293         3.33
    9543.000     0.750000       819379         4.00
    9631.000     0.775000       846805         4.44
    9703.000     0.800000       874206         5.00
    9767.000     0.825000       901952         5.71
    9831.000     0.850000       930480         6.67
    9887.000     0.875000       957027         8.00
    9919.000     0.887500       971420         8.89
    9943.000     0.900000       983222        10.00
    9975.000     0.912500       997264        11.43
   10007.000     0.925000      1010657        13.33
   10047.000     0.937500      1026477        16.00
   10063.000     0.943750      1032025        17.78
   10087.000     0.950000      1039493        20.00
   10103.000     0.956250      1044369        22.86
   10127.000     0.962500      1051263        26.67
   10151.000     0.968750      1058346        32.00
   10167.000     0.971875      1062128        35.56
   10183.000     0.975000      1065111        40.00
   10207.000     0.978125      1069088        45.71
   10231.000     0.981250      1072435        53.33
   10255.000     0.984375      1075621        64.00
   10271.000     0.985938      1077230        71.11
   10287.000     0.987500      1078480        80.00
   10311.000     0.989062      1080471        91.43
   10335.000     0.990625      1082111       106.67
   10367.000     0.992188      1083746       128.00
   10383.000     0.992969      1084374       142.22
   10415.000     0.993750      1085293       160.00
   10463.000     0.994531      1086087       182.86
   10551.000     0.995313      1086891       213.33
   10887.000     0.996094      1087727       256.00
   11263.000     0.996484      1088153       284.44
   11439.000     0.996875      1088585       320.00
   11519.000     0.997266      1089062       365.71
   11583.000     0.997656      1089471       426.67
   11655.000     0.998047      1089897       512.00
   11695.000     0.998242      1090075       568.89
   11751.000     0.998437      1090288       640.00
   11839.000     0.998633      1090530       731.43
   11983.000     0.998828      1090717       853.33
   12295.000     0.999023      1090926      1024.00
   12807.000     0.999121      1091033      1137.78
   12959.000     0.999219      1091146      1280.00
   13199.000     0.999316      1091254      1462.86
   13287.000     0.999414      1091365      1706.67
   13351.000     0.999512      1091459      2048.00
   13407.000     0.999561      1091520      2275.56
   13599.000     0.999609      1091566      2560.00
   14639.000     0.999658      1091620      2925.71
   14927.000     0.999707      1091673      3413.33
   15423.000     0.999756      1091729      4096.00
   15455.000     0.999780      1091753      4551.11
   15519.000     0.999805      1091782      5120.00
   15663.000     0.999829      1091811      5851.43
   15927.000     0.999854      1091835      6826.67
   15983.000     0.999878      1091861      8192.00
   16007.000     0.999890      1091874      9102.22
   16127.000     0.999902      1091886     10240.00
   16207.000     0.999915      1091901     11702.86
   16255.000     0.999927      1091917     13653.33
   16271.000     0.999939      1091926     16384.00
   16383.000     0.999945      1091933     18204.44
   16415.000     0.999951      1091940     20480.00
   16447.000     0.999957      1091946     23405.71
   16479.000     0.999963      1091955     27306.67
   16767.000     0.999969      1091963     32768.00
   16767.000     0.999973      1091963     36408.89
   16783.000     0.999976      1091969     40960.00
   16783.000     0.999979      1091969     46811.43
   16847.000     0.999982      1091979     54613.33
   16847.000     0.999985      1091979     65536.00
   16847.000     0.999986      1091979     72817.78
   16847.000     0.999988      1091979     81920.00
   16863.000     0.999989      1091983     93622.86
   16863.000     0.999991      1091983    109226.67
   16895.000     0.999992      1091984    131072.00
   16911.000     0.999993      1091986    145635.56
   16911.000     0.999994      1091986    163840.00
   17007.000     0.999995      1091989    187245.71
   17007.000     0.999995      1091989    218453.33
   17007.000     0.999996      1091989    262144.00
   17007.000     0.999997      1091989    291271.11
   17007.000     0.999997      1091989    327680.00
   17023.000     0.999997      1091992    374491.43
   17023.000     1.000000      1091992          inf
#[Mean    =     9144.825, StdDeviation   =      568.128]
#[Max     =    17023.000, Total count    =      1091992]
#[Buckets =            5, SubBuckets     =         2048]
