       Value   Percentile   TotalCount 1/(1-Percentile)

     118.000     0.000000            1         1.00
    1056.000     0.100000       339753         1.11
    1842.000     0.200000       679393         1.25
    3609.000     0.300000      1019127         1.43
    7083.000     0.400000      1359012         1.67
   11239.000     0.500000      1698652         2.00
   13655.000     0.550000      1868603         2.22
   15903.000     0.600000      2038593         2.50
   18319.000     0.650000      2208665         2.86
   20927.000     0.700000      2377888         3.33
   24063.000     0.750000      2547976         4.00
   25711.000     0.775000      2633211         4.44
   29135.000     0.800000      2717509         5.00
   35583.000     0.825000      2802528         5.71
   43135.000     0.850000      2887434         6.67
   52511.000     0.875000      2972340         8.00
   57023.000     0.887500      3014691         8.89
   61311.000     0.900000      3057326        10.00
   64959.000     0.912500      3099672        11.43
   68159.000     0.925000      3142481        13.33
   71167.000     0.937500      3185029        16.00
   72703.000     0.943750      3205971        17.78
   74431.000     0.950000      3227587        20.00
   76607.000     0.956250      3248558        22.86
   81407.000     0.962500      3269441        26.67
   88575.000     0.968750      3290664        32.00
   92543.000     0.971875      3301373        35.56
   97727.000     0.975000      3311923        40.00
  106751.000     0.978125      3322499        45.71
  126975.000     0.981250      3333149        53.33
  152959.000     0.984375      3343735        64.00
  166911.000     0.985938      3349058        71.11
  180991.000     0.987500      3354367        80.00
  193407.000     0.989062      3359711        91.43
  205439.000     0.990625      3364984       106.67
  222207.000     0.992188      3370280       128.00
  229759.000     0.992969      3372952       142.22
  238847.000     0.993750      3375595       160.00
  248575.000     0.994531      3378231       182.86
  257407.000     0.995313      3380907       213.33
  265983.000     0.996094      3383548       256.00
  271103.000     0.996484      3384867       284.44
  277247.000     0.996875      3386202       320.00
  284671.000     0.997266      3387539       365.71
  291071.000     0.997656      3388871       426.67
  299263.000     0.998047      3390200       512.00
  302847.000     0.998242      3390871       568.89
  306431.000     0.998437      3391534       640.00
  310783.000     0.998633      3392160       731.43
  315903.000     0.998828      3392844       853.33
  319999.000     0.999023      3393491      1024.00
  322303.000     0.999121      3393835      1137.78
  325375.000     0.999219      3394154      1280.00
  329471.000     0.999316      3394490      1462.86
  336383.000     0.999414      3394817      1706.67
  341759.000     0.999512      3395150      2048.00
  344831.000     0.999561      3395314      2275.56
  347647.000     0.999609      3395490      2560.00
  349951.000     0.999658      3395644      2925.71
  353023.000     0.999707      3395817      3413.33
  359935.000     0.999756      3395978      4096.00
  364287.000     0.999780      3396058      4551.11
  368383.000     0.999805      3396140      5120.00
  370431.000     0.999829      3396223      5851.43
  372223.000     0.999854      3396309      6826.67
  374783.000     0.999878      3396395      8192.00
  376319.000     0.999890      3396438      9102.22
  377599.000     0.999902      3396475     10240.00
  379135.000     0.999915      3396519     11702.86
  380159.000     0.999927      3396558     13653.33
  381439.000     0.999939      3396597     16384.00
  383487.000     0.999945      3396617     18204.44
  387327.000     0.999951      3396638     20480.00
  392191.000     0.999957      3396661     23405.71
  394495.000     0.999963      3396679     27306.67
  415999.000     0.999969      3396700     32768.00
  419583.000     0.999973      3396710     36408.89
  515583.000     0.999976      3396721     40960.00
  521727.000     0.999979      3396731     46811.43
  524799.000     0.999982      3396741     54613.33
  527871.000     0.999985      3396753     65536.00
  528895.000     0.999986      3396759     72817.78
  529407.000     0.999988      3396767     81920.00
  529407.000     0.999989      3396767     93622.86
  529919.000     0.999991      3396772    109226.67
  530943.000     0.999992      3396783    131072.00
  530943.000     0.999993      3396783    145635.56
  530943.000     0.999994      3396783    163840.00
  531455.000     0.999995      3396786    187245.71
  531967.000     0.999995      3396792    218453.33
  531967.000     0.999996      3396792    262144.00
  531967.000     0.999997      3396792    291271.11
  532479.000     0.999997      3396794    327680.00
  532479.000     0.999997      3396794    374491.43
  534015.000     0.999998      3396799    436906.67
  534015.000     0.999998      3396799    524288.00
  534015.000     0.999998      3396799    582542.22
  534015.000     0.999998      3396799    655360.00
  534015.000     0.999999      3396799    748982.86
  534527.000     0.999999      3396800    873813.33
  534527.000     0.999999      3396800   1048576.00
  535039.000     0.999999      3396801   1165084.44
  535039.000     0.999999      3396801   1310720.00
  535039.000     0.999999      3396801   1497965.71
  536575.000     0.999999      3396802   1747626.67
  536575.000     1.000000      3396802   2097152.00
  536575.000     1.000000      3396802   2330168.89
  536575.000     1.000000      3396802   2621440.00
  536575.000     1.000000      3396802   2995931.43
  537087.000     1.000000      3396803   3495253.33
  537087.000     1.000000      3396803          inf
#[Mean    =    22113.491, StdDeviation   =    35414.586]
#[Max     =   537087.000, Total count    =      3396803]
#[Buckets =           10, SubBuckets     =         2048]
