       Value   Percentile   TotalCount 1/(1-Percentile)

      80.000     0.000000            1         1.00
    1700.000     0.100000      1410137         1.11
    2161.000     0.200000      2822171         1.25
    2445.000     0.300000      4233591         1.43
    2713.000     0.400000      5639539         1.67
    3035.000     0.500000      7051447         2.00
    3239.000     0.550000      7753519         2.22
    3475.000     0.600000      8458840         2.50
    3739.000     0.650000      9160624         2.86
    4055.000     0.700000      9864596         3.33
    4483.000     0.750000     10567764         4.00
    4755.000     0.775000     10923361         4.44
    5067.000     0.800000     11273368         5.00
    5487.000     0.825000     11624638         5.71
    6291.000     0.850000     11976627         6.67
    7747.000     0.875000     12329472         8.00
    8623.000     0.887500     12505467         8.89
    9719.000     0.900000     12681847        10.00
   11399.000     0.912500     12857933        11.43
   13327.000     0.925000     13033406        13.33
   15263.000     0.937500     13209931        16.00
   16399.000     0.943750     13297664        17.78
   18015.000     0.950000     13385771        20.00
   19951.000     0.956250     13474456        22.86
   21759.000     0.962500     13562071        26.67
   23695.000     0.968750     13650153        32.00
   24751.000     0.971875     13694265        35.56
   26079.000     0.975000     13737904        40.00
   27871.000     0.978125     13781991        45.71
   29967.000     0.981250     13826133        53.33
   32447.000     0.984375     13870159        64.00
   33983.000     0.985938     13892410        71.11
   36479.000     0.987500     13914021        80.00
   39967.000     0.989062     13936032        91.43
   42783.000     0.990625     13958208       106.67
   46687.000     0.992188     13980086       128.00
   49951.000     0.992969     13991073       142.22
   54271.000     0.993750     14002151       160.00
   58719.000     0.994531     14013144       182.86
   62047.000     0.995313     14024132       213.33
   68927.000     0.996094     14035116       256.00
   72639.000     0.996484     14040673       284.44
   77055.000     0.996875     14046125       320.00
   82239.000     0.997266     14051651       365.71
   85503.000     0.997656     14057185       426.67
   89535.000     0.998047     14062661       512.00
   92095.000     0.998242     14065398       568.89
   94463.000     0.998437     14068165       640.00
   97215.000     0.998633     14070910       731.43
  100991.000     0.998828     14073643       853.33
  104447.000     0.999023     14076403      1024.00
  107711.000     0.999121     14077761      1137.78
  111807.000     0.999219     14079152      1280.00
  116095.000     0.999316     14080519      1462.86
  121215.000     0.999414     14081893      1706.67
  127935.000     0.999512     14083268      2048.00
  131839.000     0.999561     14083957      2275.56
  137343.000     0.999609     14084642      2560.00
  143231.000     0.999658     14085330      2925.71
  147071.000     0.999707     14086015      3413.33
  150015.000     0.999756     14086732      4096.00
  151423.000     0.999780     14087050      4551.11
  153215.000     0.999805     14087413      5120.00
  155007.000     0.999829     14087752      5851.43
  156927.000     0.999854     14088095      6826.67
  159487.000     0.999878     14088423      8192.00
  161151.000     0.999890     14088602      9102.22
  162431.000     0.999902     14088773     10240.00
  163583.000     0.999915     14088946     11702.86
  164607.000     0.999927     14089117     13653.33
  165887.000     0.999939     14089295     16384.00
  166655.000     0.999945     14089375     18204.44
  167551.000     0.999951     14089464     20480.00
  168575.000     0.999957     14089548     23405.71
  169727.000     0.999963     14089629     27306.67
  171007.000     0.999969     14089713     32768.00
  171903.000     0.999973     14089763     36408.89
  173055.000     0.999976     14089804     40960.00
  175231.000     0.999979     14089843     46811.43
  181759.000     0.999982     14089886     54613.33
  187007.000     0.999985     14089928     65536.00
  189951.000     0.999986     14089950     72817.78
  191871.000     0.999988     14089971     81920.00
  196223.000     0.999989     14089992     93622.86
  215423.000     0.999991     14090014    109226.67
  225279.000     0.999992     14090036    131072.00
  233215.000     0.999993     14090046    145635.56
  241919.000     0.999994     14090057    163840.00
  253311.000     0.999995     14090067    187245.71
  261119.000     0.999995     14090078    218453.33
  274943.000     0.999996     14090089    262144.00
  282367.000     0.999997     14090094    291271.11
  288255.000     0.999997     14090101    327680.00
  292095.000     0.999997     14090105    374491.43
  294911.000     0.999998     14090110    436906.67
  297471.000     0.999998     14090116    524288.00
  297983.000     0.999998     14090118    582542.22
  299775.000     0.999998     14090121    655360.00
  300799.000     0.999999     14090125    748982.86
  301823.000     0.999999     14090126    873813.33
  304895.000     0.999999     14090129   1048576.00
  305407.000     0.999999     14090130   1165084.44
  306943.000     0.999999     14090132   1310720.00
  307455.000     0.999999     14090133   1497965.71
  307711.000     0.999999     14090134   1747626.67
  310271.000     1.000000     14090136   2097152.00
  310271.000     1.000000     14090136   2330168.89
  312831.000     1.000000     14090137   2621440.00
  313343.000     1.000000     14090138   2995931.43
  313343.000     1.000000     14090138   3495253.33
  313855.000     1.000000     14090139   4194304.00
  313855.000     1.000000     14090139   4660337.78
  322047.000     1.000000     14090140   5242880.00
  322047.000     1.000000     14090140   5991862.86
  322047.000     1.000000     14090140   6990506.67
  322815.000     1.000000     14090141   8388608.00
  322815.000     1.000000     14090141   9320675.55
  322815.000     1.000000     14090141  10485760.00
  322815.000     1.000000     14090141  11983725.71
  322815.000     1.000000     14090141  13981013.34
  388863.000     1.000000     14090142  16777216.00
  388863.000     1.000000     14090142          inf
#[Mean    =     5309.559, StdDeviation   =     8740.565]
#[Max     =   388863.000, Total count    =     14090142]
#[Buckets =            9, SubBuckets     =         2048]
