       Value   Percentile   TotalCount 1/(1-Percentile)

     102.000     0.000000            1         1.00
     808.000     0.100000       146794         1.11
    2331.000     0.200000       293470         1.25
    6267.000     0.300000       440193         1.43
   11103.000     0.400000       586819         1.67
   17679.000     0.500000       733517         2.00
   22527.000     0.550000       806989         2.22
   29215.000     0.600000       880221         2.50
   40159.000     0.650000       953590         2.86
   59647.000     0.700000      1026960         3.33
   73727.000     0.750000      1100205         4.00
   84223.000     0.775000      1136942         4.44
   98815.000     0.800000      1173589         5.00
  113727.000     0.825000      1210289         5.71
  128447.000     0.850000      1246910         6.67
  142847.000     0.875000      1283579         8.00
  150911.000     0.887500      1302149         8.89
  160511.000     0.900000      1320453        10.00
  171647.000     0.912500      1338798        11.43
  182911.000     0.925000      1357061        13.33
  193407.000     0.937500      1375454        16.00
  198655.000     0.943750      1384571        17.78
  204031.000     0.950000      1393716        20.00
  209791.000     0.956250      1402968        22.86
  215295.000     0.962500      1412016        26.67
  221439.000     0.968750      1421259        32.00
  224895.000     0.971875      1425730        35.56
  228863.000     0.975000      1430275        40.00
  233343.000     0.978125      1434852        45.71
  238591.000     0.981250      1439463        53.33
  244735.000     0.984375      1444090        64.00
  248191.000     0.985938      1446373        71.11
  251903.000     0.987500      1448681        80.00
  256127.000     0.989062      1450931        91.43
  260863.000     0.990625      1453237       106.67
  266495.000     0.992188      1455502       128.00
  269567.000     0.992969      1456696       142.22
  272895.000     0.993750      1457842       160.00
  276735.000     0.994531      1458982       182.86
  280831.000     0.995313      1460085       213.33
  285695.000     0.996094      1461248       256.00
  288255.000     0.996484      1461826       284.44
  290815.000     0.996875      1462374       320.00
  293887.000     0.997266      1462968       365.71
  297215.000     0.997656      1463531       426.67
  301567.000     0.998047      1464104       512.00
  303871.000     0.998242      1464377       568.89
  306175.000     0.998437      1464667       640.00
  308991.000     0.998633      1464937       731.43
  312575.000     0.998828      1465231       853.33
  316415.000     0.999023      1465510      1024.00
  318719.000     0.999121      1465652      1137.78
  321279.000     0.999219      1465801      1280.00
  324351.000     0.999316      1465946      1462.86
  328191.000     0.999414      1466088      1706.67
  333055.000     0.999512      1466231      2048.00
  335103.000     0.999561      1466297      2275.56
  338175.000     0.999609      1466367      2560.00
  340991.000     0.999658      1466438      2925.71
  346367.000     0.999707      1466511      3413.33
  352767.000     0.999756      1466581      4096.00
  355839.000     0.999780      1466617      4551.11
  358143.000     0.999805      1466655      5120.00
  362751.000     0.999829      1466689      5851.43
  367359.000     0.999854      1466725      6826.67
  371455.000     0.999878      1466760      8192.00
  374015.000     0.999890      1466778      9102.22
  376831.000     0.999902      1466798     10240.00
  379391.000     0.999915      1466814     11702.86
  381951.000     0.999927      1466832     13653.33
  385791.000     0.999939      1466853     16384.00
  387327.000     0.999945      1466860     18204.44
  389631.000     0.999951      1466870     20480.00
  391679.000     0.999957      1466878     23405.71
  394239.000     0.999963      1466888     27306.67
  398079.000     0.999969      1466895     32768.00
  400639.000     0.999973      1466899     36408.89
  402175.000     0.999976      1466907     40960.00
  403199.000     0.999979      1466908     46811.43
  404735.000     0.999982      1466914     54613.33
  407551.000     0.999985      1466917     65536.00
  407807.000     0.999986      1466920     72817.78
  408575.000     0.999988      1466922     81920.00
  409087.000     0.999989      1466924     93622.86
  409855.000     0.999991      1466927    109226.67
  414207.000     0.999992      1466928    131072.00
  414463.000     0.999993      1466929    145635.56
  421119.000     0.999994      1466931    163840.00
  424191.000     0.999995      1466932    187245.71
  424959.000     0.999995      1466933    218453.33
  427775.000     0.999996      1466934    262144.00
  427775.000     0.999997      1466934    291271.11
  432895.000     0.999997      1466936    327680.00
  432895.000     0.999997      1466936    374491.43
  432895.000     0.999998      1466936    436906.67
  434175.000     0.999998      1466937    524288.00
  434175.000     0.999998      1466937    582542.22
  434175.000     0.999998      1466937    655360.00
  442111.000     0.999999      1466938    748982.86
  442111.000     0.999999      1466938    873813.33
  442111.000     0.999999      1466938   1048576.00
  442111.000     0.999999      1466938   1165084.44
  442111.000     0.999999      1466938   1310720.00
  447743.000     0.999999      1466939   1497965.71
  447743.000     1.000000      1466939          inf
#[Mean    =    50796.694, StdDeviation   =    67015.731]
#[Max     =   447743.000, Total count    =      1466939]
#[Buckets =            9, SubBuckets     =         2048]
