       Value   Percentile   TotalCount 1/(1-Percentile)

    6111.000     0.000000            1         1.00
   10799.000     0.100000        82559         1.11
   11015.000     0.200000       166699         1.25
   11183.000     0.300000       247819         1.43
   11351.000     0.400000       329953         1.67
   11535.000     0.500000       412377         2.00
   11647.000     0.550000       454832         2.22
   11775.000     0.600000       495613         2.50
   11943.000     0.650000       536517         2.86
   12191.000     0.700000       578021         3.33
   12575.000     0.750000       619259         4.00
   12807.000     0.775000       639409         4.44
   13079.000     0.800000       660191         5.00
   13359.000     0.825000       680449         5.71
   13647.000     0.850000       701307         6.67
   13951.000     0.875000       721622         8.00
   14111.000     0.887500       731911         8.89
   14279.000     0.900000       742076        10.00
   14431.000     0.912500       752673        11.43
   14591.000     0.925000       763120        13.33
   14743.000     0.937500       773083        16.00
   14839.000     0.943750       778446        17.78
   14935.000     0.950000       783471        20.00
   15055.000     0.956250       788769        22.86
   15183.000     0.962500       793633        26.67
   15391.000     0.968750       798853        32.00
   15535.000     0.971875       801422        35.56
   15687.000     0.975000       803940        40.00
   15895.000     0.978125       806533        45.71
   16127.000     0.981250       809137        53.33
   16591.000     0.984375       811757        64.00
   16847.000     0.985938       813040        71.11
   17071.000     0.987500       814239        80.00
   17423.000     0.989062       815501        91.43
   17791.000     0.990625       816803       106.67
   18127.000     0.992188       818116       128.00
   18271.000     0.992969       818730       142.22
   18447.000     0.993750       819375       160.00
   18671.000     0.994531       820039       182.86
   18927.000     0.995313       820675       213.33
   19535.000     0.996094       821303       256.00
   20111.000     0.996484       821619       284.44
   20351.000     0.996875       821940       320.00
   20767.000     0.997266       822265       365.71
   21567.000     0.997656       822618       426.67
   22319.000     0.998047       822908       512.00
   23215.000     0.998242       823069       568.89
   23695.000     0.998437       823234       640.00
   24415.000     0.998633       823391       731.43
   25407.000     0.998828       823555       853.33
   26111.000     0.999023       823714      1024.00
   26703.000     0.999121       823794      1137.78
   26959.000     0.999219       823873      1280.00
   27247.000     0.999316       823953      1462.86
   27711.000     0.999414       824036      1706.67
   28095.000     0.999512       824114      2048.00
   28703.000     0.999561       824155      2275.56
   28959.000     0.999609       824197      2560.00
   29183.000     0.999658       824238      2925.71
   31583.000     0.999707       824276      3413.33
   32927.000     0.999756       824317      4096.00
   34687.000     0.999780       824339      4551.11
   36895.000     0.999805       824355      5120.00
   37759.000     0.999829       824377      5851.43
   37887.000     0.999854       824397      6826.67
   38111.000     0.999878       824420      8192.00
   38143.000     0.999890       824427      9102.22
   38271.000     0.999902       824437     10240.00
   38335.000     0.999915       824448     11702.86
   38367.000     0.999927       824456     13653.33
   38655.000     0.999939       824469     16384.00
   38687.000     0.999945       824473     18204.44
   38719.000     0.999951       824477     20480.00
   51295.000     0.999957       824483     23405.71
   51327.000     0.999963       824486     27306.67
   51391.000     0.999969       824494     32768.00
   51391.000     0.999973       824494     36408.89
   51423.000     0.999976       824497     40960.00
   51455.000     0.999979       824504     46811.43
   51455.000     0.999982       824504     54613.33
   51455.000     0.999985       824504     65536.00
   51487.000     0.999986       824512     72817.78
   51487.000     0.999988       824512     81920.00
   51487.000     0.999989       824512     93622.86
   51487.000     0.999991       824512    109226.67
   51487.000     0.999992       824512    131072.00
   51487.000     0.999993       824512    145635.56
   51487.000     0.999994       824512    163840.00
   51487.000     0.999995       824512    187245.71
   51519.000     0.999995       824515    218453.33
   51519.000     0.999996       824515    262144.00
   51519.000     0.999997       824515    291271.11
   51519.000     0.999997       824515    327680.00
   51519.000     0.999997       824515    374491.43
   51519.000     0.999998       824515    436906.67
   51519.000     0.999998       824515    524288.00
   51519.000     0.999998       824515    582542.22
   51519.000     0.999998       824515    655360.00
   51519.000     0.999999       824515    748982.86
   51551.000     0.999999       824516    873813.33
   51551.000     1.000000       824516          inf
#[Mean    =    12076.431, StdDeviation   =     1629.301]
#[Max     =    51551.000, Total count    =       824516]
#[Buckets =            6, SubBuckets     =         2048]
