       Value   Percentile   TotalCount 1/(1-Percentile)

      93.000     0.000000            1         1.00
     462.000     0.100000       829844         1.11
     654.000     0.200000      1660541         1.25
     880.000     0.300000      2491888         1.43
    1169.000     0.400000      3318588         1.67
    1530.000     0.500000      4150049         2.00
    1736.000     0.550000      4564874         2.22
    1967.000     0.600000      4979393         2.50
    2235.000     0.650000      5393796         2.86
    2553.000     0.700000      5808065         3.33
    2939.000     0.750000      6223192         4.00
    3161.000     0.775000      6429811         4.44
    3411.000     0.800000      6638071         5.00
    3693.000     0.825000      6844750         5.71
    4021.000     0.850000      7052226         6.67
    4423.000     0.875000      7260895         8.00
    4663.000     0.887500      7364276         8.89
    4943.000     0.900000      7466900        10.00
    5283.000     0.912500      7570833        11.43
    5703.000     0.925000      7674166        13.33
    6259.000     0.937500      7777969        16.00
    6619.000     0.943750      7830063        17.78
    7055.000     0.950000      7881736        20.00
    7635.000     0.956250      7933587        22.86
    8455.000     0.962500      7985331        26.67
    9719.000     0.968750      8036987        32.00
   10671.000     0.971875      8063043        35.56
   11935.000     0.975000      8088875        40.00
   13887.000     0.978125      8114829        45.71
   17295.000     0.981250      8140799        53.33
   23039.000     0.984375      8166647        64.00
   27039.000     0.985938      8179590        71.11
   31983.000     0.987500      8192570        80.00
   37343.000     0.989062      8205566        91.43
   42431.000     0.990625      8218494       106.67
   50623.000     0.992188      8231456       128.00
   55071.000     0.992969      8237918       142.22
   60447.000     0.993750      8244405       160.00
   66559.000     0.994531      8250874       182.86
   75647.000     0.995313      8257372       213.33
   86079.000     0.996094      8263842       256.00
   91775.000     0.996484      8267100       284.44
   98367.000     0.996875      8270322       320.00
  108799.000     0.997266      8273561       365.71
  120063.000     0.997656      8276809       426.67
  132095.000     0.998047      8280052       512.00
  140159.000     0.998242      8281665       568.89
  152831.000     0.998437      8283295       640.00
  168447.000     0.998633      8284916       731.43
  187263.000     0.998828      8286524       853.33
  208383.000     0.999023      8288144      1024.00
  220415.000     0.999121      8288954      1137.78
  250495.000     0.999219      8289768      1280.00
  279039.000     0.999316      8290573      1462.86
  305663.000     0.999414      8291389      1706.67
  333823.000     0.999512      8292200      2048.00
  346623.000     0.999561      8292597      2275.56
  366847.000     0.999609      8293006      2560.00
  398079.000     0.999658      8293409      2925.71
  455167.000     0.999707      8293813      3413.33
  472319.000     0.999756      8294217      4096.00
  481023.000     0.999780      8294423      4551.11
  516607.000     0.999805      8294622      5120.00
  549887.000     0.999829      8294833      5851.43
  567295.000     0.999854      8295035      6826.67
  574975.000     0.999878      8295236      8192.00
  592895.000     0.999890      8295331      9102.22
  599551.000     0.999902      8295435     10240.00
  625151.000     0.999915      8295538     11702.86
  633343.000     0.999927      8295635     13653.33
  668671.000     0.999939      8295737     16384.00
  723967.000     0.999945      8295787     18204.44
  800767.000     0.999951      8295838     20480.00
  823295.000     0.999957      8295898     23405.71
 1073151.000     0.999963      8295942     27306.67
 1145855.000     0.999969      8295989     32768.00
 1149951.000     0.999973      8296023     36408.89
 1150975.000     0.999976      8296051     40960.00
 2310143.000     0.999979      8296065     46811.43
 2318335.000     0.999982      8296125     54613.33
 2318335.000     0.999985      8296125     65536.00
 2471935.000     0.999986      8296168     72817.78
 2471935.000     0.999988      8296168     81920.00
 2471935.000     0.999989      8296168     93622.86
 2471935.000     0.999991      8296168    109226.67
 2473983.000     0.999992      8296217    131072.00
 2473983.000     0.999993      8296217    145635.56
 2473983.000     0.999994      8296217    163840.00
 2473983.000     0.999995      8296217    187245.71
 2473983.000     0.999995      8296217    218453.33
 2473983.000     0.999996      8296217    262144.00
 2473983.000     0.999997      8296217    291271.11
 2473983.000     0.999997      8296217    327680.00
 2662399.000     0.999997      8296223    374491.43
 3033087.000     0.999998      8296230    436906.67
 3033087.000     0.999998      8296230    524288.00
 3033087.000     0.999998      8296230    582542.22
 3033087.000     0.999998      8296230    655360.00
 3035135.000     0.999999      8296231    748982.86
 3387391.000     0.999999      8296241    873813.33
 3387391.000     0.999999      8296241   1048576.00
 3387391.000     0.999999      8296241   1165084.44
 3387391.000     0.999999      8296241   1310720.00
 3387391.000     0.999999      8296241   1497965.71
 3387391.000     0.999999      8296241   1747626.67
 3387391.000     1.000000      8296241   2097152.00
 3387391.000     1.000000      8296241   2330168.89
 3387391.000     1.000000      8296241   2621440.00
 3387391.000     1.000000      8296241   2995931.43
 3387391.000     1.000000      8296241   3495253.33
 3387391.000     1.000000      8296241   4194304.00
 3387391.000     1.000000      8296241   4660337.78
 3387391.000     1.000000      8296241   5242880.00
 3387391.000     1.000000      8296241   5991862.86
 3387391.000     1.000000      8296241   6990506.67
 3389439.000     1.000000      8296242   8388608.00
 3389439.000     1.000000      8296242          inf
#[Mean    =     3475.300, StdDeviation   =    19390.403]
#[Max     =  3389439.000, Total count    =      8296242]
#[Buckets =           12, SubBuckets     =         2048]
