       Value   Percentile   TotalCount 1/(1-Percentile)

      52.000     0.000000            2         1.00
     161.000     0.100000       687438         1.11
     211.000     0.200000      1364684         1.25
     267.000     0.300000      2033908         1.43
     343.000     0.400000      2712813         1.67
     463.000     0.500000      3386124         2.00
     560.000     0.550000      3722945         2.22
     713.000     0.600000      4060655         2.50
     975.000     0.650000      4399256         2.86
    1390.000     0.700000      4737221         3.33
    2042.000     0.750000      5075253         4.00
    2567.000     0.775000      5244334         4.44
    3381.000     0.800000      5413433         5.00
    5307.000     0.825000      5582587         5.71
   13711.000     0.850000      5751819         6.67
   21935.000     0.875000      5921136         8.00
   39679.000     0.900000      6090302        10.00
   45279.000     0.912500      6175015        11.43
   49375.000     0.925000      6259671        13.33
   58815.000     0.937500      6343987        16.00
   65983.000     0.943750      6386358        17.78
   81343.000     0.950000      6428556        20.00
   88383.000     0.956250      6470677        22.86
   92479.000     0.962500      6513670        26.67
   95615.000     0.968750      6555542        32.00
   97151.000     0.971875      6577043        35.56
   98687.000     0.975000      6597670        40.00
  100479.000     0.978125      6619181        45.71
  102527.000     0.981250      6639946        53.33
  105023.000     0.984375      6661458        64.00
  108287.000     0.987500      6682291        80.00
  111423.000     0.989063      6692767        91.43
  115583.000     0.990625      6703411       106.67
  120191.000     0.992188      6713884       128.00
  124863.000     0.993750      6724546       160.00
  127231.000     0.994531      6729750       182.86
  129599.000     0.995313      6735100       213.33
  131967.000     0.996094      6740412       256.00
  133247.000     0.996484      6742995       284.44
  134911.000     0.996875      6745683       320.00
  136703.000     0.997266      6748284       365.71
  138623.000     0.997656      6750882       426.67
  141055.000     0.998047      6753559       512.00
  142463.000     0.998242      6754822       568.89
  144511.000     0.998437      6756205       640.00
  146943.000     0.998633      6757457       731.43
  149759.000     0.998828      6758805       853.33
  153215.000     0.999023      6760124      1024.00
  155647.000     0.999121      6760790      1137.78
  158079.000     0.999219      6761449      1280.00
  161151.000     0.999316      6762084      1462.86
  164607.000     0.999414      6762758      1706.67
  169599.000     0.999512      6763412      2048.00
  173567.000     0.999561      6763734      2275.56
  177407.000     0.999609      6764070      2560.00
  181375.000     0.999658      6764397      2925.71
  183423.000     0.999707      6764760      3413.33
  185343.000     0.999756      6765055      4096.00
  188543.000     0.999805      6765388      5120.00
  190207.000     0.999829      6765551      5851.43
  192255.000     0.999854      6765725      6826.67
  197631.000     0.999878      6765881      8192.00
  203135.000     0.999902      6766046     10240.00
  206463.000     0.999915      6766128     11702.86
  211071.000     0.999927      6766212     13653.33
  213759.000     0.999939      6766293     16384.00
  216831.000     0.999951      6766376     20480.00
  220543.000     0.999957      6766418     23405.71
  223743.000     0.999963      6766462     27306.67
  226815.000     0.999969      6766500     32768.00
  229759.000     0.999973      6766521     36408.89
  232959.000     0.999976      6766543     40960.00
  233983.000     0.999979      6766563     46811.43
  236159.000     0.999982      6766583     54613.33
  240255.000     0.999985      6766603     65536.00
  241919.000     0.999986      6766614     72817.78
  242943.000     0.999988      6766625     81920.00
  243455.000     0.999989      6766634     93622.86
  244607.000     0.999991      6766645    109226.67
  245631.000     0.999992      6766655    131072.00
  246399.000     0.999993      6766661    145635.56
  247167.000     0.999994      6766666    163840.00
  247807.000     0.999995      6766670    187245.71
  248703.000     0.999995      6766678    218453.33
  249215.000     0.999996      6766681    262144.00
  249343.000     0.999997      6766683    291271.11
  249855.000     0.999997      6766686    327680.00
  249983.000     0.999997      6766688    374491.43
  250111.000     0.999998      6766691    436906.67
  251391.000     0.999998      6766694    524288.00
  252031.000     0.999998      6766696    582542.22
  252031.000     0.999998      6766696    655360.00
  252159.000     0.999999      6766697    748982.86
  253311.000     0.999999      6766699    873813.33
  253823.000     0.999999      6766700   1048576.00
  254079.000     0.999999      6766703   1165084.44
  254079.000     0.999999      6766703   1310720.00
  254079.000     0.999999      6766703   1497965.71
  254079.000     0.999999      6766703   1747626.67
  254079.000     1.000000      6766703   2097152.00
  254847.000     1.000000      6766704   2330168.89
  254847.000     1.000000      6766704   2621440.00
  254847.000     1.000000      6766704   2995931.43
  256511.000     1.000000      6766705   3495253.33
  256511.000     1.000000      6766705   4194304.00
  256511.000     1.000000      6766705   4660337.78
  256511.000     1.000000      6766705   5242880.00
  256511.000     1.000000      6766705   5991862.86
  257663.000     1.000000      6766706   6990506.67
  257663.000     1.000000      6766706          inf
#[Mean    =     9789.886, StdDeviation   =    25155.579]
#[Max     =   257663.000, Total count    =      6766706]
#[Buckets =            8, SubBuckets     =         2048]
