       Value   Percentile   TotalCount 1/(1-Percentile)

      71.000     0.000000            1         1.00
     111.000     0.100000       142784         1.11
     118.000     0.200000       264900         1.25
     125.000     0.300000       410354         1.43
     131.000     0.400000       536966         1.67
     137.000     0.500000       655757         2.00
     141.000     0.550000       728906         2.22
     145.000     0.600000       795714         2.50
     149.000     0.650000       857142         2.86
     153.000     0.700000       911532         3.33
     159.000     0.750000       982159         4.00
     162.000     0.775000      1012857         4.44
     165.000     0.800000      1040526         5.00
     169.000     0.825000      1073100         5.71
     174.000     0.850000      1107690         6.67
     180.000     0.875000      1141492         8.00
     183.000     0.887500      1155884         8.89
     187.000     0.900000      1172273        10.00
     191.000     0.912500      1186326        11.43
     197.000     0.925000      1203745        13.33
     204.000     0.937500      1219475        16.00
     208.000     0.943750      1226555        17.78
     214.000     0.950000      1235569        20.00
     220.000     0.956250      1242707        22.86
     229.000     0.962500      1251074        26.67
     241.000     0.968750      1259247        32.00
     248.000     0.971875      1262822        35.56
     258.000     0.975000      1267145        40.00
     269.000     0.978125      1270977        45.71
     283.000     0.981250      1275117        53.33
     299.000     0.984375      1279075        64.00
     309.000     0.985938      1281299        71.11
     318.000     0.987500      1283118        80.00
     329.000     0.989062      1285304        91.43
     340.000     0.990625      1287201       106.67
     354.000     0.992188      1289334       128.00
     361.000     0.992969      1290312       142.22
     368.000     0.993750      1291240       160.00
     377.000     0.994531      1292331       182.86
     386.000     0.995313      1293289       213.33
     397.000     0.996094      1294343       256.00
     402.000     0.996484      1294803       284.44
     409.000     0.996875      1295333       320.00
     416.000     0.997266      1295815       365.71
     425.000     0.997656      1296368       426.67
     434.000     0.998047      1296849       512.00
     439.000     0.998242      1297081       568.89
     446.000     0.998437      1297375       640.00
     452.000     0.998633      1297586       731.43
     460.000     0.998828      1297869       853.33
     468.000     0.999023      1298097      1024.00
     474.000     0.999121      1298224      1137.78
     480.000     0.999219      1298355      1280.00
     487.000     0.999316      1298480      1462.86
     494.000     0.999414      1298604      1706.67
     504.000     0.999512      1298727      2048.00
     510.000     0.999561      1298788      2275.56
     516.000     0.999609      1298863      2560.00
     522.000     0.999658      1298918      2925.71
     531.000     0.999707      1298980      3413.33
     542.000     0.999756      1299042      4096.00
     549.000     0.999780      1299075      4551.11
     554.000     0.999805      1299108      5120.00
     560.000     0.999829      1299136      5851.43
     570.000     0.999854      1299168      6826.67
     585.000     0.999878      1299202      8192.00
     593.000     0.999890      1299218      9102.22
     598.000     0.999902      1299232     10240.00
     607.000     0.999915      1299247     11702.86
     618.000     0.999927      1299263     13653.33
     634.000     0.999939      1299280     16384.00
     642.000     0.999945      1299287     18204.44
     654.000     0.999951      1299296     20480.00
     663.000     0.999957      1299303     23405.71
     694.000     0.999963      1299312     27306.67
     711.000     0.999969      1299319     32768.00
     738.000     0.999973      1299323     36408.89
     789.000     0.999976      1299327     40960.00
     868.000     0.999979      1299331     46811.43
    1080.000     0.999982      1299335     54613.33
    1178.000     0.999985      1299339     65536.00
    1196.000     0.999986      1299341     72817.78
    1250.000     0.999988      1299343     81920.00
    1288.000     0.999989      1299345     93622.86
    1303.000     0.999991      1299347    109226.67
    1517.000     0.999992      1299349    131072.00
    1616.000     0.999993      1299350    145635.56
    1774.000     0.999994      1299351    163840.00
    1819.000     0.999995      1299352    187245.71
    1855.000     0.999995      1299353    218453.33
    1963.000     0.999996      1299354    262144.00
    1963.000     0.999997      1299354    291271.11
    2004.000     0.999997      1299355    327680.00
    2004.000     0.999997      1299355    374491.43
    2071.000     0.999998      1299356    436906.67
    2071.000     0.999998      1299356    524288.00
    2071.000     0.999998      1299356    582542.22
    2103.000     0.999998      1299357    655360.00
    2103.000     0.999999      1299357    748982.86
    2103.000     0.999999      1299357    873813.33
    2103.000     0.999999      1299357   1048576.00
    2103.000     0.999999      1299357   1165084.44
    3157.000     0.999999      1299358   1310720.00
    3157.000     1.000000      1299358          inf
#[Mean    =      146.461, StdDeviation   =       42.950]
#[Max     =     3157.000, Total count    =      1299358]
#[Buckets =            2, SubBuckets     =         2048]
