       Value   Percentile   TotalCount 1/(1-Percentile)

      51.000     0.000000            1         1.00
      68.000     0.100000       276019         1.11
      71.000     0.200000       541377         1.25
      73.000     0.300000       755282         1.43
      75.000     0.400000       975529         1.67
      77.000     0.500000      1183062         2.00
      79.000     0.550000      1365713         2.22
      80.000     0.600000      1447215         2.50
      81.000     0.650000      1522036         2.86
      83.000     0.700000      1651620         3.33
      85.000     0.750000      1760789         4.00
      87.000     0.775000      1852755         4.44
      88.000     0.800000      1893159         5.00
      89.000     0.825000      1931084         5.71
      91.000     0.850000      1997981         6.67
      93.000     0.875000      2055218         8.00
      94.000     0.887500      2080481         8.89
      95.000     0.900000      2103378        10.00
      97.000     0.912500      2143851        11.43
      98.000     0.925000      2161169        13.33
     100.000     0.937500      2190598        16.00
     101.000     0.943750      2203291        17.78
     103.000     0.950000      2224435        20.00
     104.000     0.956250      2233428        22.86
     106.000     0.962500      2248851        26.67
     109.000     0.968750      2266354        32.00
     110.000     0.971875      2271010        35.56
     112.000     0.975000      2279114        40.00
     114.000     0.978125      2285725        45.71
     116.000     0.981250      2291069        53.33
     120.000     0.984375      2299324        64.00
     122.000     0.985938      2302616        71.11
     124.000     0.987500      2305426        80.00
     127.000     0.989062      2309192        91.43
     130.000     0.990625      2312833       106.67
     133.000     0.992188      2316190       128.00
     135.000     0.992969      2318132       142.22
     137.000     0.993750      2320047       160.00
     139.000     0.994531      2321680       182.86
     141.000     0.995313      2323212       213.33
     144.000     0.996094      2325262       256.00
     145.000     0.996484      2325876       284.44
     147.000     0.996875      2327036       320.00
     149.000     0.997266      2328088       365.71
     151.000     0.997656      2328979       426.67
     153.000     0.998047      2329740       512.00
     154.000     0.998242      2330092       568.89
     156.000     0.998437      2330652       640.00
     157.000     0.998633      2330915       731.43
     159.000     0.998828      2331339       853.33
     162.000     0.999023      2331826      1024.00
     164.000     0.999121      2332117      1137.78
     165.000     0.999219      2332248      1280.00
     167.000     0.999316      2332474      1462.86
     170.000     0.999414      2332770      1706.67
     172.000     0.999512      2332944      2048.00
     173.000     0.999561      2333022      2275.56
     175.000     0.999609      2333140      2560.00
     178.000     0.999658      2333290      2925.71
     180.000     0.999707      2333372      3413.33
     184.000     0.999756      2333497      4096.00
     186.000     0.999780      2333569      4551.11
     187.000     0.999805      2333597      5120.00
     190.000     0.999829      2333674      5851.43
     192.000     0.999854      2333706      6826.67
     197.000     0.999878      2333772      8192.00
     200.000     0.999890      2333796      9102.22
     203.000     0.999902      2333832     10240.00
     206.000     0.999915      2333853     11702.86
     209.000     0.999927      2333879     13653.33
     214.000     0.999939      2333906     16384.00
     218.000     0.999945      2333926     18204.44
     221.000     0.999951      2333936     20480.00
     224.000     0.999957      2333953     23405.71
     226.000     0.999963      2333965     27306.67
     230.000     0.999969      2333977     32768.00
     233.000     0.999973      2333984     36408.89
     239.000     0.999976      2333993     40960.00
     242.000     0.999979      2333999     46811.43
     250.000     0.999982      2334005     54613.33
     266.000     0.999985      2334012     65536.00
     274.000     0.999986      2334016     72817.78
     284.000     0.999988      2334019     81920.00
     354.000     0.999989      2334023     93622.86
     371.000     0.999991      2334026    109226.67
     417.000     0.999992      2334031    131072.00
     417.000     0.999993      2334031    145635.56
     459.000     0.999994      2334033    163840.00
     466.000     0.999995      2334035    187245.71
     468.000     0.999995      2334037    218453.33
     475.000     0.999996      2334040    262144.00
     475.000     0.999997      2334040    291271.11
     475.000     0.999997      2334040    327680.00
     477.000     0.999997      2334041    374491.43
     478.000     0.999998      2334043    436906.67
     478.000     0.999998      2334043    524288.00
     478.000     0.999998      2334043    582542.22
     518.000     0.999998      2334044    655360.00
     518.000     0.999999      2334044    748982.86
     568.000     0.999999      2334045    873813.33
     568.000     0.999999      2334045   1048576.00
     568.000     0.999999      2334045   1165084.44
     581.000     0.999999      2334046   1310720.00
     581.000     0.999999      2334046   1497965.71
     581.000     0.999999      2334046   1747626.67
     581.000     1.000000      2334046   2097152.00
     581.000     1.000000      2334046   2330168.89
     615.000     1.000000      2334047   2621440.00
     615.000     1.000000      2334047          inf
#[Mean    =       80.167, StdDeviation   =       12.813]
#[Max     =      615.000, Total count    =      2334047]
#[Buckets =            1, SubBuckets     =         2048]
