       Value   Percentile   TotalCount 1/(1-Percentile)

      45.000     0.000000            5         1.00
      60.000     0.100000        37684         1.11
      73.000     0.200000        60090         1.25
      75.000     0.300000        85715         1.43
      98.000     0.400000       113753         1.67
     100.000     0.500000       150361         2.00
     101.000     0.550000       166463         2.22
     103.000     0.600000       172459         2.50
     111.000     0.650000       185027         2.86
     123.000     0.700000       199269         3.33
     126.000     0.750000       219075         4.00
     127.000     0.775000       233074         4.44
     127.000     0.800000       233074         5.00
     128.000     0.825000       252297         5.71
     128.000     0.850000       252297         6.67
     128.000     0.875000       252297         8.00
     128.000     0.887500       252297         8.89
     129.000     0.900000       260797        10.00
     129.000     0.912500       260797        11.43
     130.000     0.925000       264744        13.33
     131.000     0.937500       267603        16.00
     132.000     0.943750       270155        17.78
     132.000     0.950000       270155        20.00
     133.000     0.956250       272273        22.86
     134.000     0.962500       273920        26.67
     135.000     0.968750       275360        32.00
     136.000     0.971875       276733        35.56
     136.000     0.975000       276733        40.00
     137.000     0.978125       277950        45.71
     138.000     0.981250       278855        53.33
     139.000     0.984375       279614        64.00
     140.000     0.985938       280213        71.11
     141.000     0.987500       280649        80.00
     142.000     0.989062       280966        91.43
     143.000     0.990625       281187       106.67
     146.000     0.992188       281628       128.00
     148.000     0.992969       281803       142.22
     151.000     0.993750       282026       160.00
     155.000     0.994531       282220       182.86
     165.000     0.995313       282482       213.33
     169.000     0.996094       282756       256.00
     170.000     0.996484       282857       284.44
     171.000     0.996875       282973       320.00
     172.000     0.997266       283066       365.71
     173.000     0.997656       283126       426.67
     177.000     0.998047       283212       512.00
     180.000     0.998242       283281       568.89
     184.000     0.998437       283323       640.00
     196.000     0.998633       283380       731.43
     198.000     0.998828       283450       853.33
     199.000     0.999023       283492      1024.00
     201.000     0.999121       283531      1137.78
     203.000     0.999219       283547      1280.00
     206.000     0.999316       283573      1462.86
     210.000     0.999414       283603      1706.67
     217.000     0.999512       283627      2048.00
     221.000     0.999561       283643      2275.56
     225.000     0.999609       283657      2560.00
     228.000     0.999658       283672      2925.71
     230.000     0.999707       283681      3413.33
     233.000     0.999756       283696      4096.00
     236.000     0.999780       283704      4551.11
     239.000     0.999805       283712      5120.00
     240.000     0.999829       283716      5851.43
     244.000     0.999854       283725      6826.67
     245.000     0.999878       283730      8192.00
     248.000     0.999890       283735      9102.22
     249.000     0.999902       283737     10240.00
     251.000     0.999915       283743     11702.86
     252.000     0.999927       283744     13653.33
     253.000     0.999939       283747     16384.00
     255.000     0.999945       283750     18204.44
     256.000     0.999951       283751     20480.00
     258.000     0.999957       283752     23405.71
     262.000     0.999963       283754     27306.67
     264.000     0.999969       283758     32768.00
     264.000     0.999973       283758     36408.89
     264.000     0.999976       283758     40960.00
     264.000     0.999979       283758     46811.43
     266.000     0.999982       283759     54613.33
     268.000     0.999985       283760     65536.00
     280.000     0.999986       283761     72817.78
     280.000     0.999988       283761     81920.00
     280.000     0.999989       283761     93622.86
     283.000     0.999991       283762    109226.67
     283.000     0.999992       283762    131072.00
     351.000     0.999993       283763    145635.56
     351.000     0.999994       283763    163840.00
     351.000     0.999995       283763    187245.71
     351.000     0.999995       283763    218453.33
     351.000     0.999996       283763    262144.00
     510.000     0.999997       283764    291271.11
     510.000     1.000000       283764          inf
#[Mean    =       98.073, StdDeviation   =       26.817]
#[Max     =      510.000, Total count    =       283764]
#[Buckets =            1, SubBuckets     =         2048]
