       Value   Percentile   TotalCount 1/(1-Percentile)

     380.000     0.000000            1         1.00
    6223.000     0.100000       346691         1.11
    9007.000     0.200000       692561         1.25
   10271.000     0.300000      1039133         1.43
   12871.000     0.400000      1385983         1.67
   13551.000     0.500000      1732965         2.00
   15319.000     0.550000      1903751         2.22
   16703.000     0.600000      2078231         2.50
   19103.000     0.650000      2250128         2.86
   21551.000     0.700000      2423269         3.33
   23855.000     0.750000      2596520         4.00
   30639.000     0.775000      2682710         4.44
   33151.000     0.800000      2770361         5.00
   35071.000     0.825000      2857002         5.71
   36767.000     0.850000      2943195         6.67
   38527.000     0.875000      3028910         8.00
   39487.000     0.887500      3072984         8.89
   40447.000     0.900000      3115887        10.00
   41375.000     0.912500      3159834        11.43
   42335.000     0.925000      3202939        13.33
   44031.000     0.937500      3245100        16.00
   45791.000     0.943750      3266699        17.78
   47487.000     0.950000      3288329        20.00
   50975.000     0.956250      3310003        22.86
   56447.000     0.962500      3331642        26.67
   67135.000     0.968750      3353256        32.00
  107711.000     0.971875      3364020        35.56
  114239.000     0.975000      3375135        40.00
  114815.000     0.978125      3385935        45.71
  115199.000     0.981250      3397113        53.33
  115583.000     0.984375      3408898        64.00
  115775.000     0.985938      3414545        71.11
  115967.000     0.987500      3419700        80.00
  116159.000     0.989062      3424142        91.43
  116479.000     0.990625      3429564       106.67
  116991.000     0.992188      3434614       128.00
  117439.000     0.992969      3437085       142.22
  120447.000     0.993750      3439737       160.00
  131199.000     0.994531      3442450       182.86
  139647.000     0.995313      3445172       213.33
  147583.000     0.996094      3447846       256.00
  154111.000     0.996484      3449203       284.44
  160895.000     0.996875      3450537       320.00
  172415.000     0.997266      3451889       365.71
  183679.000     0.997656      3453260       426.67
  202623.000     0.998047      3454592       512.00
  214271.000     0.998242      3455274       568.89
  226815.000     0.998437      3455949       640.00
  240639.000     0.998633      3456620       731.43
  257151.000     0.998828      3457306       853.33
  280575.000     0.999023      3457981      1024.00
  292351.000     0.999121      3458310      1137.78
  306431.000     0.999219      3458649      1280.00
  318207.000     0.999316      3458991      1462.86
  330751.000     0.999414      3459332      1706.67
  348159.000     0.999512      3459672      2048.00
  357887.000     0.999561      3459832      2275.56
  365823.000     0.999609      3460004      2560.00
  377599.000     0.999658      3460170      2925.71
  391423.000     0.999707      3460343      3413.33
  403967.000     0.999756      3460512      4096.00
  408831.000     0.999780      3460593      4551.11
  415231.000     0.999805      3460676      5120.00
  425215.000     0.999829      3460767      5851.43
  430079.000     0.999854      3460848      6826.67
  440319.000     0.999878      3460931      8192.00
  447999.000     0.999890      3460976      9102.22
  452095.000     0.999902      3461016     10240.00
  463615.000     0.999915      3461059     11702.86
  466431.000     0.999927      3461099     13653.33
  478719.000     0.999939      3461144     16384.00
  481279.000     0.999945      3461163     18204.44
  484607.000     0.999951      3461183     20480.00
  494591.000     0.999957      3461206     23405.71
  500991.000     0.999963      3461226     27306.67
  515583.000     0.999969      3461248     32768.00
  517887.000     0.999973      3461257     36408.89
  521983.000     0.999976      3461273     40960.00
  528895.000     0.999979      3461279     46811.43
  532479.000     0.999982      3461289     54613.33
  537599.000     0.999985      3461300     65536.00
  538111.000     0.999986      3461306     72817.78
  541695.000     0.999988      3461311     81920.00
  543231.000     0.999989      3461317     93622.86
  544255.000     0.999991      3461321    109226.67
  545791.000     0.999992      3461327    131072.00
  546303.000     0.999993      3461329    145635.56
  590335.000     0.999994      3461331    163840.00
  590847.000     0.999995      3461335    187245.71
  599039.000     0.999995      3461337    218453.33
  622591.000     0.999996      3461340    262144.00
  623103.000     0.999997      3461341    291271.11
  625151.000     0.999997      3461342    327680.00
  626175.000     0.999997      3461343    374491.43
  627711.000     0.999998      3461345    436906.67
  649215.000     0.999998      3461346    524288.00
  649727.000     0.999998      3461347    582542.22
  649727.000     0.999998      3461347    655360.00
  650239.000     0.999999      3461348    748982.86
  654847.000     0.999999      3461349    873813.33
  654847.000     0.999999      3461349   1048576.00
  655359.000     0.999999      3461350   1165084.44
  655359.000     0.999999      3461350   1310720.00
  655359.000     0.999999      3461350   1497965.71
  656895.000     0.999999      3461352   1747626.67
  656895.000     1.000000      3461352          inf
#[Mean    =    21408.541, StdDeviation   =    24489.310]
#[Max     =   656895.000, Total count    =      3461352]
#[Buckets =           10, SubBuckets     =         2048]
