       Value   Percentile   TotalCount 1/(1-Percentile)

      47.000     0.000000            1         1.00
      52.000     0.100000        49213         1.11
      61.000     0.200000        92600         1.25
      62.000     0.300000       129994         1.43
      68.000     0.400000       172439         1.67
      75.000     0.500000       251963         2.00
      75.000     0.550000       251963         2.22
      76.000     0.600000       346484         2.50
      76.000     0.650000       346484         2.86
      76.000     0.700000       346484         3.33
      76.000     0.750000       346484         4.00
      76.000     0.775000       346484         4.44
      76.000     0.800000       346484         5.00
      77.000     0.825000       375076         5.71
      77.000     0.850000       375076         6.67
      78.000     0.875000       384178         8.00
      78.000     0.887500       384178         8.89
      79.000     0.900000       391384        10.00
      79.000     0.912500       391384        11.43
      80.000     0.925000       398176        13.33
      81.000     0.937500       404526        16.00
      82.000     0.943750       409481        17.78
      82.000     0.950000       409481        20.00
      83.000     0.956250       413558        22.86
      83.000     0.962500       413558        26.67
      84.000     0.968750       417150        32.00
      84.000     0.971875       417150        35.56
      85.000     0.975000       420071        40.00
      85.000     0.978125       420071        45.71
      86.000     0.981250       422296        53.33
      86.000     0.984375       422296        64.00
      87.000     0.985938       424003        71.11
      87.000     0.987500       424003        80.00
      88.000     0.989062       425178        91.43
      88.000     0.990625       425178       106.67
      89.000     0.992188       426028       128.00
      89.000     0.992969       426028       142.22
      90.000     0.993750       426653       160.00
      90.000     0.994531       426653       182.86
      91.000     0.995313       427059       213.33
      92.000     0.996094       427369       256.00
      92.000     0.996484       427369       284.44
      93.000     0.996875       427635       320.00
      94.000     0.997266       427820       365.71
      95.000     0.997656       427977       426.67
      96.000     0.998047       428123       512.00
      96.000     0.998242       428123       568.89
      97.000     0.998437       428227       640.00
      98.000     0.998633       428316       731.43
      99.000     0.998828       428391       853.33
     100.000     0.999023       428451      1024.00
     101.000     0.999121       428501      1137.78
     102.000     0.999219       428543      1280.00
     103.000     0.999316       428584      1462.86
     104.000     0.999414       428616      1706.67
     105.000     0.999512       428648      2048.00
     106.000     0.999561       428679      2275.56
     106.000     0.999609       428679      2560.00
     107.000     0.999658       428704      2925.71
     108.000     0.999707       428724      3413.33
     110.000     0.999756       428746      4096.00
     111.000     0.999780       428756      4551.11
     112.000     0.999805       428765      5120.00
     113.000     0.999829       428777      5851.43
     114.000     0.999854       428785      6826.67
     116.000     0.999878       428798      8192.00
     117.000     0.999890       428806      9102.22
     117.000     0.999902       428806     10240.00
     118.000     0.999915       428812     11702.86
     119.000     0.999927       428816     13653.33
     120.000     0.999939       428826     16384.00
     120.000     0.999945       428826     18204.44
     120.000     0.999951       428826     20480.00
     121.000     0.999957       428829     23405.71
     122.000     0.999963       428834     27306.67
     122.000     0.999969       428834     32768.00
     123.000     0.999973       428836     36408.89
     123.000     0.999976       428836     40960.00
     125.000     0.999979       428837     46811.43
     127.000     0.999982       428839     54613.33
     128.000     0.999985       428840     65536.00
     142.000     0.999986       428842     72817.78
     142.000     0.999988       428842     81920.00
     142.000     0.999989       428842     93622.86
     151.000     0.999991       428843    109226.67
     151.000     0.999992       428843    131072.00
     157.000     0.999993       428844    145635.56
     157.000     0.999994       428844    163840.00
     157.000     0.999995       428844    187245.71
     241.000     0.999995       428845    218453.33
     241.000     0.999996       428845    262144.00
     241.000     0.999997       428845    291271.11
     241.000     0.999997       428845    327680.00
     241.000     0.999997       428845    374491.43
     926.000     0.999998       428846    436906.67
     926.000     1.000000       428846          inf
#[Mean    =       69.551, StdDeviation   =       10.132]
#[Max     =      926.000, Total count    =       428846]
#[Buckets =            1, SubBuckets     =         2048]
