       Value   Percentile   TotalCount 1/(1-Percentile)

    4555.000     0.000000            1         1.00
   10103.000     0.100000        95290         1.11
   10335.000     0.200000       189645         1.25
   10487.000     0.300000       287231         1.43
   10583.000     0.400000       383907         1.67
   10663.000     0.500000       482547         2.00
   10695.000     0.550000       530381         2.22
   10719.000     0.600000       568693         2.50
   10751.000     0.650000       620995         2.86
   10775.000     0.700000       668939         3.33
   10799.000     0.750000       708343         4.00
   10823.000     0.775000       739763         4.44
   10847.000     0.800000       759147         5.00
   10879.000     0.825000       779305         5.71
   10935.000     0.850000       804765         6.67
   10999.000     0.875000       829025         8.00
   11031.000     0.887500       839762         8.89
   11063.000     0.900000       850959        10.00
   11095.000     0.912500       862011        11.43
   11135.000     0.925000       874565        13.33
   11183.000     0.937500       886560        16.00
   11207.000     0.943750       891777        17.78
   11231.000     0.950000       896735        20.00
   11271.000     0.956250       903480        22.86
   11327.000     0.962500       908672        26.67
   11671.000     0.968750       914369        32.00
   12447.000     0.971875       917308        35.56
   12967.000     0.975000       920260        40.00
   13447.000     0.978125       923213        45.71
   13855.000     0.981250       926218        53.33
   14079.000     0.984375       929227        64.00
   14167.000     0.985938       930713        71.11
   14239.000     0.987500       932193        80.00
   14295.000     0.989062       933719        91.43
   14343.000     0.990625       935022       106.67
   14407.000     0.992188       936524       128.00
   14439.000     0.992969       937346       142.22
   14471.000     0.993750       938082       160.00
   14503.000     0.994531       938847       182.86
   14535.000     0.995313       939533       213.33
   14567.000     0.996094       940171       256.00
   14591.000     0.996484       940583       284.44
   14615.000     0.996875       940985       320.00
   14639.000     0.997266       941273       365.71
   14671.000     0.997656       941651       426.67
   14727.000     0.998047       942025       512.00
   14791.000     0.998242       942198       568.89
   14927.000     0.998437       942384       640.00
   15415.000     0.998633       942602       731.43
   15959.000     0.998828       942793       853.33
   16375.000     0.999023       942942      1024.00
   16911.000     0.999121       943031      1137.78
   17663.000     0.999219       943118      1280.00
   17935.000     0.999316       943207      1462.86
   18047.000     0.999414       943376      1706.67
   18063.000     0.999512       943407      2048.00
   18095.000     0.999561       943440      2275.56
   18143.000     0.999609       943487      2560.00
   18255.000     0.999658       943547      2925.71
   18303.000     0.999707       943583      3413.33
   18335.000     0.999756       943632      4096.00
   18415.000     0.999780       943657      4551.11
   18431.000     0.999805       943682      5120.00
   18447.000     0.999829       943696      5851.43
   18511.000     0.999854       943750      6826.67
   18511.000     0.999878       943750      8192.00
   18511.000     0.999890       943750      9102.22
   18527.000     0.999902       943760     10240.00
   18575.000     0.999915       943776     11702.86
   18591.000     0.999927       943822     13653.33
   18591.000     0.999939       943822     16384.00
   18591.000     0.999945       943822     18204.44
   18591.000     0.999951       943822     20480.00
   18591.000     0.999957       943822     23405.71
   18591.000     0.999963       943822     27306.67
   18607.000     0.999969       943824     32768.00
   18639.000     0.999973       943834     36408.89
   18639.000     0.999976       943834     40960.00
   18639.000     0.999979       943834     46811.43
   18639.000     0.999982       943834     54613.33
   18671.000     0.999985       943850     65536.00
   18671.000     0.999986       943850     72817.78
   18671.000     0.999988       943850     81920.00
   18671.000     0.999989       943850     93622.86
   18671.000     0.999991       943850    109226.67
   18671.000     0.999992       943850    131072.00
   18671.000     0.999993       943850    145635.56
   18671.000     0.999994       943850    163840.00
   18671.000     0.999995       943850    187245.71
   18671.000     0.999995       943850    218453.33
   18671.000     0.999996       943850    262144.00
   18671.000     0.999997       943850    291271.11
   18671.000     0.999997       943850    327680.00
   18671.000     0.999997       943850    374491.43
   18671.000     0.999998       943850    436906.67
   18671.000     0.999998       943850    524288.00
   18671.000     0.999998       943850    582542.22
   18671.000     0.999998       943850    655360.00
   18671.000     0.999999       943850    748982.86
   18671.000     0.999999       943850    873813.33
   18687.000     0.999999       943851   1048576.00
   18687.000     1.000000       943851          inf
#[Mean    =    10584.579, StdDeviation   =      961.547]
#[Max     =    18687.000, Total count    =       943851]
#[Buckets =            5, SubBuckets     =         2048]
