       Value   Percentile   TotalCount 1/(1-Percentile)

    3517.000     0.000000            5         1.00
    9591.000     0.100000       103168         1.11
    9815.000     0.200000       204824         1.25
    9903.000     0.300000       312014         1.43
    9943.000     0.400000       409929         1.67
    9967.000     0.500000       511858         2.00
    9983.000     0.550000       600633         2.22
    9991.000     0.600000       649374         2.50
    9999.000     0.650000       693063         2.86
   10007.000     0.700000       732236         3.33
   10015.000     0.750000       768072         4.00
   10023.000     0.775000       795818         4.44
   10031.000     0.800000       818593         5.00
   10047.000     0.825000       848153         5.71
   10063.000     0.850000       868536         6.67
   10095.000     0.875000       894572         8.00
   10111.000     0.887500       904559         8.89
   10135.000     0.900000       917720        10.00
   10167.000     0.912500       930839        11.43
   10199.000     0.925000       941687        13.33
   10255.000     0.937500       954722        16.00
   10287.000     0.943750       961402        17.78
   10319.000     0.950000       966745        20.00
   10351.000     0.956250       972979        22.86
   10391.000     0.962500       980700        26.67
   10415.000     0.968750       986124        32.00
   10431.000     0.971875       989319        35.56
   10455.000     0.975000       992539        40.00
   10479.000     0.978125       995448        45.71
   10527.000     0.981250       998475        53.33
   10647.000     0.984375      1001426        64.00
   10695.000     0.985938      1003228        71.11
   10807.000     0.987500      1004611        80.00
   11759.000     0.989062      1006193        91.43
   12199.000     0.990625      1007825       106.67
   12695.000     0.992188      1009416       128.00
   12927.000     0.992969      1010162       142.22
   13087.000     0.993750      1010981       160.00
   13215.000     0.994531      1011786       182.86
   13319.000     0.995313      1012606       213.33
   13407.000     0.996094      1013413       256.00
   13455.000     0.996484      1013752       284.44
   13551.000     0.996875      1014157       320.00
   13599.000     0.997266      1014558       365.71
   13791.000     0.997656      1014954       426.67
   14031.000     0.998047      1015334       512.00
   14143.000     0.998242      1015531       568.89
   14223.000     0.998437      1015738       640.00
   14311.000     0.998633      1015928       731.43
   14415.000     0.998828      1016131       853.33
   14647.000     0.999023      1016327      1024.00
   14663.000     0.999121      1016482      1137.78
   14759.000     0.999219      1016526      1280.00
   14855.000     0.999316      1016626      1462.86
   14951.000     0.999414      1016733      1706.67
   15135.000     0.999512      1016823      2048.00
   15223.000     0.999561      1016867      2275.56
   15455.000     0.999609      1016918      2560.00
   15471.000     0.999658      1016971      2925.71
   15559.000     0.999707      1017026      3413.33
   15671.000     0.999756      1017073      4096.00
   15711.000     0.999780      1017095      4551.11
   15727.000     0.999805      1017119      5120.00
   15767.000     0.999829      1017164      5851.43
   15775.000     0.999854      1017167      6826.67
   15799.000     0.999878      1017197      8192.00
   15807.000     0.999890      1017219      9102.22
   15807.000     0.999902      1017219     10240.00
   15823.000     0.999915      1017234     11702.86
   15831.000     0.999927      1017240     13653.33
   15871.000     0.999939      1017276     16384.00
   15871.000     0.999945      1017276     18204.44
   15871.000     0.999951      1017276     20480.00
   15871.000     0.999957      1017276     23405.71
   15879.000     0.999963      1017284     27306.67
   15879.000     0.999969      1017284     32768.00
   15887.000     0.999973      1017294     36408.89
   15887.000     0.999976      1017294     40960.00
   15887.000     0.999979      1017294     46811.43
   16255.000     0.999982      1017301     54613.33
   16255.000     0.999985      1017301     65536.00
   16255.000     0.999986      1017301     72817.78
   16287.000     0.999988      1017302     81920.00
   16327.000     0.999989      1017304     93622.86
   16335.000     0.999991      1017307    109226.67
   16335.000     0.999992      1017307    131072.00
   16351.000     0.999993      1017314    145635.56
   16351.000     1.000000      1017314          inf
#[Mean    =     9822.903, StdDeviation   =      821.196]
#[Max     =    16351.000, Total count    =      1017314]
#[Buckets =            4, SubBuckets     =         2048]
