       Value   Percentile   TotalCount 1/(1-Percentile)

      62.000     0.000000            2         1.00
     107.000     0.100000       281730         1.11
     116.000     0.200000       539303         1.25
     124.000     0.300000       827450         1.43
     131.000     0.400000      1101295         1.67
     138.000     0.500000      1356450         2.00
     142.000     0.550000      1490167         2.22
     147.000     0.600000      1642653         2.50
     151.000     0.650000      1751711         2.86
     157.000     0.700000      1895937         3.33
     163.000     0.750000      2017853         4.00
     167.000     0.775000      2089075         4.44
     171.000     0.800000      2153803         5.00
     176.000     0.825000      2225206         5.71
     181.000     0.850000      2288586         6.67
     188.000     0.875000      2362805         8.00
     191.000     0.887500      2389863         8.89
     195.000     0.900000      2422748        10.00
     200.000     0.912500      2458777        11.43
     205.000     0.925000      2489689        13.33
     212.000     0.937500      2526426        16.00
     215.000     0.943750      2539762        17.78
     219.000     0.950000      2556188        20.00
     224.000     0.956250      2574003        22.86
     229.000     0.962500      2589338        26.67
     236.000     0.968750      2607320        32.00
     240.000     0.971875      2616064        35.56
     244.000     0.975000      2623949        40.00
     249.000     0.978125      2632759        45.71
     254.000     0.981250      2640439        53.33
     260.000     0.984375      2648439        64.00
     264.000     0.985938      2652949        71.11
     268.000     0.987500      2657003        80.00
     273.000     0.989062      2661352        91.43
     278.000     0.990625      2665128       106.67
     285.000     0.992188      2669525       128.00
     289.000     0.992969      2671588       142.22
     293.000     0.993750      2673430       160.00
     299.000     0.994531      2675785       182.86
     305.000     0.995313      2677793       213.33
     312.000     0.996094      2679710       256.00
     317.000     0.996484      2680844       284.44
     322.000     0.996875      2681811       320.00
     328.000     0.997266      2682908       365.71
     335.000     0.997656      2683926       426.67
     344.000     0.998047      2684978       512.00
     349.000     0.998242      2685528       568.89
     354.000     0.998437      2685999       640.00
     361.000     0.998633      2686572       731.43
     369.000     0.998828      2687063       853.33
     379.000     0.999023      2687598      1024.00
     384.000     0.999121      2687833      1137.78
     391.000     0.999219      2688103      1280.00
     399.000     0.999316      2688374      1462.86
     409.000     0.999414      2688635      1706.67
     421.000     0.999512      2688893      2048.00
     428.000     0.999561      2689021      2275.56
     437.000     0.999609      2689161      2560.00
     445.000     0.999658      2689277      2925.71
     456.000     0.999707      2689416      3413.33
     466.000     0.999756      2689538      4096.00
     474.000     0.999780      2689604      4551.11
     482.000     0.999805      2689671      5120.00
     494.000     0.999829      2689738      5851.43
     506.000     0.999854      2689801      6826.67
     518.000     0.999878      2689869      8192.00
     527.000     0.999890      2689901      9102.22
     536.000     0.999902      2689933     10240.00
     545.000     0.999915      2689966     11702.86
     560.000     0.999927      2689998     13653.33
     575.000     0.999939      2690029     16384.00
     586.000     0.999945      2690046     18204.44
     600.000     0.999951      2690062     20480.00
     610.000     0.999957      2690079     23405.71
     621.000     0.999963      2690095     27306.67
     643.000     0.999969      2690112     32768.00
     652.000     0.999973      2690120     36408.89
     663.000     0.999976      2690129     40960.00
     674.000     0.999979      2690136     46811.43
     705.000     0.999982      2690144     54613.33
     728.000     0.999985      2690152     65536.00
     751.000     0.999986      2690157     72817.78
     804.000     0.999988      2690161     81920.00
    1177.000     0.999989      2690165     93622.86
    1758.000     0.999991      2690169    109226.67
    1901.000     0.999992      2690173    131072.00
    2105.000     0.999993      2690175    145635.56
    3123.000     0.999994      2690177    163840.00
    3127.000     0.999995      2690179    187245.71
    3845.000     0.999995      2690181    218453.33
    3899.000     0.999996      2690183    262144.00
    4031.000     0.999997      2690184    291271.11
    4095.000     0.999997      2690185    327680.00
    4251.000     0.999997      2690186    374491.43
    4391.000     0.999998      2690187    436906.67
    4415.000     0.999998      2690188    524288.00
    4591.000     0.999998      2690189    582542.22
    4591.000     0.999998      2690189    655360.00
    5379.000     0.999999      2690190    748982.86
    5379.000     0.999999      2690190    873813.33
    5743.000     0.999999      2690191   1048576.00
    5743.000     0.999999      2690191   1165084.44
    5743.000     0.999999      2690191   1310720.00
    5911.000     0.999999      2690192   1497965.71
    5911.000     0.999999      2690192   1747626.67
    5911.000     1.000000      2690192   2097152.00
    5911.000     1.000000      2690192   2330168.89
    5911.000     1.000000      2690192   2621440.00
    6883.000     1.000000      2690193   2995931.43
    6883.000     1.000000      2690193          inf
#[Mean    =      146.339, StdDeviation   =       40.495]
#[Max     =     6883.000, Total count    =      2690193]
#[Buckets =            3, SubBuckets     =         2048]
