       Value   Percentile   TotalCount 1/(1-Percentile)

    1154.000     0.000000            1         1.00
   18319.000     0.100000       260088         1.11
   20943.000     0.200000       521095         1.25
   23135.000     0.300000       781191         1.43
   24847.000     0.400000      1040355         1.67
   26623.000     0.500000      1302199         2.00
   27599.000     0.550000      1431233         2.22
   28671.000     0.600000      1561466         2.50
   29839.000     0.650000      1690856         2.86
   31119.000     0.700000      1820045         3.33
   32543.000     0.750000      1950431         4.00
   33343.000     0.775000      2016833         4.44
   34175.000     0.800000      2080182         5.00
   35135.000     0.825000      2146150         5.71
   36223.000     0.850000      2211066         6.67
   37503.000     0.875000      2276521         8.00
   38207.000     0.887500      2308239         8.89
   39007.000     0.900000      2340311        10.00
   39935.000     0.912500      2373210        11.43
   40991.000     0.925000      2405186        13.33
   42239.000     0.937500      2437571        16.00
   42975.000     0.943750      2453869        17.78
   43871.000     0.950000      2470490        20.00
   44863.000     0.956250      2486499        22.86
   46015.000     0.962500      2502743        26.67
   47455.000     0.968750      2518866        32.00
   48319.000     0.971875      2527155        35.56
   49311.000     0.975000      2535178        40.00
   50495.000     0.978125      2543332        45.71
   51903.000     0.981250      2551394        53.33
   53695.000     0.984375      2559459        64.00
   54847.000     0.985938      2563583        71.11
   56127.000     0.987500      2567645        80.00
   57823.000     0.989062      2571650        91.43
   59999.000     0.990625      2575696       106.67
   63167.000     0.992188      2579769       128.00
   65727.000     0.992969      2581804       142.22
   69439.000     0.993750      2583844       160.00
   77567.000     0.994531      2585848       182.86
   93055.000     0.995313      2587879       213.33
  119615.000     0.996094      2589913       256.00
  134655.000     0.996484      2590926       284.44
  152447.000     0.996875      2591948       320.00
  168703.000     0.997266      2592960       365.71
  183167.000     0.997656      2593975       426.67
  195455.000     0.998047      2594988       512.00
  200959.000     0.998242      2595508       568.89
  205951.000     0.998437      2596007       640.00
  210559.000     0.998633      2596512       731.43
  215807.000     0.998828      2597022       853.33
  221055.000     0.999023      2597535      1024.00
  224127.000     0.999121      2597779      1137.78
  227455.000     0.999219      2598041      1280.00
  230015.000     0.999316      2598300      1462.86
  233471.000     0.999414      2598548      1706.67
  238719.000     0.999512      2598797      2048.00
  240767.000     0.999561      2598925      2275.56
  243583.000     0.999609      2599052      2560.00
  247039.000     0.999658      2599180      2925.71
  251263.000     0.999707      2599305      3413.33
  256127.000     0.999756      2599432      4096.00
  259711.000     0.999780      2599493      4551.11
  263423.000     0.999805      2599558      5120.00
  267263.000     0.999829      2599623      5851.43
  269567.000     0.999854      2599684      6826.67
  272127.000     0.999878      2599747      8192.00
  274943.000     0.999890      2599780      9102.22
  277503.000     0.999902      2599812     10240.00
  283647.000     0.999915      2599844     11702.86
  287743.000     0.999927      2599880     13653.33
  294399.000     0.999939      2599912     16384.00
  296191.000     0.999945      2599922     18204.44
  299519.000     0.999951      2599940     20480.00
  301823.000     0.999957      2599954     23405.71
  304383.000     0.999963      2599975     27306.67
  308991.000     0.999969      2599986     32768.00
  310783.000     0.999973      2599998     36408.89
  311551.000     0.999976      2600002     40960.00
  312831.000     0.999979      2600009     46811.43
  313855.000     0.999982      2600017     54613.33
  316927.000     0.999985      2600025     65536.00
  322047.000     0.999986      2600029     72817.78
  329983.000     0.999988      2600035     81920.00
  332287.000     0.999989      2600039     93622.86
  334591.000     0.999991      2600044    109226.67
  334847.000     0.999992      2600045    131072.00
  336639.000     0.999993      2600051    145635.56
  336639.000     0.999994      2600051    163840.00
  336639.000     0.999995      2600051    187245.71
  336895.000     0.999995      2600054    218453.33
  338687.000     0.999996      2600058    262144.00
  338687.000     0.999997      2600058    291271.11
  338687.000     0.999997      2600058    327680.00
  338687.000     0.999997      2600058    374491.43
  355071.000     0.999998      2600061    436906.67
  355071.000     0.999998      2600061    524288.00
  355071.000     0.999998      2600061    582542.22
  355071.000     0.999998      2600061    655360.00
  355071.000     0.999999      2600061    748982.86
  355327.000     0.999999      2600062    873813.33
  355327.000     0.999999      2600062   1048576.00
  355327.000     0.999999      2600062   1165084.44
  361215.000     0.999999      2600064   1310720.00
  361215.000     1.000000      2600064          inf
#[Mean    =    28566.976, StdDeviation   =    13814.230]
#[Max     =   361215.000, Total count    =      2600064]
#[Buckets =            9, SubBuckets     =         2048]
