       Value   Percentile   TotalCount 1/(1-Percentile)

      65.000     0.000000            1         1.00
      81.000     0.100000       183165         1.11
      87.000     0.200000       343746         1.25
      93.000     0.300000       500148         1.43
     101.000     0.400000       655400         1.67
     108.000     0.500000       832526         2.00
     111.000     0.550000       910221         2.22
     115.000     0.600000       990998         2.50
     119.000     0.650000      1063608         2.86
     123.000     0.700000      1141315         3.33
     128.000     0.750000      1223845         4.00
     131.000     0.775000      1262605         4.44
     135.000     0.800000      1307897         5.00
     139.000     0.825000      1348389         5.71
     143.000     0.850000      1387262         6.67
     147.000     0.875000      1426035         8.00
     149.000     0.887500      1444459         8.89
     151.000     0.900000      1461827        10.00
     154.000     0.912500      1485461        11.43
     157.000     0.925000      1505975        13.33
     160.000     0.937500      1523128        16.00
     162.000     0.943750      1533221        17.78
     164.000     0.950000      1542144        20.00
     167.000     0.956250      1554063        22.86
     170.000     0.962500      1564020        26.67
     173.000     0.968750      1572659        32.00
     175.000     0.971875      1577684        35.56
     178.000     0.975000      1584530        40.00
     180.000     0.978125      1588584        45.71
     183.000     0.981250      1594002        53.33
     186.000     0.984375      1598762        64.00
     188.000     0.985938      1601306        71.11
     190.000     0.987500      1603671        80.00
     192.000     0.989062      1605867        91.43
     195.000     0.990625      1608577       106.67
     198.000     0.992188      1610860       128.00
     200.000     0.992969      1612164       142.22
     202.000     0.993750      1613315       160.00
     205.000     0.994531      1614829       182.86
     208.000     0.995313      1616082       213.33
     211.000     0.996094      1617157       256.00
     213.000     0.996484      1617804       284.44
     215.000     0.996875      1618395       320.00
     217.000     0.997266      1618907       365.71
     220.000     0.997656      1619583       426.67
     223.000     0.998047      1620220       512.00
     225.000     0.998242      1620545       568.89
     227.000     0.998437      1620818       640.00
     230.000     0.998633      1621171       731.43
     233.000     0.998828      1621514       853.33
     236.000     0.999023      1621795      1024.00
     238.000     0.999121      1621932      1137.78
     240.000     0.999219      1622088      1280.00
     242.000     0.999316      1622230      1462.86
     244.000     0.999414      1622366      1706.67
     247.000     0.999512      1622544      2048.00
     249.000     0.999561      1622650      2275.56
     250.000     0.999609      1622695      2560.00
     252.000     0.999658      1622772      2925.71
     254.000     0.999707      1622843      3413.33
     257.000     0.999756      1622939      4096.00
     258.000     0.999780      1622959      4551.11
     260.000     0.999805      1622992      5120.00
     262.000     0.999829      1623034      5851.43
     265.000     0.999854      1623075      6826.67
     269.000     0.999878      1623111      8192.00
     273.000     0.999890      1623138      9102.22
     276.000     0.999902      1623154     10240.00
     281.000     0.999915      1623172     11702.86
     286.000     0.999927      1623191     13653.33
     299.000     0.999939      1623211     16384.00
     312.000     0.999945      1623220     18204.44
     356.000     0.999951      1623230     20480.00
     398.000     0.999957      1623240     23405.71
     419.000     0.999963      1623250     27306.67
     583.000     0.999969      1623260     32768.00
     601.000     0.999973      1623265     36408.89
     634.000     0.999976      1623270     40960.00
     676.000     0.999979      1623275     46811.43
     805.000     0.999982      1623280     54613.33
    1140.000     0.999985      1623285     65536.00
    1200.000     0.999986      1623287     72817.78
    1238.000     0.999988      1623291     81920.00
    1259.000     0.999989      1623292     93622.86
    1321.000     0.999991      1623295    109226.67
    1517.000     0.999992      1623297    131072.00
    1624.000     0.999993      1623298    145635.56
    1790.000     0.999994      1623300    163840.00
    1961.000     0.999995      1623301    187245.71
    2065.000     0.999995      1623302    218453.33
    2125.000     0.999996      1623303    262144.00
    2157.000     0.999997      1623304    291271.11
    2165.000     0.999997      1623305    327680.00
    2165.000     0.999997      1623305    374491.43
    2191.000     0.999998      1623306    436906.67
    2191.000     0.999998      1623306    524288.00
    2231.000     0.999998      1623307    582542.22
    2231.000     0.999998      1623307    655360.00
    2231.000     0.999999      1623307    748982.86
    2239.000     0.999999      1623308    873813.33
    2239.000     0.999999      1623308   1048576.00
    2239.000     0.999999      1623308   1165084.44
    2239.000     0.999999      1623308   1310720.00
    2239.000     0.999999      1623308   1497965.71
    2245.000     0.999999      1623309   1747626.67
    2245.000     1.000000      1623309          inf
#[Mean    =      112.335, StdDeviation   =       28.811]
#[Max     =     2245.000, Total count    =      1623309]
#[Buckets =            2, SubBuckets     =         2048]
