       Value   Percentile   TotalCount 1/(1-Percentile)

     730.000     0.000000            1         1.00
    8943.000     0.100000       110593         1.11
    9079.000     0.200000       221107         1.25
    9159.000     0.300000       332820         1.43
    9215.000     0.400000       439114         1.67
    9271.000     0.500000       553821         2.00
    9295.000     0.550000       605225         2.22
    9319.000     0.600000       653421         2.50
    9351.000     0.650000       712284         2.86
    9383.000     0.700000       766472         3.33
    9415.000     0.750000       813402         4.00
    9439.000     0.775000       843787         4.44
    9463.000     0.800000       869378         5.00
    9487.000     0.825000       892144         5.71
    9519.000     0.850000       919947         6.67
    9551.000     0.875000       944121         8.00
    9575.000     0.887500       959522         8.89
    9599.000     0.900000       972874        10.00
    9623.000     0.912500       984663        11.43
    9655.000     0.925000       999000        13.33
    9687.000     0.937500      1011835        16.00
    9711.000     0.943750      1020982        17.78
    9727.000     0.950000      1025874        20.00
    9751.000     0.956250      1032319        22.86
    9783.000     0.962500      1039888        26.67
    9815.000     0.968750      1046105        32.00
    9831.000     0.971875      1049227        35.56
    9855.000     0.975000      1052703        40.00
    9887.000     0.978125      1055405        45.71
    9943.000     0.981250      1058647        53.33
   10119.000     0.984375      1062008        64.00
   10991.000     0.985938      1063661        71.11
   11639.000     0.987500      1065369        80.00
   11943.000     0.989062      1067042        91.43
   12119.000     0.990625      1068810       106.67
   12231.000     0.992188      1070476       128.00
   12287.000     0.992969      1071326       142.22
   12343.000     0.993750      1072159       160.00
   12391.000     0.994531      1072991       182.86
   12439.000     0.995313      1073990       213.33
   12487.000     0.996094      1074690       256.00
   12511.000     0.996484      1075065       284.44
   12535.000     0.996875      1075477       320.00
   12559.000     0.997266      1075932       365.71
   12575.000     0.997656      1076312       426.67
   12615.000     0.998047      1076791       512.00
   12631.000     0.998242      1076937       568.89
   12647.000     0.998437      1077166       640.00
   12663.000     0.998633      1077379       731.43
   12679.000     0.998828      1077624       853.33
   12703.000     0.999023      1077813      1024.00
   12727.000     0.999121      1077928      1137.78
   12743.000     0.999219      1078011      1280.00
   12767.000     0.999316      1078096      1462.86
   12783.000     0.999414      1078223      1706.67
   12815.000     0.999512      1078310      2048.00
   12879.000     0.999561      1078370      2275.56
   12919.000     0.999609      1078471      2560.00
   12919.000     0.999658      1078471      2925.71
   12927.000     0.999707      1078517      3413.33
   13271.000     0.999756      1078573      4096.00
   13375.000     0.999780      1078602      4551.11
   14231.000     0.999805      1078629      5120.00
   14503.000     0.999829      1078647      5851.43
   14607.000     0.999854      1078681      6826.67
   14623.000     0.999878      1078701      8192.00
   14631.000     0.999890      1078713      9102.22
   14655.000     0.999902      1078730     10240.00
   14663.000     0.999915      1078746     11702.86
   14671.000     0.999927      1078764     13653.33
   14679.000     0.999939      1078781     16384.00
   14679.000     0.999945      1078781     18204.44
   14679.000     0.999951      1078781     20480.00
   14687.000     0.999957      1078804     23405.71
   14687.000     0.999963      1078804     27306.67
   14687.000     0.999969      1078804     32768.00
   14687.000     0.999973      1078804     36408.89
   14695.000     0.999976      1078808     40960.00
   14695.000     0.999979      1078808     46811.43
   14735.000     0.999982      1078820     54613.33
   14735.000     0.999985      1078820     65536.00
   14735.000     0.999986      1078820     72817.78
   14735.000     0.999988      1078820     81920.00
   14735.000     0.999989      1078820     93622.86
   14743.000     0.999991      1078829    109226.67
   14743.000     0.999992      1078829    131072.00
   14743.000     0.999993      1078829    145635.56
   14743.000     0.999994      1078829    163840.00
   14743.000     0.999995      1078829    187245.71
   14743.000     0.999995      1078829    218453.33
   14743.000     0.999996      1078829    262144.00
   14743.000     0.999997      1078829    291271.11
   14743.000     0.999997      1078829    327680.00
   14743.000     0.999997      1078829    374491.43
   14743.000     0.999998      1078829    436906.67
   14743.000     0.999998      1078829    524288.00
   14751.000     0.999998      1078831    582542.22
   14751.000     1.000000      1078831          inf
#[Mean    =     9264.928, StdDeviation   =      544.249]
#[Max     =    14751.000, Total count    =      1078831]
#[Buckets =            4, SubBuckets     =         2048]
