       Value   Percentile   TotalCount 1/(1-Percentile)

      73.000     0.000000            1         1.00
     895.000     0.100000       656492         1.11
    1694.000     0.200000      1312006         1.25
    2721.000     0.300000      1967898         1.43
    3945.000     0.400000      2624404         1.67
    5283.000     0.500000      3281151         2.00
    5983.000     0.550000      3608419         2.22
    6699.000     0.600000      3935920         2.50
    7443.000     0.650000      4263771         2.86
    8223.000     0.700000      4591843         3.33
    9055.000     0.750000      4921359         4.00
    9495.000     0.775000      5085719         4.44
    9951.000     0.800000      5248291         5.00
   10447.000     0.825000      5412555         5.71
   10991.000     0.850000      5575975         6.67
   11615.000     0.875000      5740606         8.00
   11967.000     0.887500      5821983         8.89
   12359.000     0.900000      5904099        10.00
   12799.000     0.912500      5985998        11.43
   13303.000     0.925000      6067769        13.33
   13895.000     0.937500      6149245        16.00
   14239.000     0.943750      6190221        17.78
   14623.000     0.950000      6230730        20.00
   15055.000     0.956250      6271867        22.86
   15551.000     0.962500      6312745        26.67
   16143.000     0.968750      6353997        32.00
   16495.000     0.971875      6374872        35.56
   16879.000     0.975000      6395141        40.00
   17311.000     0.978125      6415526        45.71
   17839.000     0.981250      6436181        53.33
   18463.000     0.984375      6456204        64.00
   18847.000     0.985938      6466474        71.11
   19279.000     0.987500      6476906        80.00
   19775.000     0.989062      6487032        91.43
   20383.000     0.990625      6497307       106.67
   21135.000     0.992188      6507522       128.00
   21583.000     0.992969      6512612       142.22
   22127.000     0.993750      6517717       160.00
   22767.000     0.994531      6522802       182.86
   23567.000     0.995313      6527910       213.33
   24671.000     0.996094      6533012       256.00
   25423.000     0.996484      6535596       284.44
   26335.000     0.996875      6538154       320.00
   27503.000     0.997266      6540708       365.71
   29215.000     0.997656      6543265       426.67
   32319.000     0.998047      6545821       512.00
   34335.000     0.998242      6547110       568.89
   36959.000     0.998437      6548391       640.00
   39455.000     0.998633      6549673       731.43
   42975.000     0.998828      6550951       853.33
   46719.000     0.999023      6552232      1024.00
   48511.000     0.999121      6552870      1137.78
   50463.000     0.999219      6553517      1280.00
   53311.000     0.999316      6554146      1462.86
   55935.000     0.999414      6554790      1706.67
   60127.000     0.999512      6555427      2048.00
   62879.000     0.999561      6555746      2275.56
   64607.000     0.999609      6556073      2560.00
   66559.000     0.999658      6556397      2925.71
   71615.000     0.999707      6556711      3413.33
   76607.000     0.999756      6557035      4096.00
   79167.000     0.999780      6557187      4551.11
   82239.000     0.999805      6557350      5120.00
   83903.000     0.999829      6557512      5851.43
   86463.000     0.999854      6557670      6826.67
   88639.000     0.999878      6557830      8192.00
   90815.000     0.999890      6557910      9102.22
   92223.000     0.999902      6557989     10240.00
   94143.000     0.999915      6558068     11702.86
   97343.000     0.999927      6558150     13653.33
  100735.000     0.999939      6558229     16384.00
  103935.000     0.999945      6558268     18204.44
  107903.000     0.999951      6558308     20480.00
  116799.000     0.999957      6558351     23405.71
  122943.000     0.999963      6558389     27306.67
  130943.000     0.999969      6558428     32768.00
  134143.000     0.999973      6558451     36408.89
  139263.000     0.999976      6558468     40960.00
  142847.000     0.999979      6558491     46811.43
  143999.000     0.999982      6558508     54613.33
  149247.000     0.999985      6558528     65536.00
  152319.000     0.999986      6558543     72817.78
  152831.000     0.999988      6558548     81920.00
  153599.000     0.999989      6558558     93622.86
  159871.000     0.999991      6558569    109226.67
  169215.000     0.999992      6558583    131072.00
  169215.000     0.999993      6558583    145635.56
  170495.000     0.999994      6558588    163840.00
  172031.000     0.999995      6558593    187245.71
  172287.000     0.999995      6558600    218453.33
  172415.000     0.999996      6558606    262144.00
  172415.000     0.999997      6558606    291271.11
  172543.000     0.999997      6558609    327680.00
  172671.000     0.999997      6558612    374491.43
  172799.000     0.999998      6558614    436906.67
  173823.000     0.999998      6558616    524288.00
  183167.000     0.999998      6558618    582542.22
  183167.000     0.999998      6558618    655360.00
  183551.000     0.999999      6558621    748982.86
  183551.000     0.999999      6558621    873813.33
  184191.000     0.999999      6558622   1048576.00
  184447.000     0.999999      6558623   1165084.44
  184447.000     0.999999      6558623   1310720.00
  188415.000     0.999999      6558624   1497965.71
  188799.000     0.999999      6558625   1747626.67
  188799.000     1.000000      6558625   2097152.00
  189567.000     1.000000      6558627   2330168.89
  189567.000     1.000000      6558627   2621440.00
  189567.000     1.000000      6558627   2995931.43
  189567.000     1.000000      6558627   3495253.33
  189567.000     1.000000      6558627   4194304.00
  189567.000     1.000000      6558627   4660337.78
  189567.000     1.000000      6558627   5242880.00
  189567.000     1.000000      6558627   5991862.86
  192255.000     1.000000      6558628   6990506.67
  192255.000     1.000000      6558628          inf
#[Mean    =     6168.399, StdDeviation   =     5132.949]
#[Max     =   192255.000, Total count    =      6558628]
#[Buckets =            8, SubBuckets     =         2048]
