       Value   Percentile   TotalCount 1/(1-Percentile)

      80.000     0.000000            1         1.00
     110.000     0.100000       151217         1.11
     116.000     0.200000       281226         1.25
     121.000     0.300000       419641         1.43
     126.000     0.400000       569584         1.67
     131.000     0.500000       715197         2.00
     133.000     0.550000       770921         2.22
     136.000     0.600000       849948         2.50
     139.000     0.650000       922790         2.86
     142.000     0.700000       988796         3.33
     146.000     0.750000      1063846         4.00
     148.000     0.775000      1096916         4.44
     150.000     0.800000      1126969         5.00
     152.000     0.825000      1154524         5.71
     155.000     0.850000      1191557         6.67
     158.000     0.875000      1224338         8.00
     160.000     0.887500      1243777         8.89
     162.000     0.900000      1261404        10.00
     164.000     0.912500      1277410        11.43
     166.000     0.925000      1291710        13.33
     169.000     0.937500      1310196        16.00
     171.000     0.943750      1320773        17.78
     173.000     0.950000      1330074        20.00
     175.000     0.956250      1338159        22.86
     177.000     0.962500      1345322        26.67
     180.000     0.968750      1354534        32.00
     181.000     0.971875      1357275        35.56
     183.000     0.975000      1362133        40.00
     185.000     0.978125      1366386        45.71
     187.000     0.981250      1370157        53.33
     190.000     0.984375      1374765        64.00
     191.000     0.985938      1376142        71.11
     193.000     0.987500      1378655        80.00
     195.000     0.989062      1380919        91.43
     197.000     0.990625      1382835       106.67
     200.000     0.992188      1385191       128.00
     201.000     0.992969      1385857       142.22
     203.000     0.993750      1387043       160.00
     205.000     0.994531      1388183       182.86
     207.000     0.995313      1389115       213.33
     210.000     0.996094      1390312       256.00
     211.000     0.996484      1390654       284.44
     213.000     0.996875      1391286       320.00
     215.000     0.997266      1391812       365.71
     217.000     0.997656      1392284       426.67
     220.000     0.998047      1392854       512.00
     221.000     0.998242      1393059       568.89
     223.000     0.998437      1393365       640.00
     225.000     0.998633      1393642       731.43
     227.000     0.998828      1393874       853.33
     230.000     0.999023      1394133      1024.00
     232.000     0.999121      1394287      1137.78
     234.000     0.999219      1394420      1280.00
     236.000     0.999316      1394529      1462.86
     239.000     0.999414      1394711      1706.67
     242.000     0.999512      1394807      2048.00
     244.000     0.999561      1394870      2275.56
     247.000     0.999609      1394958      2560.00
     249.000     0.999658      1395011      2925.71
     252.000     0.999707      1395066      3413.33
     258.000     0.999756      1395142      4096.00
     261.000     0.999780      1395170      4551.11
     265.000     0.999805      1395201      5120.00
     275.000     0.999829      1395238      5851.43
     289.000     0.999854      1395269      6826.67
     393.000     0.999878      1395303      8192.00
     734.000     0.999890      1395320      9102.22
    1119.000     0.999902      1395337     10240.00
    2149.000     0.999915      1395354     11702.86
    3155.000     0.999927      1395371     13653.33
   13503.000     0.999939      1395388     16384.00
   20687.000     0.999945      1395397     18204.44
   23119.000     0.999951      1395405     20480.00
   23919.000     0.999957      1395414     23405.71
   25583.000     0.999963      1395422     27306.67
   32991.000     0.999969      1395431     32768.00
   35007.000     0.999973      1395435     36408.89
   35839.000     0.999976      1395439     40960.00
   36031.000     0.999979      1395444     46811.43
   37791.000     0.999982      1395449     54613.33
   38207.000     0.999985      1395452     65536.00
   38655.000     0.999986      1395454     72817.78
   39199.000     0.999988      1395456     81920.00
   39327.000     0.999989      1395460     93622.86
   40447.000     0.999991      1395461    109226.67
   42719.000     0.999992      1395463    131072.00
   44831.000     0.999993      1395464    145635.56
   45503.000     0.999994      1395465    163840.00
   46911.000     0.999995      1395466    187245.71
   47071.000     0.999995      1395467    218453.33
   47103.000     0.999996      1395468    262144.00
   47935.000     0.999997      1395469    291271.11
   47935.000     0.999997      1395469    327680.00
   48063.000     0.999997      1395470    374491.43
   48063.000     0.999998      1395470    436906.67
   51711.000     0.999998      1395471    524288.00
   51711.000     0.999998      1395471    582542.22
   51711.000     0.999998      1395471    655360.00
   51903.000     0.999999      1395472    748982.86
   51903.000     0.999999      1395472    873813.33
   51903.000     0.999999      1395472   1048576.00
   51903.000     0.999999      1395472   1165084.44
   51903.000     0.999999      1395472   1310720.00
   53119.000     0.999999      1395473   1497965.71
   53119.000     1.000000      1395473          inf
#[Mean    =      135.925, StdDeviation   =      260.667]
#[Max     =    53119.000, Total count    =      1395473]
#[Buckets =            6, SubBuckets     =         2048]
