       Value   Percentile   TotalCount 1/(1-Percentile)

      73.000     0.000000            1         1.00
    1125.000     0.100000       585384         1.11
    1969.000     0.200000      1170695         1.25
    2893.000     0.300000      1756305         1.43
    3941.000     0.400000      2341042         1.67
    5127.000     0.500000      2927318         2.00
    5779.000     0.550000      3218962         2.22
    6487.000     0.600000      3511317         2.50
    7271.000     0.650000      3803715         2.86
    8139.000     0.700000      4096807         3.33
    9111.000     0.750000      4388883         4.00
    9655.000     0.775000      4535807         4.44
   10247.000     0.800000      4682955         5.00
   10895.000     0.825000      4828114         5.71
   11623.000     0.850000      4974052         6.67
   12463.000     0.875000      5120822         8.00
   12935.000     0.887500      5193791         8.89
   13447.000     0.900000      5266497        10.00
   14039.000     0.912500      5340237        11.43
   14703.000     0.925000      5412864        13.33
   15495.000     0.937500      5485729        16.00
   15943.000     0.943750      5522369        17.78
   16463.000     0.950000      5559950        20.00
   17023.000     0.956250      5595645        22.86
   17695.000     0.962500      5632488        26.67
   18479.000     0.968750      5668799        32.00
   18943.000     0.971875      5687159        35.56
   19455.000     0.975000      5705328        40.00
   20047.000     0.978125      5723801        45.71
   20735.000     0.981250      5741837        53.33
   21567.000     0.984375      5760143        64.00
   22047.000     0.985938      5769149        71.11
   22623.000     0.987500      5778401        80.00
   23279.000     0.989062      5787530        91.43
   24079.000     0.990625      5796688       106.67
   25087.000     0.992188      5805769       128.00
   25711.000     0.992969      5810338       142.22
   26431.000     0.993750      5814843       160.00
   27311.000     0.994531      5819438       182.86
   28351.000     0.995313      5823996       213.33
   29839.000     0.996094      5828567       256.00
   30831.000     0.996484      5830828       284.44
   32063.000     0.996875      5833132       320.00
   33663.000     0.997266      5835412       365.71
   35999.000     0.997656      5837689       426.67
   39647.000     0.998047      5839970       512.00
   42111.000     0.998242      5841108       568.89
   44767.000     0.998437      5842253       640.00
   48095.000     0.998633      5843396       731.43
   51615.000     0.998828      5844537       853.33
   56255.000     0.999023      5845685      1024.00
   58303.000     0.999121      5846254      1137.78
   60543.000     0.999219      5846827      1280.00
   63775.000     0.999316      5847397      1462.86
   67391.000     0.999414      5847965      1706.67
   71103.000     0.999512      5848539      2048.00
   72831.000     0.999561      5848827      2275.56
   75071.000     0.999609      5849112      2560.00
   79487.000     0.999658      5849395      2925.71
   83071.000     0.999707      5849680      3413.33
   88511.000     0.999756      5849966      4096.00
   90367.000     0.999780      5850107      4551.11
   92735.000     0.999805      5850253      5120.00
   95167.000     0.999829      5850395      5851.43
   97535.000     0.999854      5850539      6826.67
  102591.000     0.999878      5850678      8192.00
  105087.000     0.999890      5850750      9102.22
  108607.000     0.999902      5850821     10240.00
  110143.000     0.999915      5850894     11702.86
  112831.000     0.999927      5850965     13653.33
  114367.000     0.999939      5851036     16384.00
  115903.000     0.999945      5851076     18204.44
  117375.000     0.999951      5851108     20480.00
  120959.000     0.999957      5851143     23405.71
  124479.000     0.999963      5851179     27306.67
  125759.000     0.999969      5851214     32768.00
  127359.000     0.999973      5851232     36408.89
  129023.000     0.999976      5851254     40960.00
  135167.000     0.999979      5851268     46811.43
  139007.000     0.999982      5851285     54613.33
  141183.000     0.999985      5851304     65536.00
  141951.000     0.999986      5851312     72817.78
  142463.000     0.999988      5851322     81920.00
  143103.000     0.999989      5851330     93622.86
  143743.000     0.999991      5851340    109226.67
  144639.000     0.999992      5851348    131072.00
  145151.000     0.999993      5851353    145635.56
  145535.000     0.999994      5851357    163840.00
  145919.000     0.999995      5851361    187245.71
  146815.000     0.999995      5851366    218453.33
  147583.000     0.999996      5851370    262144.00
  149759.000     0.999997      5851372    291271.11
  154111.000     0.999997      5851375    327680.00
  163839.000     0.999997      5851377    374491.43
  165887.000     0.999998      5851379    436906.67
  166143.000     0.999998      5851381    524288.00
  166271.000     0.999998      5851382    582542.22
  168703.000     0.999998      5851384    655360.00
  168831.000     0.999999      5851385    748982.86
  168959.000     0.999999      5851386    873813.33
  169215.000     0.999999      5851387   1048576.00
  169215.000     0.999999      5851387   1165084.44
  169343.000     0.999999      5851388   1310720.00
  169471.000     0.999999      5851389   1497965.71
  169471.000     0.999999      5851389   1747626.67
  169599.000     1.000000      5851392   2097152.00
  169599.000     1.000000      5851392          inf
#[Mean    =     6495.268, StdDeviation   =     5762.329]
#[Max     =   169599.000, Total count    =      5851392]
#[Buckets =            8, SubBuckets     =         2048]
