       Value   Percentile   TotalCount 1/(1-Percentile)

      92.000     0.000000            1         1.00
     485.000     0.100000       843444         1.11
     650.000     0.200000      1683888         1.25
     816.000     0.300000      2523479         1.43
    1013.000     0.400000      3365362         1.67
    1280.000     0.500000      4206687         2.00
    1452.000     0.550000      4624688         2.22
    1656.000     0.600000      5046402         2.50
    1897.000     0.650000      5466873         2.86
    2199.000     0.700000      5886090         3.33
    2607.000     0.750000      6307928         4.00
    2863.000     0.775000      6517090         4.44
    3169.000     0.800000      6726872         5.00
    3543.000     0.825000      6937464         5.71
    4011.000     0.850000      7147010         6.67
    4615.000     0.875000      7357602         8.00
    4987.000     0.887500      7462928         8.89
    5423.000     0.900000      7567654        10.00
    5967.000     0.912500      7673007        11.43
    6663.000     0.925000      7777721        13.33
    7587.000     0.937500      7882983        16.00
    8191.000     0.943750      7935406        17.78
    8959.000     0.950000      7988197        20.00
    9927.000     0.956250      8040376        22.86
   11255.000     0.962500      8093148        26.67
   13103.000     0.968750      8145624        32.00
   14383.000     0.971875      8171832        35.56
   15983.000     0.975000      8198097        40.00
   18175.000     0.978125      8224459        45.71
   21247.000     0.981250      8250618        53.33
   25615.000     0.984375      8276906        64.00
   28383.000     0.985938      8290056        71.11
   31647.000     0.987500      8303185        80.00
   35871.000     0.989062      8316289        91.43
   40255.000     0.990625      8329460       106.67
   46079.000     0.992188      8342541       128.00
   49823.000     0.992969      8349129       142.22
   54463.000     0.993750      8355718       160.00
   59007.000     0.994531      8362292       182.86
   64991.000     0.995313      8368852       213.33
   71615.000     0.996094      8375415       256.00
   76095.000     0.996484      8378705       284.44
   81151.000     0.996875      8381986       320.00
   86975.000     0.997266      8385257       365.71
   92479.000     0.997656      8388538       426.67
   99455.000     0.998047      8391833       512.00
  103935.000     0.998242      8393459       568.89
  109759.000     0.998437      8395115       640.00
  114239.000     0.998633      8396737       731.43
  118591.000     0.998828      8398389       853.33
  124479.000     0.999023      8400016      1024.00
  127295.000     0.999121      8400846      1137.78
  131455.000     0.999219      8401665      1280.00
  138879.000     0.999316      8402499      1462.86
  144383.000     0.999414      8403306      1706.67
  152959.000     0.999512      8404124      2048.00
  156927.000     0.999561      8404535      2275.56
  162303.000     0.999609      8404949      2560.00
  167807.000     0.999658      8405356      2925.71
  173055.000     0.999707      8405768      3413.33
  177919.000     0.999756      8406179      4096.00
  179967.000     0.999780      8406383      4551.11
  183295.000     0.999805      8406585      5120.00
  187135.000     0.999829      8406794      5851.43
  191871.000     0.999854      8406996      6826.67
  198143.000     0.999878      8407200      8192.00
  202111.000     0.999890      8407303      9102.22
  206975.000     0.999902      8407409     10240.00
  211583.000     0.999915      8407509     11702.86
  225791.000     0.999927      8407613     13653.33
  235647.000     0.999939      8407713     16384.00
  246655.000     0.999945      8407765     18204.44
  250623.000     0.999951      8407817     20480.00
  253823.000     0.999957      8407867     23405.71
  272639.000     0.999963      8407920     27306.67
  282623.000     0.999969      8407971     32768.00
  284671.000     0.999973      8407997     36408.89
  289791.000     0.999976      8408021     40960.00
  293887.000     0.999979      8408049     46811.43
  295167.000     0.999982      8408074     54613.33
  302335.000     0.999985      8408100     65536.00
  312319.000     0.999986      8408111     72817.78
  326399.000     0.999988      8408124     81920.00
  331775.000     0.999989      8408137     93622.86
  332799.000     0.999991      8408153    109226.67
  333055.000     0.999992      8408163    131072.00
  333311.000     0.999993      8408171    145635.56
  333567.000     0.999994      8408176    163840.00
  333823.000     0.999995      8408182    187245.71
  335615.000     0.999995      8408189    218453.33
  335871.000     0.999996      8408195    262144.00
  336383.000     0.999997      8408201    291271.11
  336383.000     0.999997      8408201    327680.00
  337151.000     0.999997      8408204    374491.43
  337919.000     0.999998      8408208    436906.67
  338175.000     0.999998      8408210    524288.00
  359679.000     0.999998      8408212    582542.22
  360191.000     0.999998      8408214    655360.00
  360703.000     0.999999      8408215    748982.86
  361727.000     0.999999      8408217    873813.33
  361983.000     0.999999      8408218   1048576.00
  362239.000     0.999999      8408219   1165084.44
  362495.000     0.999999      8408220   1310720.00
  362751.000     0.999999      8408221   1497965.71
  363519.000     0.999999      8408222   1747626.67
  363519.000     1.000000      8408222   2097152.00
  366335.000     1.000000      8408223   2330168.89
  366335.000     1.000000      8408223   2621440.00
  374271.000     1.000000      8408224   2995931.43
  374271.000     1.000000      8408224   3495253.33
  374271.000     1.000000      8408224   4194304.00
  377599.000     1.000000      8408225   4660337.78
  377599.000     1.000000      8408225   5242880.00
  377599.000     1.000000      8408225   5991862.86
  377599.000     1.000000      8408225   6990506.67
  377599.000     1.000000      8408225   8388608.00
  456703.000     1.000000      8408226   9320675.55
  456703.000     1.000000      8408226          inf
#[Mean    =     3126.620, StdDeviation   =     8924.424]
#[Max     =   456703.000, Total count    =      8408226]
#[Buckets =            9, SubBuckets     =         2048]
