       Value   Percentile   TotalCount 1/(1-Percentile)

      68.000     0.000000            1         1.00
     112.000     0.100000       124029         1.11
     122.000     0.200000       246688         1.25
     131.000     0.300000       370531         1.43
     139.000     0.400000       484974         1.67
     147.000     0.500000       601301         2.00
     151.000     0.550000       658277         2.22
     156.000     0.600000       725817         2.50
     161.000     0.650000       787438         2.86
     166.000     0.700000       842956         3.33
     172.000     0.750000       900988         4.00
     175.000     0.775000       926469         4.44
     179.000     0.800000       957399         5.00
     183.000     0.825000       984590         5.71
     189.000     0.850000      1019205         6.67
     195.000     0.875000      1047733         8.00
     198.000     0.887500      1059897         8.89
     202.000     0.900000      1074275        10.00
     207.000     0.912500      1089452        11.43
     213.000     0.925000      1104274        13.33
     221.000     0.937500      1120036        16.00
     225.000     0.943750      1126282        17.78
     231.000     0.950000      1134190        20.00
     238.000     0.956250      1141553        22.86
     247.000     0.962500      1148750        26.67
     260.000     0.968750      1156240        32.00
     269.000     0.971875      1159915        35.56
     280.000     0.975000      1163443        40.00
     296.000     0.978125      1167265        45.71
     320.000     0.981250      1170921        53.33
     363.000     0.984375      1174624        64.00
     402.000     0.985938      1176466        71.11
     450.000     0.987500      1178358        80.00
     489.000     0.989062      1180193        91.43
     521.000     0.990625      1182075       106.67
     553.000     0.992188      1183932       128.00
     572.000     0.992969      1184880       142.22
     593.000     0.993750      1185785       160.00
     620.000     0.994531      1186727       182.86
     655.000     0.995313      1187655       213.33
     696.000     0.996094      1188589       256.00
     718.000     0.996484      1189048       284.44
     739.000     0.996875      1189524       320.00
     762.000     0.997266      1189979       365.71
     790.000     0.997656      1190461       426.67
     825.000     0.998047      1190916       512.00
     849.000     0.998242      1191155       568.89
     874.000     0.998437      1191384       640.00
     903.000     0.998633      1191610       731.43
     932.000     0.998828      1191847       853.33
     966.000     0.999023      1192079      1024.00
     986.000     0.999121      1192194      1137.78
    1006.000     0.999219      1192311      1280.00
    1034.000     0.999316      1192428      1462.86
    1067.000     0.999414      1192547      1706.67
    1099.000     0.999512      1192659      2048.00
    1122.000     0.999561      1192723      2275.56
    1137.000     0.999609      1192777      2560.00
    1160.000     0.999658      1192834      2925.71
    1189.000     0.999707      1192892      3413.33
    1226.000     0.999756      1192951      4096.00
    1246.000     0.999780      1192979      4551.11
    1271.000     0.999805      1193009      5120.00
    1299.000     0.999829      1193040      5851.43
    1324.000     0.999854      1193067      6826.67
    1346.000     0.999878      1193096      8192.00
    1362.000     0.999890      1193110      9102.22
    1388.000     0.999902      1193125     10240.00
    1408.000     0.999915      1193141     11702.86
    1436.000     0.999927      1193154     13653.33
    1486.000     0.999939      1193169     16384.00
    1515.000     0.999945      1193176     18204.44
    1529.000     0.999951      1193183     20480.00
    1549.000     0.999957      1193191     23405.71
    1591.000     0.999963      1193198     27306.67
    1634.000     0.999969      1193205     32768.00
    1652.000     0.999973      1193209     36408.89
    1658.000     0.999976      1193212     40960.00
    1662.000     0.999979      1193217     46811.43
    1679.000     0.999982      1193220     54613.33
    1701.000     0.999985      1193223     65536.00
    1737.000     0.999986      1193225     72817.78
    1750.000     0.999988      1193227     81920.00
    1789.000     0.999989      1193229     93622.86
    1796.000     0.999991      1193231    109226.67
    1797.000     0.999992      1193232    131072.00
    1803.000     0.999993      1193233    145635.56
    1824.000     0.999994      1193234    163840.00
    1832.000     0.999995      1193235    187245.71
    1836.000     0.999995      1193236    218453.33
    1869.000     0.999996      1193237    262144.00
    1869.000     0.999997      1193237    291271.11
    1873.000     0.999997      1193238    327680.00
    1873.000     0.999997      1193238    374491.43
    1885.000     0.999998      1193239    436906.67
    1885.000     0.999998      1193239    524288.00
    1885.000     0.999998      1193239    582542.22
    1887.000     0.999998      1193240    655360.00
    1887.000     0.999999      1193240    748982.86
    1887.000     0.999999      1193240    873813.33
    1887.000     0.999999      1193240   1048576.00
    1887.000     0.999999      1193240   1165084.44
    2363.000     0.999999      1193241   1310720.00
    2363.000     1.000000      1193241          inf
#[Mean    =      159.252, StdDeviation   =       71.806]
#[Max     =     2363.000, Total count    =      1193241]
#[Buckets =            2, SubBuckets     =         2048]
