       Value   Percentile   TotalCount 1/(1-Percentile)

      56.000     0.000000            1         1.00
      85.000     0.100000       161886         1.11
      91.000     0.200000       299436         1.25
      97.000     0.300000       450508         1.43
     103.000     0.400000       596357         1.67
     110.000     0.500000       752381         2.00
     113.000     0.550000       813394         2.22
     117.000     0.600000       889036         2.50
     122.000     0.650000       972201         2.86
     127.000     0.700000      1043176         3.33
     133.000     0.750000      1113706         4.00
     136.000     0.775000      1143875         4.44
     140.000     0.800000      1179591         5.00
     145.000     0.825000      1218075         5.71
     151.000     0.850000      1255480         6.67
     158.000     0.875000      1290085         8.00
     163.000     0.887500      1310253         8.89
     168.000     0.900000      1327014        10.00
     175.000     0.912500      1346326        11.43
     183.000     0.925000      1363579        13.33
     194.000     0.937500      1381250        16.00
     202.000     0.943750      1390923        17.78
     212.000     0.950000      1400427        20.00
     223.000     0.956250      1408830        22.86
     239.000     0.962500      1418096        26.67
     263.000     0.968750      1427342        32.00
     280.000     0.971875      1431992        35.56
     301.000     0.975000      1436469        40.00
     327.000     0.978125      1441026        45.71
     363.000     0.981250      1445692        53.33
     409.000     0.984375      1450311        64.00
     432.000     0.985938      1452563        71.11
     456.000     0.987500      1454903        80.00
     481.000     0.989062      1457204        91.43
     509.000     0.990625      1459462       106.67
     545.000     0.992188      1461737       128.00
     570.000     0.992969      1462886       142.22
     600.000     0.993750      1464035       160.00
     633.000     0.994531      1465206       182.86
     667.000     0.995313      1466358       213.33
     702.000     0.996094      1467496       256.00
     724.000     0.996484      1468075       284.44
     749.000     0.996875      1468655       320.00
     777.000     0.997266      1469224       365.71
     811.000     0.997656      1469785       426.67
     849.000     0.998047      1470374       512.00
     870.000     0.998242      1470659       568.89
     891.000     0.998437      1470944       640.00
     912.000     0.998633      1471230       731.43
     943.000     0.998828      1471519       853.33
     977.000     0.999023      1471801      1024.00
    1001.000     0.999121      1471947      1137.78
    1024.000     0.999219      1472091      1280.00
    1050.000     0.999316      1472230      1462.86
    1077.000     0.999414      1472375      1706.67
    1111.000     0.999512      1472521      2048.00
    1129.000     0.999561      1472591      2275.56
    1149.000     0.999609      1472662      2560.00
    1173.000     0.999658      1472737      2925.71
    1199.000     0.999707      1472808      3413.33
    1239.000     0.999756      1472879      4096.00
    1256.000     0.999780      1472914      4551.11
    1278.000     0.999805      1472950      5120.00
    1301.000     0.999829      1472987      5851.43
    1339.000     0.999854      1473023      6826.67
    1376.000     0.999878      1473059      8192.00
    1393.000     0.999890      1473076      9102.22
    1411.000     0.999902      1473094     10240.00
    1440.000     0.999915      1473112     11702.86
    1473.000     0.999927      1473131     13653.33
    1503.000     0.999939      1473148     16384.00
    1529.000     0.999945      1473157     18204.44
    1547.000     0.999951      1473166     20480.00
    1585.000     0.999957      1473175     23405.71
    1608.000     0.999963      1473185     27306.67
    1635.000     0.999969      1473193     32768.00
    1652.000     0.999973      1473197     36408.89
    1663.000     0.999976      1473202     40960.00
    1666.000     0.999979      1473206     46811.43
    1702.000     0.999982      1473211     54613.33
    1721.000     0.999985      1473215     65536.00
    1734.000     0.999986      1473217     72817.78
    1750.000     0.999988      1473220     81920.00
    1760.000     0.999989      1473222     93622.86
    1766.000     0.999991      1473224    109226.67
    1771.000     0.999992      1473226    131072.00
    1780.000     0.999993      1473227    145635.56
    1790.000     0.999994      1473229    163840.00
    1792.000     0.999995      1473230    187245.71
    1803.000     0.999995      1473231    218453.33
    1824.000     0.999996      1473232    262144.00
    1824.000     0.999997      1473232    291271.11
    1882.000     0.999997      1473233    327680.00
    1892.000     0.999997      1473234    374491.43
    1892.000     0.999998      1473234    436906.67
    1939.000     0.999998      1473235    524288.00
    1939.000     0.999998      1473235    582542.22
    1939.000     0.999998      1473235    655360.00
    1989.000     0.999999      1473236    748982.86
    1989.000     0.999999      1473236    873813.33
    1989.000     0.999999      1473236   1048576.00
    1989.000     0.999999      1473236   1165084.44
    1989.000     0.999999      1473236   1310720.00
    2185.000     0.999999      1473237   1497965.71
    2185.000     1.000000      1473237          inf
#[Mean    =      127.097, StdDeviation   =       77.883]
#[Max     =     2185.000, Total count    =      1473237]
#[Buckets =            2, SubBuckets     =         2048]
