       Value   Percentile   TotalCount 1/(1-Percentile)

      87.000     0.000000            1         1.00
     358.000     0.100000       806323         1.11
     502.000     0.200000      1613508         1.25
     695.000     0.300000      2419183         1.43
    1042.000     0.400000      3223900         1.67
    1765.000     0.500000      4029581         2.00
    2411.000     0.550000      4431950         2.22
    3307.000     0.600000      4834968         2.50
    4491.000     0.650000      5238614         2.86
    6091.000     0.700000      5640710         3.33
    8367.000     0.750000      6043289         4.00
    9783.000     0.775000      6245617         4.44
   11327.000     0.800000      6446273         5.00
   13207.000     0.825000      6647812         5.71
   15703.000     0.850000      6849572         6.67
   19423.000     0.875000      7050820         8.00
   21983.000     0.887500      7151445         8.89
   24767.000     0.900000      7252266        10.00
   27839.000     0.912500      7352958        11.43
   31551.000     0.925000      7453745        13.33
   35743.000     0.937500      7554097        16.00
   38175.000     0.943750      7604963        17.78
   41055.000     0.950000      7655258        20.00
   44799.000     0.956250      7705288        22.86
   49343.000     0.962500      7755609        26.67
   53951.000     0.968750      7806049        32.00
   56255.000     0.971875      7831274        35.56
   58495.000     0.975000      7856639        40.00
   60735.000     0.978125      7881648        45.71
   63071.000     0.981250      7906653        53.33
   65855.000     0.984375      7931931        64.00
   67391.000     0.985938      7944436        71.11
   69119.000     0.987500      7957330        80.00
   70975.000     0.989062      7969635        91.43
   73215.000     0.990625      7982413       106.67
   75967.000     0.992188      7994965       128.00
   77567.000     0.992969      8001092       142.22
   79679.000     0.993750      8007431       160.00
   82239.000     0.994531      8013651       182.86
   85631.000     0.995313      8020004       213.33
   89983.000     0.996094      8026254       256.00
   93055.000     0.996484      8029410       284.44
   96703.000     0.996875      8032517       320.00
  101183.000     0.997266      8035668       365.71
  106495.000     0.997656      8038825       426.67
  113663.000     0.998047      8041963       512.00
  118335.000     0.998242      8043533       568.89
  124479.000     0.998437      8045102       640.00
  132095.000     0.998633      8046664       731.43
  140799.000     0.998828      8048245       853.33
  155135.000     0.999023      8049812      1024.00
  162815.000     0.999121      8050602      1137.78
  176255.000     0.999219      8051385      1280.00
  195071.000     0.999316      8052172      1462.86
  234239.000     0.999414      8052959      1706.67
  287743.000     0.999512      8053746      2048.00
  314111.000     0.999561      8054150      2275.56
  342527.000     0.999609      8054541      2560.00
  463871.000     0.999658      8054926      2925.71
  500223.000     0.999707      8055322      3413.33
  871935.000     0.999756      8055715      4096.00
  977919.000     0.999780      8055910      4551.11
 1268735.000     0.999805      8056110      5120.00
 1355775.000     0.999829      8056303      5851.43
 1576959.000     0.999854      8056500      6826.67
 1810431.000     0.999878      8056700      8192.00
 1921023.000     0.999890      8056795      9102.22
 2236415.000     0.999902      8056898     10240.00
 2568191.000     0.999915      8056994     11702.86
 2627583.000     0.999927      8057102     13653.33
 3497983.000     0.999939      8057193     16384.00
 3504127.000     0.999945      8057246     18204.44
 3508223.000     0.999951      8057302     20480.00
 3510271.000     0.999957      8057338     23405.71
 4915199.000     0.999963      8057385     27306.67
 4947967.000     0.999969      8057454     32768.00
 4952063.000     0.999973      8057461     36408.89
 4960255.000     0.999976      8057520     40960.00
 4960255.000     0.999979      8057520     46811.43
 4968447.000     0.999982      8057546     54613.33
 4972543.000     0.999985      8057559     65536.00
 4976639.000     0.999986      8057573     72817.78
 4984831.000     0.999988      8057584     81920.00
 4988927.000     0.999989      8057617     93622.86
 4988927.000     0.999991      8057617    109226.67
 4993023.000     0.999992      8057642    131072.00
 4993023.000     0.999993      8057642    145635.56
 4993023.000     0.999994      8057642    163840.00
 4993023.000     0.999995      8057642    187245.71
 4997119.000     0.999995      8057649    218453.33
 5001215.000     0.999996      8057653    262144.00
 5001215.000     0.999997      8057653    291271.11
 5005311.000     0.999997      8057662    327680.00
 5005311.000     0.999997      8057662    374491.43
 5005311.000     0.999998      8057662    436906.67
 5009407.000     0.999998      8057666    524288.00
 5013503.000     0.999998      8057670    582542.22
 5013503.000     0.999998      8057670    655360.00
 5013503.000     0.999999      8057670    748982.86
 5017599.000     0.999999      8057673    873813.33
 5017599.000     0.999999      8057673   1048576.00
 5025791.000     0.999999      8057675   1165084.44
 5025791.000     0.999999      8057675   1310720.00
 5025791.000     0.999999      8057675   1497965.71
 5029887.000     0.999999      8057680   1747626.67
 5029887.000     1.000000      8057680          inf
#[Mean    =     8924.652, StdDeviation   =    45389.155]
#[Max     =  5029887.000, Total count    =      8057680]
#[Buckets =           13, SubBuckets     =         2048]
