       Value   Percentile   TotalCount 1/(1-Percentile)

     121.000     0.000000            1         1.00
    3249.000     0.100000       297814         1.11
    5599.000     0.200000       595438         1.25
    8319.000     0.300000       893540         1.43
   11823.000     0.400000      1190732         1.67
   16223.000     0.500000      1488354         2.00
   18783.000     0.550000      1637229         2.22
   21663.000     0.600000      1786273         2.50
   24799.000     0.650000      1934956         2.86
   28287.000     0.700000      2083824         3.33
   32287.000     0.750000      2232660         4.00
   34559.000     0.775000      2307723         4.44
   37023.000     0.800000      2381617         5.00
   39743.000     0.825000      2456144         5.71
   42879.000     0.850000      2530614         6.67
   46495.000     0.875000      2604639         8.00
   48639.000     0.887500      2641942         8.89
   51039.000     0.900000      2679364        10.00
   53695.000     0.912500      2716395        11.43
   56799.000     0.925000      2753749        13.33
   60543.000     0.937500      2790813        16.00
   62687.000     0.943750      2809344        17.78
   65247.000     0.950000      2827926        20.00
   68287.000     0.956250      2846711        22.86
   71871.000     0.962500      2865115        26.67
   76223.000     0.968750      2883638        32.00
   78911.000     0.971875      2893096        35.56
   81919.000     0.975000      2902347        40.00
   85887.000     0.978125      2911579        45.71
   90495.000     0.981250      2920854        53.33
   96511.000     0.984375      2930176        64.00
  100287.000     0.985938      2934796        71.11
  105535.000     0.987500      2939474        80.00
  110847.000     0.989062      2944088        91.43
  117695.000     0.990625      2948745       106.67
  128127.000     0.992188      2953388       128.00
  134655.000     0.992969      2955735       142.22
  142719.000     0.993750      2958064       160.00
  151935.000     0.994531      2960386       182.86
  162687.000     0.995313      2962698       213.33
  173439.000     0.996094      2965017       256.00
  179071.000     0.996484      2966195       284.44
  184575.000     0.996875      2967352       320.00
  192127.000     0.997266      2968508       365.71
  199935.000     0.997656      2969674       426.67
  208383.000     0.998047      2970841       512.00
  213503.000     0.998242      2971417       568.89
  218111.000     0.998437      2972005       640.00
  223615.000     0.998633      2972589       731.43
  230271.000     0.998828      2973155       853.33
  237439.000     0.999023      2973737      1024.00
  240511.000     0.999121      2974032      1137.78
  244735.000     0.999219      2974324      1280.00
  248447.000     0.999316      2974612      1462.86
  255103.000     0.999414      2974899      1706.67
  262655.000     0.999512      2975194      2048.00
  267007.000     0.999561      2975350      2275.56
  269055.000     0.999609      2975483      2560.00
  272895.000     0.999658      2975632      2925.71
  275967.000     0.999707      2975771      3413.33
  283135.000     0.999756      2975917      4096.00
  285183.000     0.999780      2975989      4551.11
  288255.000     0.999805      2976063      5120.00
  291839.000     0.999829      2976139      5851.43
  296447.000     0.999854      2976210      6826.67
  300543.000     0.999878      2976281      8192.00
  303359.000     0.999890      2976318      9102.22
  308479.000     0.999902      2976353     10240.00
  312063.000     0.999915      2976389     11702.86
  323327.000     0.999927      2976425     13653.33
  335103.000     0.999939      2976462     16384.00
  336639.000     0.999945      2976481     18204.44
  337407.000     0.999951      2976498     20480.00
  337919.000     0.999957      2976516     23405.71
  341759.000     0.999963      2976534     27306.67
  386559.000     0.999969      2976553     32768.00
  407551.000     0.999973      2976562     36408.89
  500223.000     0.999976      2976572     40960.00
  503551.000     0.999979      2976584     46811.43
  506879.000     0.999982      2976590     54613.33
  508415.000     0.999985      2976598     65536.00
  508927.000     0.999986      2976606     72817.78
  509183.000     0.999988      2976607     81920.00
  510207.000     0.999989      2976614     93622.86
  510975.000     0.999991      2976619    109226.67
  511231.000     0.999992      2976622    131072.00
  511743.000     0.999993      2976623    145635.56
  512255.000     0.999994      2976628    163840.00
  512255.000     0.999995      2976628    187245.71
  512511.000     0.999995      2976635    218453.33
  512511.000     0.999996      2976635    262144.00
  512511.000     0.999997      2976635    291271.11
  512511.000     0.999997      2976635    327680.00
  512767.000     0.999997      2976636    374491.43
  513535.000     0.999998      2976637    436906.67
  513791.000     0.999998      2976638    524288.00
  513791.000     0.999998      2976638    582542.22
  514047.000     0.999998      2976639    655360.00
  515327.000     0.999999      2976640    748982.86
  515327.000     0.999999      2976640    873813.33
  515839.000     0.999999      2976641   1048576.00
  515839.000     0.999999      2976641   1165084.44
  515839.000     0.999999      2976641   1310720.00
  516607.000     0.999999      2976643   1497965.71
  516607.000     1.000000      2976643          inf
#[Mean    =    23432.453, StdDeviation   =    24961.723]
#[Max     =   516607.000, Total count    =      2976643]
#[Buckets =            9, SubBuckets     =         2048]
