       Value   Percentile   TotalCount 1/(1-Percentile)

      97.000     0.000000            1         1.00
     659.000     0.100000       797063         1.11
     985.000     0.200000      1590190         1.25
    1336.000     0.300000      2385852         1.43
    1733.000     0.400000      3180111         1.67
    2165.000     0.500000      3975321         2.00
    2385.000     0.550000      4371106         2.22
    2621.000     0.600000      4769376         2.50
    2897.000     0.650000      5167320         2.86
    3237.000     0.700000      5564299         3.33
    3665.000     0.750000      5960321         4.00
    3925.000     0.775000      6158712         4.44
    4235.000     0.800000      6358348         5.00
    4603.000     0.825000      6556672         5.71
    5063.000     0.850000      6754692         6.67
    5663.000     0.875000      6953564         8.00
    6043.000     0.887500      7052692         8.89
    6511.000     0.900000      7152610        10.00
    7079.000     0.912500      7251373        11.43
    7807.000     0.925000      7350808        13.33
    8783.000     0.937500      7450429        16.00
    9415.000     0.943750      7499600        17.78
   10223.000     0.950000      7549288        20.00
   11271.000     0.956250      7599160        22.86
   12639.000     0.962500      7648796        26.67
   14583.000     0.968750      7698305        32.00
   15935.000     0.971875      7723173        35.56
   17663.000     0.975000      7748018        40.00
   20015.000     0.978125      7772822        45.71
   23487.000     0.981250      7797590        53.33
   28463.000     0.984375      7822457        64.00
   31647.000     0.985938      7834847        71.11
   35199.000     0.987500      7847299        80.00
   39391.000     0.989062      7859736        91.43
   44511.000     0.990625      7872091       106.67
   50879.000     0.992188      7884534       128.00
   54143.000     0.992969      7890693       142.22
   59647.000     0.993750      7896902       160.00
   65407.000     0.994531      7903135       182.86
   72319.000     0.995313      7909325       213.33
   80447.000     0.996094      7915532       256.00
   84991.000     0.996484      7918667       284.44
   90111.000     0.996875      7921770       320.00
   95039.000     0.997266      7924861       365.71
  100223.000     0.997656      7927956       426.67
  108607.000     0.998047      7931054       512.00
  113087.000     0.998242      7932606       568.89
  118783.000     0.998437      7934165       640.00
  124415.000     0.998633      7935707       731.43
  129663.000     0.998828      7937264       853.33
  137599.000     0.999023      7938826      1024.00
  142463.000     0.999121      7939593      1137.78
  149375.000     0.999219      7940365      1280.00
  162175.000     0.999316      7941139      1462.86
  173695.000     0.999414      7941915      1706.67
  182527.000     0.999512      7942693      2048.00
  185471.000     0.999561      7943086      2275.56
  194815.000     0.999609      7943468      2560.00
  204799.000     0.999658      7943855      2925.71
  214783.000     0.999707      7944249      3413.33
  223615.000     0.999756      7944630      4096.00
  227967.000     0.999780      7944825      4551.11
  235775.000     0.999805      7945016      5120.00
  243071.000     0.999829      7945210      5851.43
  246143.000     0.999854      7945412      6826.67
  254335.000     0.999878      7945597      8192.00
  257279.000     0.999890      7945694      9102.22
  262911.000     0.999902      7945791     10240.00
  270591.000     0.999915      7945896     11702.86
  284671.000     0.999927      7945985     13653.33
  287999.000     0.999939      7946084     16384.00
  291327.000     0.999945      7946137     18204.44
  293375.000     0.999951      7946183     20480.00
  294911.000     0.999957      7946228     23405.71
  297983.000     0.999963      7946279     27306.67
  310271.000     0.999969      7946332     32768.00
  311295.000     0.999973      7946352     36408.89
  314879.000     0.999976      7946373     40960.00
  323071.000     0.999979      7946400     46811.43
  339199.000     0.999982      7946422     54613.33
  348671.000     0.999985      7946446     65536.00
  350463.000     0.999986      7946458     72817.78
  351999.000     0.999988      7946471     81920.00
  353535.000     0.999989      7946486     93622.86
  355583.000     0.999991      7946497    109226.67
  356351.000     0.999992      7946509    131072.00
  362751.000     0.999993      7946514    145635.56
  363519.000     0.999994      7946520    163840.00
  366335.000     0.999995      7946525    187245.71
  368895.000     0.999995      7946531    218453.33
  370431.000     0.999996      7946537    262144.00
  371455.000     0.999997      7946540    291271.11
  371711.000     0.999997      7946543    327680.00
  375295.000     0.999997      7946546    374491.43
  376575.000     0.999998      7946550    436906.67
  377343.000     0.999998      7946553    524288.00
  377855.000     0.999998      7946555    582542.22
  377855.000     0.999998      7946555    655360.00
  378111.000     0.999999      7946558    748982.86
  378111.000     0.999999      7946558    873813.33
  378623.000     0.999999      7946560   1048576.00
  378879.000     0.999999      7946561   1165084.44
  378879.000     0.999999      7946561   1310720.00
  379135.000     0.999999      7946564   1497965.71
  379135.000     0.999999      7946564   1747626.67
  379135.000     1.000000      7946564   2097152.00
  379135.000     1.000000      7946564   2330168.89
  379135.000     1.000000      7946564   2621440.00
  379647.000     1.000000      7946565   2995931.43
  379647.000     1.000000      7946565   3495253.33
  397567.000     1.000000      7946566   4194304.00
  397567.000     1.000000      7946566   4660337.78
  397567.000     1.000000      7946566   5242880.00
  397567.000     1.000000      7946566   5991862.86
  397567.000     1.000000      7946566   6990506.67
  433407.000     1.000000      7946567   8388608.00
  433407.000     1.000000      7946567          inf
#[Mean    =     3974.572, StdDeviation   =    10078.985]
#[Max     =   433407.000, Total count    =      7946567]
#[Buckets =            9, SubBuckets     =         2048]
