       Value   Percentile   TotalCount 1/(1-Percentile)

     164.000     0.000000            1         1.00
    1668.000     0.100000       353387         1.11
    2079.000     0.200000       708349         1.25
    2399.000     0.300000      1060338         1.43
    2717.000     0.400000      1413718         1.67
    3093.000     0.500000      1766225         2.00
    3347.000     0.550000      1942970         2.22
    3701.000     0.600000      2119292         2.50
    4259.000     0.650000      2296275         2.86
    5191.000     0.700000      2472442         3.33
    8043.000     0.750000      2648777         4.00
   10615.000     0.775000      2736990         4.44
   15711.000     0.800000      2825266         5.00
   22511.000     0.825000      2913590         5.71
   32335.000     0.850000      3001928         6.67
   38975.000     0.875000      3090267         8.00
   43295.000     0.887500      3134379         8.89
   51167.000     0.900000      3178501        10.00
   62943.000     0.912500      3222550        11.43
   78847.000     0.925000      3266735        13.33
   96063.000     0.937500      3310888        16.00
  105151.000     0.943750      3332946        17.78
  115775.000     0.950000      3354995        20.00
  127871.000     0.956250      3377089        22.86
  145407.000     0.962500      3399228        26.67
  162303.000     0.968750      3421273        32.00
  171135.000     0.971875      3432330        35.56
  183935.000     0.975000      3443286        40.00
  210431.000     0.978125      3454300        45.71
  232831.000     0.981250      3465349        53.33
  265983.000     0.984375      3476426        64.00
  288767.000     0.985938      3481913        71.11
  307967.000     0.987500      3487449        80.00
  320255.000     0.989062      3492994        91.43
  330495.000     0.990625      3498545       106.67
  340479.000     0.992188      3504050       128.00
  347903.000     0.992969      3506725       142.22
  356607.000     0.993750      3509547       160.00
  365311.000     0.994531      3512289       182.86
  374783.000     0.995313      3515034       213.33
  382975.000     0.996094      3517827       256.00
  387839.000     0.996484      3519145       284.44
  393983.000     0.996875      3520525       320.00
  399615.000     0.997266      3521905       365.71
  403711.000     0.997656      3523339       426.67
  408319.000     0.998047      3524726       512.00
  410879.000     0.998242      3525393       568.89
  413951.000     0.998437      3526095       640.00
  416767.000     0.998633      3526739       731.43
  420863.000     0.998828      3527439       853.33
  426495.000     0.999023      3528114      1024.00
  428799.000     0.999121      3528454      1137.78
  430847.000     0.999219      3528788      1280.00
  433151.000     0.999316      3529138      1462.86
  437759.000     0.999414      3529484      1706.67
  443391.000     0.999512      3529831      2048.00
  446463.000     0.999561      3530001      2275.56
  449023.000     0.999609      3530180      2560.00
  451583.000     0.999658      3530341      2925.71
  456191.000     0.999707      3530514      3413.33
  463359.000     0.999756      3530695      4096.00
  465407.000     0.999780      3530775      4551.11
  471039.000     0.999805      3530858      5120.00
  477951.000     0.999829      3530944      5851.43
  481023.000     0.999854      3531030      6826.67
  483327.000     0.999878      3531130      8192.00
  484095.000     0.999890      3531164      9102.22
  484863.000     0.999902      3531203     10240.00
  486399.000     0.999915      3531249     11702.86
  500223.000     0.999927      3531288     13653.33
  556031.000     0.999939      3531331     16384.00
  606719.000     0.999945      3531354     18204.44
  632831.000     0.999951      3531374     20480.00
  648703.000     0.999957      3531398     23405.71
  667135.000     0.999963      3531417     27306.67
  702463.000     0.999969      3531439     32768.00
  719871.000     0.999973      3531450     36408.89
  726015.000     0.999976      3531460     40960.00
  739839.000     0.999979      3531472     46811.43
  744447.000     0.999982      3531482     54613.33
  763391.000     0.999985      3531493     65536.00
  769535.000     0.999986      3531498     72817.78
  770559.000     0.999988      3531503     81920.00
  777215.000     0.999989      3531509     93622.86
  778751.000     0.999991      3531514    109226.67
  782335.000     0.999992      3531520    131072.00
  793599.000     0.999993      3531522    145635.56
  795135.000     0.999994      3531526    163840.00
  800767.000     0.999995      3531528    187245.71
  802815.000     0.999995      3531532    218453.33
  806399.000     0.999996      3531533    262144.00
  808447.000     0.999997      3531534    291271.11
  815103.000     0.999997      3531536    327680.00
  823295.000     0.999997      3531537    374491.43
  823807.000     0.999998      3531538    436906.67
  826879.000     0.999998      3531540    524288.00
  826879.000     0.999998      3531540    582542.22
  830975.000     0.999998      3531541    655360.00
  833023.000     0.999999      3531542    748982.86
  833023.000     0.999999      3531542    873813.33
  834047.000     0.999999      3531543   1048576.00
  834047.000     0.999999      3531543   1165084.44
  839679.000     0.999999      3531544   1310720.00
  839679.000     0.999999      3531544   1497965.71
  839679.000     0.999999      3531544   1747626.67
  840191.000     1.000000      3531545   2097152.00
  840191.000     1.000000      3531545   2330168.89
  840191.000     1.000000      3531545   2621440.00
  840191.000     1.000000      3531545   2995931.43
  840191.000     1.000000      3531545   3495253.33
  870911.000     1.000000      3531546   4194304.00
  870911.000     1.000000      3531546          inf
#[Mean    =    21063.602, StdDeviation   =    54573.211]
#[Max     =   870911.000, Total count    =      3531546]
#[Buckets =           10, SubBuckets     =         2048]
