       Value   Percentile   TotalCount 1/(1-Percentile)

     195.000     0.000000            1         1.00
     481.000     0.100000       351000         1.11
     894.000     0.200000       700054         1.25
    2119.000     0.300000      1049979         1.43
    4879.000     0.400000      1400003         1.67
    9223.000     0.500000      1750221         2.00
   12263.000     0.550000      1924964         2.22
   16591.000     0.600000      2099973         2.50
   22031.000     0.650000      2274987         2.86
   28751.000     0.700000      2450238         3.33
   34911.000     0.750000      2625220         4.00
   38751.000     0.775000      2712652         4.44
   42943.000     0.800000      2800120         5.00
   47327.000     0.825000      2887701         5.71
   51423.000     0.850000      2975024         6.67
   54655.000     0.875000      3062446         8.00
   56447.000     0.887500      3106285         8.89
   58527.000     0.900000      3150093        10.00
   60639.000     0.912500      3193614        11.43
   62975.000     0.925000      3237207        13.33
   65439.000     0.937500      3281423        16.00
   66751.000     0.943750      3303348        17.78
   68351.000     0.950000      3324994        20.00
   70463.000     0.956250      3347059        22.86
   73599.000     0.962500      3368496        26.67
   78463.000     0.968750      3390491        32.00
   81023.000     0.971875      3401410        35.56
   83775.000     0.975000      3412231        40.00
   87167.000     0.978125      3423188        45.71
   91327.000     0.981250      3434141        53.33
   96383.000     0.984375      3445047        64.00
   99775.000     0.985938      3450508        71.11
  103423.000     0.987500      3455946        80.00
  107263.000     0.989062      3461418        91.43
  111615.000     0.990625      3466920       106.67
  117247.000     0.992188      3472374       128.00
  122111.000     0.992969      3475102       142.22
  127871.000     0.993750      3477838       160.00
  134271.000     0.994531      3480547       182.86
  141695.000     0.995313      3483318       213.33
  150399.000     0.996094      3486052       256.00
  153983.000     0.996484      3487399       284.44
  158847.000     0.996875      3488756       320.00
  164095.000     0.997266      3490141       365.71
  171007.000     0.997656      3491482       426.67
  179071.000     0.998047      3492848       512.00
  184063.000     0.998242      3493541       568.89
  190463.000     0.998437      3494218       640.00
  198015.000     0.998633      3494899       731.43
  206207.000     0.998828      3495586       853.33
  214911.000     0.999023      3496273      1024.00
  219903.000     0.999121      3496611      1137.78
  227455.000     0.999219      3496950      1280.00
  233855.000     0.999316      3497296      1462.86
  241023.000     0.999414      3497634      1706.67
  248959.000     0.999512      3497976      2048.00
  252927.000     0.999561      3498146      2275.56
  258943.000     0.999609      3498315      2560.00
  269823.000     0.999658      3498488      2925.71
  278783.000     0.999707      3498660      3413.33
  289023.000     0.999756      3498830      4096.00
  293887.000     0.999780      3498914      4551.11
  296703.000     0.999805      3499002      5120.00
  302847.000     0.999829      3499085      5851.43
  312831.000     0.999854      3499170      6826.67
  322815.000     0.999878      3499256      8192.00
  327167.000     0.999890      3499298      9102.22
  332287.000     0.999902      3499341     10240.00
  339967.000     0.999915      3499383     11702.86
  345343.000     0.999927      3499427     13653.33
  350719.000     0.999939      3499470     16384.00
  354047.000     0.999945      3499493     18204.44
  358655.000     0.999951      3499513     20480.00
  362495.000     0.999957      3499533     23405.71
  365823.000     0.999963      3499554     27306.67
  369919.000     0.999969      3499576     32768.00
  439551.000     0.999973      3499586     36408.89
  448511.000     0.999976      3499597     40960.00
  455679.000     0.999979      3499608     46811.43
  465919.000     0.999982      3499619     54613.33
  469503.000     0.999985      3499630     65536.00
  472319.000     0.999986      3499634     72817.78
  473599.000     0.999988      3499640     81920.00
  474111.000     0.999989      3499645     93622.86
  474879.000     0.999991      3499650    109226.67
  476671.000     0.999992      3499656    131072.00
  487935.000     0.999993      3499658    145635.56
  488703.000     0.999994      3499661    163840.00
  492543.000     0.999995      3499664    187245.71
  493311.000     0.999995      3499666    218453.33
  497407.000     0.999996      3499669    262144.00
  499199.000     0.999997      3499670    291271.11
  504319.000     0.999997      3499673    327680.00
  504319.000     0.999997      3499673    374491.43
  504831.000     0.999998      3499674    436906.67
  505855.000     0.999998      3499676    524288.00
  505855.000     0.999998      3499676    582542.22
  506367.000     0.999998      3499679    655360.00
  506367.000     0.999999      3499679    748982.86
  506367.000     0.999999      3499679    873813.33
  506367.000     0.999999      3499679   1048576.00
  506367.000     0.999999      3499679   1165084.44
  508927.000     0.999999      3499680   1310720.00
  508927.000     0.999999      3499680   1497965.71
  508927.000     0.999999      3499680   1747626.67
  509439.000     1.000000      3499681   2097152.00
  509439.000     1.000000      3499681   2330168.89
  509439.000     1.000000      3499681   2621440.00
  509439.000     1.000000      3499681   2995931.43
  509439.000     1.000000      3499681   3495253.33
  510207.000     1.000000      3499682   4194304.00
  510207.000     1.000000      3499682          inf
#[Mean    =    21350.435, StdDeviation   =    27142.338]
#[Max     =   510207.000, Total count    =      3499682]
#[Buckets =            9, SubBuckets     =         2048]
