       Value   Percentile   TotalCount 1/(1-Percentile)

     107.000     0.000000            1         1.00
     806.000     0.100000       932142         1.11
    1158.000     0.200000      1861977         1.25
    1521.000     0.300000      2791150         1.43
    1914.000     0.400000      3722784         1.67
    2411.000     0.500000      4654075         2.00
    2745.000     0.550000      5118750         2.22
    3203.000     0.600000      5582382         2.50
    3897.000     0.650000      6047545         2.86
    5027.000     0.700000      6512772         3.33
    7047.000     0.750000      6978354         4.00
    8599.000     0.775000      7211325         4.44
   10447.000     0.800000      7443548         5.00
   12479.000     0.825000      7676169         5.71
   14711.000     0.850000      7908135         6.67
   17343.000     0.875000      8140836         8.00
   18911.000     0.887500      8257816         8.89
   20735.000     0.900000      8373705        10.00
   22895.000     0.912500      8490047        11.43
   25471.000     0.925000      8606077        13.33
   28559.000     0.937500      8722485        16.00
   30303.000     0.943750      8780538        17.78
   32159.000     0.950000      8838917        20.00
   34207.000     0.956250      8896986        22.86
   36479.000     0.962500      8954968        26.67
   39135.000     0.968750      9013167        32.00
   40671.000     0.971875      9042363        35.56
   42431.000     0.975000      9071573        40.00
   44383.000     0.978125      9100277        45.71
   46719.000     0.981250      9129374        53.33
   49695.000     0.984375      9158546        64.00
   51583.000     0.985938      9173031        71.11
   53887.000     0.987500      9187488        80.00
   56607.000     0.989062      9201970        91.43
   59999.000     0.990625      9216516       106.67
   63967.000     0.992188      9230979       128.00
   66303.000     0.992969      9238391       142.22
   68863.000     0.993750      9245531       160.00
   71679.000     0.994531      9252792       182.86
   75007.000     0.995313      9260158       213.33
   78719.000     0.996094      9267348       256.00
   80895.000     0.996484      9271011       284.44
   83135.000     0.996875      9274672       320.00
   85695.000     0.997266      9278305       365.71
   88767.000     0.997656      9281861       426.67
   92159.000     0.998047      9285524       512.00
   94015.000     0.998242      9287313       568.89
   96127.000     0.998437      9289152       640.00
   98431.000     0.998633      9290957       731.43
  101439.000     0.998828      9292779       853.33
  105215.000     0.999023      9294582      1024.00
  107583.000     0.999121      9295493      1137.78
  110399.000     0.999219      9296398      1280.00
  113855.000     0.999316      9297316      1462.86
  117887.000     0.999414      9298220      1706.67
  122175.000     0.999512      9299124      2048.00
  124671.000     0.999561      9299574      2275.56
  127807.000     0.999609      9300028      2560.00
  131007.000     0.999658      9300488      2925.71
  134911.000     0.999707      9300944      3413.33
  140671.000     0.999756      9301399      4096.00
  144127.000     0.999780      9301618      4551.11
  148863.000     0.999805      9301850      5120.00
  155135.000     0.999829      9302073      5851.43
  166399.000     0.999854      9302302      6826.67
  184831.000     0.999878      9302527      8192.00
  188543.000     0.999890      9302641      9102.22
  189823.000     0.999902      9302757     10240.00
  191231.000     0.999915      9302872     11702.86
  198911.000     0.999927      9302981     13653.33
  219007.000     0.999939      9303095     16384.00
  225023.000     0.999945      9303153     18204.44
  227199.000     0.999951      9303216     20480.00
  228863.000     0.999957      9303265     23405.71
  235391.000     0.999963      9303322     27306.67
  276479.000     0.999969      9303379     32768.00
  323583.000     0.999973      9303408     36408.89
  324607.000     0.999976      9303435     40960.00
  325631.000     0.999979      9303470     46811.43
  326143.000     0.999982      9303493     54613.33
  327167.000     0.999985      9303535     65536.00
  327167.000     0.999986      9303535     72817.78
  327679.000     0.999988      9303553     81920.00
  328191.000     0.999989      9303564     93622.86
  331007.000     0.999991      9303577    109226.67
  347647.000     0.999992      9303592    131072.00
  348927.000     0.999993      9303600    145635.56
  350207.000     0.999994      9303606    163840.00
  350975.000     0.999995      9303617    187245.71
  351231.000     0.999995      9303621    218453.33
  351487.000     0.999996      9303627    262144.00
  351743.000     0.999997      9303633    291271.11
  351999.000     0.999997      9303634    327680.00
  352511.000     0.999997      9303642    374491.43
  352511.000     0.999998      9303642    436906.67
  352767.000     0.999998      9303649    524288.00
  352767.000     0.999998      9303649    582542.22
  352767.000     0.999998      9303649    655360.00
  353023.000     0.999999      9303658    748982.86
  353023.000     0.999999      9303658    873813.33
  353023.000     0.999999      9303658   1048576.00
  353023.000     0.999999      9303658   1165084.44
  353023.000     0.999999      9303658   1310720.00
  353023.000     0.999999      9303658   1497965.71
  353023.000     0.999999      9303658   1747626.67
  353023.000     1.000000      9303658   2097152.00
  353279.000     1.000000      9303662   2330168.89
  353279.000     1.000000      9303662          inf
#[Mean    =     7321.843, StdDeviation   =    12404.398]
#[Max     =   353279.000, Total count    =      9303662]
#[Buckets =            9, SubBuckets     =         2048]
