       Value   Percentile   TotalCount 1/(1-Percentile)

     117.000     0.000000            1         1.00
     988.000     0.100000       887068         1.11
    1326.000     0.200000      1773658         1.25
    1661.000     0.300000      2659225         1.43
    2038.000     0.400000      3544008         1.67
    2497.000     0.500000      4431757         2.00
    2773.000     0.550000      4873106         2.22
    3097.000     0.600000      5315271         2.50
    3487.000     0.650000      5759733         2.86
    3975.000     0.700000      6201956         3.33
    4623.000     0.750000      6646256         4.00
    5039.000     0.775000      6866565         4.44
    5563.000     0.800000      7088358         5.00
    6255.000     0.825000      7308585         5.71
    7219.000     0.850000      7530229         6.67
    8655.000     0.875000      7751373         8.00
    9679.000     0.887500      7862290         8.89
   11039.000     0.900000      7973360        10.00
   12847.000     0.912500      8083713        11.43
   15271.000     0.925000      8194322        13.33
   18367.000     0.937500      8305207        16.00
   20223.000     0.943750      8360761        17.78
   22351.000     0.950000      8416022        20.00
   24847.000     0.956250      8471436        22.86
   27855.000     0.962500      8526498        26.67
   31455.000     0.968750      8582027        32.00
   33503.000     0.971875      8609931        35.56
   35871.000     0.975000      8637334        40.00
   38559.000     0.978125      8664958        45.71
   41759.000     0.981250      8692596        53.33
   45695.000     0.984375      8720470        64.00
   48063.000     0.985938      8734173        71.11
   50847.000     0.987500      8748077        80.00
   54143.000     0.989062      8761877        91.43
   57855.000     0.990625      8775646       106.67
   62207.000     0.992188      8789494       128.00
   64863.000     0.992969      8796444       142.22
   68031.000     0.993750      8803396       160.00
   71807.000     0.994531      8810335       182.86
   76351.000     0.995313      8817186       213.33
   81919.000     0.996094      8824113       256.00
   85183.000     0.996484      8827557       284.44
   89279.000     0.996875      8831029       320.00
   94143.000     0.997266      8834509       365.71
  100223.000     0.997656      8837926       426.67
  110847.000     0.998047      8841392       512.00
  117055.000     0.998242      8843126       568.89
  124991.000     0.998437      8844851       640.00
  132735.000     0.998633      8846593       731.43
  143487.000     0.998828      8848305       853.33
  160639.000     0.999023      8850039      1024.00
  168447.000     0.999121      8850903      1137.78
  181759.000     0.999219      8851766      1280.00
  195071.000     0.999316      8852634      1462.86
  216319.000     0.999414      8853500      1706.67
  255487.000     0.999512      8854364      2048.00
  267775.000     0.999561      8854807      2275.56
  294655.000     0.999609      8855226      2560.00
  310271.000     0.999658      8855665      2925.71
  339455.000     0.999707      8856098      3413.33
  358143.000     0.999756      8856528      4096.00
  363263.000     0.999780      8856752      4551.11
  376319.000     0.999805      8856958      5120.00
  394495.000     0.999829      8857174      5851.43
  412671.000     0.999854      8857390      6826.67
  447487.000     0.999878      8857605      8192.00
  473087.000     0.999890      8857713      9102.22
  481791.000     0.999902      8857827     10240.00
  548863.000     0.999915      8857932     11702.86
  570367.000     0.999927      8858038     13653.33
  695807.000     0.999939      8858147     16384.00
  700927.000     0.999945      8858201     18204.44
  730111.000     0.999951      8858254     20480.00
  839679.000     0.999957      8858312     23405.71
  892927.000     0.999963      8858365     27306.67
  942079.000     0.999969      8858417     32768.00
  944127.000     0.999973      8858443     36408.89
 1110015.000     0.999976      8858473     40960.00
 1145855.000     0.999979      8858500     46811.43
 1150975.000     0.999982      8858529     54613.33
 1162239.000     0.999985      8858553     65536.00
 1175551.000     0.999986      8858566     72817.78
 1184767.000     0.999988      8858580     81920.00
 1196031.000     0.999989      8858594     93622.86
 1384447.000     0.999991      8858605    109226.67
 1393663.000     0.999992      8858619    131072.00
 1415167.000     0.999993      8858626    145635.56
 1422335.000     0.999994      8858632    163840.00
 1427455.000     0.999995      8858641    187245.71
 1429503.000     0.999995      8858648    218453.33
 1442815.000     0.999996      8858653    262144.00
 1444863.000     0.999997      8858656    291271.11
 1445887.000     0.999997      8858670    327680.00
 1445887.000     0.999997      8858670    374491.43
 1445887.000     0.999998      8858670    436906.67
 1445887.000     0.999998      8858670    524288.00
 1491967.000     0.999998      8858671    582542.22
 1513471.000     0.999998      8858675    655360.00
 1513471.000     0.999999      8858675    748982.86
 1619967.000     0.999999      8858677    873813.33
 1620991.000     0.999999      8858678   1048576.00
 1795071.000     0.999999      8858681   1165084.44
 1795071.000     0.999999      8858681   1310720.00
 1795071.000     0.999999      8858681   1497965.71
 1795071.000     0.999999      8858681   1747626.67
 1796095.000     1.000000      8858685   2097152.00
 1796095.000     1.000000      8858685   2330168.89
 1796095.000     1.000000      8858685   2621440.00
 1796095.000     1.000000      8858685   2995931.43
 1796095.000     1.000000      8858685   3495253.33
 1796095.000     1.000000      8858685   4194304.00
 1796095.000     1.000000      8858685   4660337.78
 1796095.000     1.000000      8858685   5242880.00
 1796095.000     1.000000      8858685   5991862.86
 1796095.000     1.000000      8858685   6990506.67
 1796095.000     1.000000      8858685   8388608.00
 1927167.000     1.000000      8858686   9320675.55
 1927167.000     1.000000      8858686          inf
#[Mean    =     5779.401, StdDeviation   =    15662.528]
#[Max     =  1927167.000, Total count    =      8858686]
#[Buckets =           11, SubBuckets     =         2048]
