       Value   Percentile   TotalCount 1/(1-Percentile)

      71.000     0.000000            1         1.00
     909.000     0.100000      1088464         1.11
    1257.000     0.200000      2176725         1.25
    1644.000     0.300000      3265662         1.43
    2147.000     0.400000      4352476         1.67
    3005.000     0.500000      5441584         2.00
    3705.000     0.550000      5985442         2.22
    4799.000     0.600000      6529844         2.50
    6423.000     0.650000      7072384         2.86
    8927.000     0.700000      7616818         3.33
   11799.000     0.750000      8160565         4.00
   13151.000     0.775000      8433029         4.44
   14383.000     0.800000      8706044         5.00
   15487.000     0.825000      8978194         5.71
   16527.000     0.850000      9251125         6.67
   17551.000     0.875000      9524500         8.00
   18063.000     0.887500      9657434         8.89
   18623.000     0.900000      9795328        10.00
   19199.000     0.912500      9929569        11.43
   19839.000     0.925000     10065906        13.33
   20575.000     0.937500     10202901        16.00
   20991.000     0.943750     10270192        17.78
   21455.000     0.950000     10337953        20.00
   21983.000     0.956250     10405548        22.86
   22607.000     0.962500     10473945        26.67
   23343.000     0.968750     10540619        32.00
   23775.000     0.971875     10575147        35.56
   24255.000     0.975000     10608723        40.00
   24799.000     0.978125     10643262        45.71
   25407.000     0.981250     10676844        53.33
   26127.000     0.984375     10711136        64.00
   26527.000     0.985938     10728028        71.11
   26959.000     0.987500     10744717        80.00
   27455.000     0.989062     10761571        91.43
   28063.000     0.990625     10778802       106.67
   28767.000     0.992188     10795807       128.00
   29183.000     0.992969     10804257       142.22
   29647.000     0.993750     10812583       160.00
   30191.000     0.994531     10821261       182.86
   30799.000     0.995313     10829614       213.33
   31503.000     0.996094     10838131       256.00
   31887.000     0.996484     10842381       284.44
   32303.000     0.996875     10846546       320.00
   32767.000     0.997266     10850889       365.71
   33279.000     0.997656     10855121       426.67
   33823.000     0.998047     10859316       512.00
   34143.000     0.998242     10861563       568.89
   34463.000     0.998437     10863629       640.00
   34847.000     0.998633     10865825       731.43
   35263.000     0.998828     10867900       853.33
   35743.000     0.999023     10870046      1024.00
   35999.000     0.999121     10871050      1137.78
   36287.000     0.999219     10872068      1280.00
   36639.000     0.999316     10873166      1462.86
   37023.000     0.999414     10874192      1706.67
   37439.000     0.999512     10875230      2048.00
   37695.000     0.999561     10875794      2275.56
   37983.000     0.999609     10876310      2560.00
   38271.000     0.999658     10876826      2925.71
   38655.000     0.999707     10877401      3413.33
   39103.000     0.999756     10877903      4096.00
   39391.000     0.999780     10878159      4551.11
   39711.000     0.999805     10878434      5120.00
   40127.000     0.999829     10878687      5851.43
   40703.000     0.999854     10878950      6826.67
   41535.000     0.999878     10879223      8192.00
   41983.000     0.999890     10879351      9102.22
   42495.000     0.999902     10879485     10240.00
   43199.000     0.999915     10879616     11702.86
   43871.000     0.999927     10879745     13653.33
   44703.000     0.999939     10879880     16384.00
   45215.000     0.999945     10879948     18204.44
   45727.000     0.999951     10880011     20480.00
   46239.000     0.999957     10880077     23405.71
   47135.000     0.999963     10880149     27306.67
   48063.000     0.999969     10880215     32768.00
   48543.000     0.999973     10880243     36408.89
   49279.000     0.999976     10880276     40960.00
   50015.000     0.999979     10880309     46811.43
   50623.000     0.999982     10880342     54613.33
   51423.000     0.999985     10880376     65536.00
   51711.000     0.999986     10880393     72817.78
   52287.000     0.999988     10880409     81920.00
   53247.000     0.999989     10880425     93622.86
   54047.000     0.999991     10880442    109226.67
   55263.000     0.999992     10880458    131072.00
   55679.000     0.999993     10880467    145635.56
   56127.000     0.999994     10880475    163840.00
   56639.000     0.999995     10880483    187245.71
   56991.000     0.999995     10880492    218453.33
   57343.000     0.999996     10880501    262144.00
   57503.000     0.999997     10880505    291271.11
   57759.000     0.999997     10880508    327680.00
   57855.000     0.999997     10880512    374491.43
   58335.000     0.999998     10880518    436906.67
   58431.000     0.999998     10880522    524288.00
   58591.000     0.999998     10880524    582542.22
   58655.000     0.999998     10880525    655360.00
   58975.000     0.999999     10880527    748982.86
   59039.000     0.999999     10880529    873813.33
   59231.000     0.999999     10880531   1048576.00
   59295.000     0.999999     10880532   1165084.44
   59359.000     0.999999     10880535   1310720.00
   59359.000     0.999999     10880535   1497965.71
   59359.000     0.999999     10880535   1747626.67
   59391.000     1.000000     10880536   2097152.00
   59615.000     1.000000     10880537   2330168.89
   59615.000     1.000000     10880537   2621440.00
   59647.000     1.000000     10880538   2995931.43
   59647.000     1.000000     10880538   3495253.33
   59679.000     1.000000     10880539   4194304.00
   59679.000     1.000000     10880539   4660337.78
   59679.000     1.000000     10880539   5242880.00
   60127.000     1.000000     10880540   5991862.86
   60127.000     1.000000     10880540   6990506.67
   60127.000     1.000000     10880540   8388608.00
   60127.000     1.000000     10880540   9320675.55
   60127.000     1.000000     10880540  10485760.00
   60831.000     1.000000     10880541  11983725.71
   60831.000     1.000000     10880541          inf
#[Mean    =     6882.806, StdDeviation   =     7350.513]
#[Max     =    60831.000, Total count    =     10880541]
#[Buckets =            6, SubBuckets     =         2048]
