       Value   Percentile   TotalCount 1/(1-Percentile)

     136.000     0.000000            1         1.00
     853.000     0.100000       338654         1.11
    1833.000     0.200000       677141         1.25
    3555.000     0.300000      1015459         1.43
    7071.000     0.400000      1353941         1.67
   13231.000     0.500000      1692614         2.00
   16783.000     0.550000      1861831         2.22
   21759.000     0.600000      2030979         2.50
   29871.000     0.650000      2200151         2.86
   39391.000     0.700000      2369278         3.33
   50239.000     0.750000      2538445         4.00
   57471.000     0.775000      2623005         4.44
   68159.000     0.800000      2707649         5.00
   82175.000     0.825000      2792503         5.71
   99391.000     0.850000      2876937         6.67
  120959.000     0.875000      2961548         8.00
  132991.000     0.887500      3003850         8.89
  145535.000     0.900000      3046263        10.00
  158847.000     0.912500      3088388        11.43
  173055.000     0.925000      3130825        13.33
  189567.000     0.937500      3172964        16.00
  198911.000     0.943750      3194153        17.78
  208767.000     0.950000      3215453        20.00
  218751.000     0.956250      3236520        22.86
  229119.000     0.962500      3257645        26.67
  239871.000     0.968750      3278783        32.00
  245375.000     0.971875      3289298        35.56
  251391.000     0.975000      3299914        40.00
  257919.000     0.978125      3310610        45.71
  264959.000     0.981250      3321266        53.33
  273151.000     0.984375      3331760        64.00
  277759.000     0.985938      3337035        71.11
  283135.000     0.987500      3342301        80.00
  289023.000     0.989062      3347442        91.43
  296191.000     0.990625      3352873       106.67
  304127.000     0.992188      3358157       128.00
  308223.000     0.992969      3360709       142.22
  313087.000     0.993750      3363358       160.00
  318207.000     0.994531      3365989       182.86
  323839.000     0.995313      3368604       213.33
  330495.000     0.996094      3371307       256.00
  334079.000     0.996484      3372612       284.44
  338175.000     0.996875      3373940       320.00
  342783.000     0.997266      3375210       365.71
  347903.000     0.997656      3376594       426.67
  353279.000     0.998047      3377870       512.00
  356351.000     0.998242      3378532       568.89
  359935.000     0.998437      3379218       640.00
  363519.000     0.998633      3379876       731.43
  367103.000     0.998828      3380521       853.33
  371199.000     0.999023      3381157      1024.00
  373759.000     0.999121      3381492      1137.78
  376319.000     0.999219      3381814      1280.00
  380159.000     0.999316      3382162      1462.86
  383999.000     0.999414      3382496      1706.67
  388607.000     0.999512      3382814      2048.00
  391423.000     0.999561      3382984      2275.56
  394495.000     0.999609      3383144      2560.00
  397567.000     0.999658      3383303      2925.71
  401919.000     0.999707      3383475      3413.33
  406015.000     0.999756      3383635      4096.00
  408319.000     0.999780      3383722      4551.11
  410367.000     0.999805      3383798      5120.00
  413439.000     0.999829      3383888      5851.43
  415743.000     0.999854      3383968      6826.67
  419071.000     0.999878      3384054      8192.00
  420863.000     0.999890      3384088      9102.22
  423167.000     0.999902      3384132     10240.00
  424959.000     0.999915      3384175     11702.86
  426495.000     0.999927      3384214     13653.33
  428287.000     0.999939      3384253     16384.00
  429567.000     0.999945      3384276     18204.44
  431103.000     0.999951      3384296     20480.00
  432639.000     0.999957      3384315     23405.71
  435455.000     0.999963      3384335     27306.67
  438015.000     0.999969      3384356     32768.00
  439551.000     0.999973      3384366     36408.89
  441599.000     0.999976      3384376     40960.00
  444159.000     0.999979      3384387     46811.43
  445951.000     0.999982      3384397     54613.33
  447743.000     0.999985      3384408     65536.00
  448511.000     0.999986      3384413     72817.78
  449279.000     0.999988      3384418     81920.00
  449791.000     0.999989      3384423     93622.86
  450559.000     0.999991      3384429    109226.67
  451839.000     0.999992      3384433    131072.00
  453119.000     0.999993      3384435    145635.56
  454911.000     0.999994      3384438    163840.00
  455935.000     0.999995      3384440    187245.71
  457727.000     0.999995      3384443    218453.33
  458751.000     0.999996      3384446    262144.00
  459263.000     0.999997      3384447    291271.11
  460031.000     0.999997      3384449    327680.00
  460031.000     0.999997      3384449    374491.43
  461311.000     0.999998      3384451    436906.67
  463871.000     0.999998      3384452    524288.00
  464895.000     0.999998      3384453    582542.22
  464895.000     0.999998      3384453    655360.00
  465663.000     0.999999      3384454    748982.86
  466943.000     0.999999      3384455    873813.33
  466943.000     0.999999      3384455   1048576.00
  491007.000     0.999999      3384456   1165084.44
  491007.000     0.999999      3384456   1310720.00
  491007.000     0.999999      3384456   1497965.71
  491263.000     0.999999      3384457   1747626.67
  491263.000     1.000000      3384457   2097152.00
  491263.000     1.000000      3384457   2330168.89
  491263.000     1.000000      3384457   2621440.00
  491263.000     1.000000      3384457   2995931.43
  576511.000     1.000000      3384458   3495253.33
  576511.000     1.000000      3384458          inf
#[Mean    =    43788.986, StdDeviation   =    67962.381]
#[Max     =   576511.000, Total count    =      3384458]
#[Buckets =           10, SubBuckets     =         2048]
