       Value   Percentile   TotalCount 1/(1-Percentile)

     160.000     0.000000            1         1.00
    1062.000     0.100000       314937         1.11
    1843.000     0.200000       629745         1.25
    2929.000     0.300000       944633         1.43
    4065.000     0.400000      1259402         1.67
    5587.000     0.500000      1574124         2.00
    6755.000     0.550000      1731696         2.22
    8351.000     0.600000      1889330         2.50
   10335.000     0.650000      2046330         2.86
   12767.000     0.700000      2203689         3.33
   15911.000     0.750000      2360892         4.00
   17951.000     0.775000      2439750         4.44
   20559.000     0.800000      2518405         5.00
   24047.000     0.825000      2597133         5.71
   28687.000     0.850000      2675599         6.67
   35551.000     0.875000      2754531         8.00
   40127.000     0.887500      2793802         8.89
   45919.000     0.900000      2833042        10.00
   54367.000     0.912500      2872392        11.43
   66239.000     0.925000      2911759        13.33
   83455.000     0.937500      2951139        16.00
   94847.000     0.943750      2970757        17.78
  106879.000     0.950000      2990374        20.00
  120063.000     0.956250      3010117        22.86
  134143.000     0.962500      3029824        26.67
  150143.000     0.968750      3049441        32.00
  159871.000     0.971875      3059269        35.56
  171647.000     0.975000      3069100        40.00
  185087.000     0.978125      3078953        45.71
  202623.000     0.981250      3088790        53.33
  225279.000     0.984375      3098610        64.00
  240639.000     0.985938      3103511        71.11
  260735.000     0.987500      3108417        80.00
  285183.000     0.989062      3113356        91.43
  313599.000     0.990625      3118261       106.67
  355327.000     0.992188      3123178       128.00
  379135.000     0.992969      3125638       142.22
  408063.000     0.993750      3128085       160.00
  436479.000     0.994531      3130549       182.86
  456447.000     0.995313      3133002       213.33
  482047.000     0.996094      3135477       256.00
  496895.000     0.996484      3136698       284.44
  513279.000     0.996875      3137929       320.00
  529919.000     0.997266      3139151       365.71
  546303.000     0.997656      3140414       426.67
  566783.000     0.998047      3141619       512.00
  580095.000     0.998242      3142227       568.89
  592895.000     0.998437      3142837       640.00
  609279.000     0.998633      3143457       731.43
  632831.000     0.998828      3144083       853.33
  654847.000     0.999023      3144697      1024.00
  662015.000     0.999121      3145003      1137.78
  671231.000     0.999219      3145300      1280.00
  683519.000     0.999316      3145614      1462.86
  693247.000     0.999414      3145925      1706.67
  702463.000     0.999512      3146223      2048.00
  712703.000     0.999561      3146372      2275.56
  727039.000     0.999609      3146528      2560.00
  740863.000     0.999658      3146686      2925.71
  751615.000     0.999707      3146840      3413.33
  760831.000     0.999756      3146993      4096.00
  767487.000     0.999780      3147067      4551.11
  776703.000     0.999805      3147146      5120.00
  791551.000     0.999829      3147219      5851.43
  798719.000     0.999854      3147295      6826.67
  806399.000     0.999878      3147377      8192.00
  809471.000     0.999890      3147410      9102.22
  821759.000     0.999902      3147450     10240.00
  843775.000     0.999915      3147488     11702.86
  853503.000     0.999927      3147527     13653.33
  858623.000     0.999939      3147564     16384.00
  862719.000     0.999945      3147584     18204.44
  871423.000     0.999951      3147602     20480.00
  874495.000     0.999957      3147621     23405.71
  883199.000     0.999963      3147641     27306.67
  887295.000     0.999969      3147662     32768.00
  889855.000     0.999973      3147672     36408.89
  891391.000     0.999976      3147679     40960.00
  892415.000     0.999979      3147688     46811.43
  893951.000     0.999982      3147699     54613.33
  894463.000     0.999985      3147707     65536.00
  894975.000     0.999986      3147714     72817.78
  895487.000     0.999988      3147720     81920.00
  895999.000     0.999989      3147722     93622.86
  896511.000     0.999991      3147727    109226.67
  897535.000     0.999992      3147731    131072.00
  899071.000     0.999993      3147739    145635.56
  899071.000     0.999994      3147739    163840.00
  899071.000     0.999995      3147739    187245.71
  900095.000     0.999995      3147741    218453.33
  901119.000     0.999996      3147745    262144.00
  901119.000     0.999997      3147745    291271.11
  901631.000     0.999997      3147747    327680.00
  901631.000     0.999997      3147747    374491.43
  902655.000     0.999998      3147748    436906.67
  903167.000     0.999998      3147749    524288.00
  903679.000     0.999998      3147751    582542.22
  903679.000     0.999998      3147751    655360.00
  903679.000     0.999999      3147751    748982.86
  904703.000     0.999999      3147752    873813.33
  904703.000     0.999999      3147752   1048576.00
  905215.000     0.999999      3147753   1165084.44
  905215.000     0.999999      3147753   1310720.00
  905215.000     0.999999      3147753   1497965.71
  925183.000     0.999999      3147754   1747626.67
  925183.000     1.000000      3147754   2097152.00
  925183.000     1.000000      3147754   2330168.89
  925183.000     1.000000      3147754   2621440.00
  925183.000     1.000000      3147754   2995931.43
  936959.000     1.000000      3147755   3495253.33
  936959.000     1.000000      3147755          inf
#[Mean    =    22460.646, StdDeviation   =    58643.290]
#[Max     =   936959.000, Total count    =      3147755]
#[Buckets =           10, SubBuckets     =         2048]
