       Value   Percentile   TotalCount 1/(1-Percentile)

      61.000     0.000000            1         1.00
      83.000     0.100000       142567         1.11
      88.000     0.200000       296632         1.25
      93.000     0.300000       421408         1.43
     101.000     0.400000       558653         1.67
     114.000     0.500000       684458         2.00
     124.000     0.550000       754384         2.22
     134.000     0.600000       821082         2.50
     146.000     0.650000       890984         2.86
     160.000     0.700000       959160         3.33
     174.000     0.750000      1029000         4.00
     180.000     0.775000      1060857         4.44
     187.000     0.800000      1096576         5.00
     194.000     0.825000      1129777         5.71
     202.000     0.850000      1163888         6.67
     212.000     0.875000      1197260         8.00
     228.000     0.900000      1229837        10.00
     240.000     0.912500      1247608        11.43
     253.000     0.925000      1263346        13.33
     269.000     0.937500      1280766        16.00
     278.000     0.943750      1289623        17.78
     287.000     0.950000      1298290        20.00
     295.000     0.956250      1306811        22.86
     304.000     0.962500      1315207        26.67
     313.000     0.968750      1323469        32.00
     318.000     0.971875      1328141        35.56
     322.000     0.975000      1331702        40.00
     328.000     0.978125      1336177        45.71
     334.000     0.981250      1340263        53.33
     341.000     0.984375      1345052        64.00
     348.000     0.987500      1349042        80.00
     352.000     0.989063      1350851        91.43
     358.000     0.990625      1353273       106.67
     363.000     0.992188      1355208       128.00
     370.000     0.993750      1357432       160.00
     374.000     0.994531      1358479       182.86
     378.000     0.995313      1359325       213.33
     384.000     0.996094      1360425       256.00
     387.000     0.996484      1360929       284.44
     391.000     0.996875      1361539       320.00
     395.000     0.997266      1362062       365.71
     400.000     0.997656      1362579       426.67
     406.000     0.998047      1363098       512.00
     409.000     0.998242      1363320       568.89
     413.000     0.998437      1363599       640.00
     418.000     0.998633      1363887       731.43
     423.000     0.998828      1364161       853.33
     429.000     0.999023      1364417      1024.00
     432.000     0.999121      1364535      1137.78
     435.000     0.999219      1364648      1280.00
     439.000     0.999316      1364782      1462.86
     444.000     0.999414      1364918      1706.67
     450.000     0.999512      1365053      2048.00
     453.000     0.999561      1365127      2275.56
     457.000     0.999609      1365189      2560.00
     462.000     0.999658      1365253      2925.71
     467.000     0.999707      1365315      3413.33
     474.000     0.999756      1365388      4096.00
     480.000     0.999805      1365448      5120.00
     484.000     0.999829      1365484      5851.43
     491.000     0.999854      1365519      6826.67
     498.000     0.999878      1365546      8192.00
     510.000     0.999902      1365578     10240.00
     519.000     0.999915      1365597     11702.86
     529.000     0.999927      1365613     13653.33
     566.000     0.999939      1365628     16384.00
     719.000     0.999951      1365645     20480.00
     782.000     0.999957      1365653     23405.71
     826.000     0.999963      1365661     27306.67
     907.000     0.999969      1365670     32768.00
     934.000     0.999973      1365674     36408.89
    1053.000     0.999976      1365678     40960.00
    1170.000     0.999979      1365682     46811.43
    1231.000     0.999982      1365686     54613.33
    1303.000     0.999985      1365691     65536.00
    1355.000     0.999986      1365693     72817.78
    1370.000     0.999988      1365695     81920.00
    1396.000     0.999989      1365697     93622.86
    1434.000     0.999991      1365699    109226.67
    1514.000     0.999992      1365701    131072.00
    1522.000     0.999993      1365702    145635.56
    1554.000     0.999994      1365703    163840.00
    1567.000     0.999995      1365704    187245.71
    1580.000     0.999995      1365705    218453.33
    1605.000     0.999996      1365706    262144.00
    1631.000     0.999997      1365707    291271.11
    1631.000     0.999997      1365707    327680.00
    1679.000     0.999997      1365708    374491.43
    1679.000     0.999998      1365708    436906.67
    1736.000     0.999998      1365709    524288.00
    1736.000     0.999998      1365709    582542.22
    1736.000     0.999998      1365709    655360.00
    1781.000     0.999999      1365710    748982.86
    1781.000     0.999999      1365710    873813.33
    1781.000     0.999999      1365710   1048576.00
    1781.000     0.999999      1365710   1165084.44
    1781.000     0.999999      1365710   1310720.00
    2625.000     0.999999      1365711   1497965.71
    2625.000     1.000000      1365711          inf
#[Mean    =      139.860, StdDeviation   =       66.174]
#[Max     =     2625.000, Total count    =      1365711]
#[Buckets =            2, SubBuckets     =         2048]
