       Value   Percentile   TotalCount 1/(1-Percentile)

     143.000     0.000000            1         1.00
     465.000     0.100000       349648         1.11
     743.000     0.200000       699733         1.25
    2169.000     0.300000      1048978         1.43
    5171.000     0.400000      1398497         1.67
    8431.000     0.500000      1748326         2.00
   10111.000     0.550000      1923124         2.22
   11975.000     0.600000      2097986         2.50
   14831.000     0.650000      2272264         2.86
   18831.000     0.700000      2447111         3.33
   23071.000     0.750000      2622304         4.00
   25487.000     0.775000      2709614         4.44
   28271.000     0.800000      2796685         5.00
   31647.000     0.825000      2884061         5.71
   36447.000     0.850000      2971836         6.67
   43327.000     0.875000      3058809         8.00
   47775.000     0.887500      3102716         8.89
   53215.000     0.900000      3146403        10.00
   59839.000     0.912500      3189909        11.43
   67199.000     0.925000      3233659        13.33
   75967.000     0.937500      3277547        16.00
   81151.000     0.943750      3299149        17.78
   87231.000     0.950000      3321106        20.00
   94143.000     0.956250      3342889        22.86
  102207.000     0.962500      3364784        26.67
  113599.000     0.968750      3386554        32.00
  120447.000     0.971875      3397470        35.56
  128319.000     0.975000      3408412        40.00
  137471.000     0.978125      3419298        45.71
  149247.000     0.981250      3430280        53.33
  162431.000     0.984375      3441181        64.00
  169599.000     0.985938      3446686        71.11
  178303.000     0.987500      3452104        80.00
  189183.000     0.989062      3457549        91.43
  202879.000     0.990625      3463013       106.67
  218879.000     0.992188      3468446       128.00
  228479.000     0.992969      3471176       142.22
  239615.000     0.993750      3473925       160.00
  251007.000     0.994531      3476646       182.86
  263935.000     0.995313      3479380       213.33
  279551.000     0.996094      3482119       256.00
  288511.000     0.996484      3483487       284.44
  299263.000     0.996875      3484842       320.00
  311807.000     0.997266      3486202       365.71
  326911.000     0.997656      3487573       426.67
  344575.000     0.998047      3488945       512.00
  355327.000     0.998242      3489613       568.89
  370175.000     0.998437      3490296       640.00
  391423.000     0.998633      3490975       731.43
  413695.000     0.998828      3491664       853.33
  449791.000     0.999023      3492340      1024.00
  463103.000     0.999121      3492687      1137.78
  479999.000     0.999219      3493023      1280.00
  501503.000     0.999316      3493366      1462.86
  520191.000     0.999414      3493710      1706.67
  543743.000     0.999512      3494048      2048.00
  562687.000     0.999561      3494221      2275.56
  577535.000     0.999609      3494389      2560.00
  603647.000     0.999658      3494561      2925.71
  659455.000     0.999707      3494729      3413.33
  707071.000     0.999756      3494901      4096.00
  738303.000     0.999780      3494985      4551.11
  767999.000     0.999805      3495071      5120.00
  802303.000     0.999829      3495163      5851.43
  883711.000     0.999854      3495242      6826.67
 1064959.000     0.999878      3495327      8192.00
 1099775.000     0.999890      3495371      9102.22
 1105919.000     0.999902      3495426     10240.00
 1120255.000     0.999915      3495455     11702.86
 1166335.000     0.999927      3495498     13653.33
 1231871.000     0.999939      3495540     16384.00
 1236991.000     0.999945      3495562     18204.44
 1239039.000     0.999951      3495590     20480.00
 1324031.000     0.999957      3495604     23405.71
 1346559.000     0.999963      3495630     27306.67
 1358847.000     0.999969      3495648     32768.00
 1364991.000     0.999973      3495657     36408.89
 1374207.000     0.999976      3495668     40960.00
 1378303.000     0.999979      3495680     46811.43
 1384447.000     0.999982      3495689     54613.33
 1399807.000     0.999985      3495700     65536.00
 1410047.000     0.999986      3495705     72817.78
 1417215.000     0.999988      3495711     81920.00
 1424383.000     0.999989      3495716     93622.86
 1428479.000     0.999991      3495721    109226.67
 1437695.000     0.999992      3495728    131072.00
 1442815.000     0.999993      3495730    145635.56
 1446911.000     0.999994      3495732    163840.00
 1453055.000     0.999995      3495735    187245.71
 1456127.000     0.999995      3495737    218453.33
 1461247.000     0.999996      3495741    262144.00
 1461247.000     0.999997      3495741    291271.11
 1462271.000     0.999997      3495743    327680.00
 1464319.000     0.999997      3495745    374491.43
 1464319.000     0.999998      3495745    436906.67
 1466367.000     0.999998      3495748    524288.00
 1466367.000     0.999998      3495748    582542.22
 1466367.000     0.999998      3495748    655360.00
 1467391.000     0.999999      3495752    748982.86
 1467391.000     0.999999      3495752    873813.33
 1467391.000     0.999999      3495752   1048576.00
 1467391.000     0.999999      3495752   1165084.44
 1467391.000     0.999999      3495752   1310720.00
 1467391.000     0.999999      3495752   1497965.71
 1467391.000     0.999999      3495752   1747626.67
 1467391.000     1.000000      3495752   2097152.00
 1467391.000     1.000000      3495752   2330168.89
 1467391.000     1.000000      3495752   2621440.00
 1467391.000     1.000000      3495752   2995931.43
 1467391.000     1.000000      3495752   3495253.33
 1468415.000     1.000000      3495753   4194304.00
 1468415.000     1.000000      3495753          inf
#[Mean    =    21268.455, StdDeviation   =    42623.745]
#[Max     =  1468415.000, Total count    =      3495753]
#[Buckets =           11, SubBuckets     =         2048]
