       Value   Percentile   TotalCount 1/(1-Percentile)

    4647.000     0.000000            1         1.00
   55263.000     0.100000        22464         1.11
   55359.000     0.200000        39583         1.25
   55455.000     0.300000        61451         1.43
   55519.000     0.400000        79703         1.67
   55583.000     0.500000        96877         2.00
   55615.000     0.550000       103754         2.22
   55647.000     0.600000       110240         2.50
   55679.000     0.650000       116628         2.86
   55743.000     0.700000       128554         3.33
   55775.000     0.750000       134643         4.00
   55807.000     0.775000       139933         4.44
   55839.000     0.800000       144411         5.00
   55871.000     0.825000       148450         5.71
   55935.000     0.850000       154777         6.67
   55967.000     0.875000       156722         8.00
   56031.000     0.887500       159068         8.89
   56127.000     0.900000       161274        10.00
   56223.000     0.912500       163633        11.43
   56319.000     0.925000       166264        13.33
   56383.000     0.937500       168204        16.00
   56415.000     0.943750       169225        17.78
   56447.000     0.950000       170255        20.00
   56511.000     0.956250       171907        22.86
   56543.000     0.962500       172595        26.67
   56607.000     0.968750       173605        32.00
   56671.000     0.971875       174085        35.56
   57247.000     0.975000       174566        40.00
   57503.000     0.978125       175168        45.71
   57727.000     0.981250       175847        53.33
   57823.000     0.984375       176252        64.00
   57919.000     0.985938       176590        71.11
   58015.000     0.987500       176843        80.00
   58143.000     0.989062       177115        91.43
   58271.000     0.990625       177375       106.67
   58815.000     0.992188       177647       128.00
   59775.000     0.992969       177778       142.22
   61407.000     0.993750       177919       160.00
   62815.000     0.994531       178063       182.86
   64575.000     0.995313       178196       213.33
   66239.000     0.996094       178339       256.00
   66367.000     0.996484       178509       284.44
   66367.000     0.996875       178509       320.00
   66431.000     0.997266       178591       365.71
   66495.000     0.997656       178645       426.67
   66943.000     0.998047       178698       512.00
   67007.000     0.998242       178753       568.89
   67071.000     0.998437       178820       640.00
   67071.000     0.998633       178820       731.43
   67135.000     0.998828       178829       853.33
   67263.000     0.999023       178891      1024.00
   67263.000     0.999121       178891      1137.78
   67327.000     0.999219       178932      1280.00
   67327.000     0.999316       178932      1462.86
   67327.000     0.999414       178932      1706.67
   67391.000     0.999512       178972      2048.00
   67391.000     0.999561       178972      2275.56
   67391.000     0.999609       178972      2560.00
   67455.000     0.999658       179003      2925.71
   67455.000     0.999707       179003      3413.33
   67455.000     0.999756       179003      4096.00
   67455.000     0.999780       179003      4551.11
   67455.000     0.999805       179003      5120.00
   67519.000     0.999829       179010      5851.43
   67519.000     0.999854       179010      6826.67
  118015.000     0.999878       179023      8192.00
  118015.000     0.999890       179023      9102.22
  118015.000     0.999902       179023     10240.00
  118015.000     0.999915       179023     11702.86
  118015.000     0.999927       179023     13653.33
  118399.000     0.999939       179033     16384.00
  118399.000     0.999945       179033     18204.44
  118399.000     0.999951       179033     20480.00
  118399.000     0.999957       179033     23405.71
  118399.000     0.999963       179033     27306.67
  118399.000     0.999969       179033     32768.00
  118399.000     0.999973       179033     36408.89
  118399.000     0.999976       179033     40960.00
  118399.000     0.999979       179033     46811.43
  118399.000     0.999982       179033     54613.33
  118399.000     0.999985       179033     65536.00
  118399.000     0.999986       179033     72817.78
  118399.000     0.999988       179033     81920.00
  119039.000     0.999989       179035     93622.86
  119039.000     1.000000       179035          inf
#[Mean    =    55635.336, StdDeviation   =     1822.572]
#[Max     =   119039.000, Total count    =       179035]
#[Buckets =            7, SubBuckets     =         2048]
