       Value   Percentile   TotalCount 1/(1-Percentile)

      92.000     0.000000            1         1.00
     104.000     0.100000        28965         1.11
     106.000     0.200000        60955         1.25
     106.000     0.300000        60955         1.43
     107.000     0.400000        79114         1.67
     124.000     0.500000        90071         2.00
     169.000     0.550000        99482         2.22
     173.000     0.600000       108558         2.50
     179.000     0.650000       117070         2.86
     195.000     0.700000       127043         3.33
     205.000     0.750000       137202         4.00
     209.000     0.775000       139583         4.44
     226.000     0.800000       144512         5.00
     233.000     0.825000       149608         5.71
     238.000     0.850000       153053         6.67
     245.000     0.875000       157749         8.00
     247.000     0.887500       159968         8.89
     253.000     0.900000       162252        10.00
     254.000     0.912500       164717        11.43
     255.000     0.925000       169693        13.33
     255.000     0.937500       169693        16.00
     256.000     0.943750       173546        17.78
     256.000     0.950000       173546        20.00
     256.000     0.956250       173546        22.86
     256.000     0.962500       173546        26.67
     257.000     0.968750       175048        32.00
     257.000     0.971875       175048        35.56
     258.000     0.975000       175814        40.00
     259.000     0.978125       176267        45.71
     260.000     0.981250       176650        53.33
     262.000     0.984375       177254        64.00
     263.000     0.985938       177575        71.11
     264.000     0.987500       177864        80.00
     265.000     0.989062       178110        91.43
     266.000     0.990625       178357       106.67
     267.000     0.992188       178569       128.00
     268.000     0.992969       178762       142.22
     268.000     0.993750       178762       160.00
     269.000     0.994531       178969       182.86
     270.000     0.995313       179150       213.33
     271.000     0.996094       179290       256.00
     271.000     0.996484       179290       284.44
     272.000     0.996875       179407       320.00
     272.000     0.997266       179407       365.71
     273.000     0.997656       179471       426.67
     274.000     0.998047       179516       512.00
     275.000     0.998242       179547       568.89
     276.000     0.998437       179587       640.00
     277.000     0.998633       179620       731.43
     279.000     0.998828       179658       853.33
     280.000     0.999023       179681      1024.00
     282.000     0.999121       179701      1137.78
     283.000     0.999219       179713      1280.00
     285.000     0.999316       179731      1462.86
     289.000     0.999414       179751      1706.67
     297.000     0.999512       179767      2048.00
     301.000     0.999561       179774      2275.56
     311.000     0.999609       179783      2560.00
     334.000     0.999658       179792      2925.71
     461.000     0.999707       179801      3413.33
     748.000     0.999756       179810      4096.00
    1245.000     0.999780       179814      4551.11
    1409.000     0.999805       179818      5120.00
    1508.000     0.999829       179823      5851.43
    1735.000     0.999854       179827      6826.67
    1823.000     0.999878       179832      8192.00
    2253.000     0.999890       179834      9102.22
    4267.000     0.999902       179836     10240.00
    4575.000     0.999915       179838     11702.86
    4647.000     0.999927       179840     13653.33
    5215.000     0.999939       179843     16384.00
    5263.000     0.999945       179844     18204.44
    5343.000     0.999951       179845     20480.00
    5463.000     0.999957       179846     23405.71
   17551.000     0.999963       179847     27306.67
   17679.000     0.999969       179848     32768.00
   17823.000     0.999973       179849     36408.89
   17823.000     0.999976       179849     40960.00
   18863.000     0.999979       179850     46811.43
   18863.000     0.999982       179850     54613.33
   18895.000     0.999985       179851     65536.00
   18895.000     0.999986       179851     72817.78
   18895.000     0.999988       179851     81920.00
   19231.000     0.999989       179852     93622.86
   19231.000     0.999991       179852    109226.67
   19231.000     0.999992       179852    131072.00
   19231.000     0.999993       179852    145635.56
   19231.000     0.999994       179852    163840.00
   19983.000     0.999995       179853    187245.71
   19983.000     1.000000       179853          inf
#[Mean    =      158.859, StdDeviation   =      135.008]
#[Max     =    19983.000, Total count    =       179853]
#[Buckets =            5, SubBuckets     =         2048]
