       Value   Percentile   TotalCount 1/(1-Percentile)

     133.000     0.000000            1         1.00
     652.000     0.100000       333570         1.11
    1232.000     0.200000       666690         1.25
    3309.000     0.300000       999714         1.43
    5963.000     0.400000      1333277         1.67
    9263.000     0.500000      1666620         2.00
   11199.000     0.550000      1833142         2.22
   13623.000     0.600000      1999725         2.50
   16575.000     0.650000      2166045         2.86
   20127.000     0.700000      2332657         3.33
   25247.000     0.750000      2499651         4.00
   28159.000     0.775000      2582660         4.44
   30783.000     0.800000      2666017         5.00
   33503.000     0.825000      2749762         5.71
   37279.000     0.850000      2832557         6.67
   42591.000     0.875000      2916454         8.00
   45567.000     0.887500      2957530         8.89
   50559.000     0.900000      2999340        10.00
   56191.000     0.912500      3040981        11.43
   62783.000     0.925000      3082482        13.33
   70399.000     0.937500      3124123        16.00
   74175.000     0.943750      3144918        17.78
   78911.000     0.950000      3165887        20.00
   84607.000     0.956250      3186700        22.86
   90559.000     0.962500      3207480        26.67
   97791.000     0.968750      3228305        32.00
  101951.000     0.971875      3238668        35.56
  107199.000     0.975000      3249131        40.00
  113663.000     0.978125      3259516        45.71
  121983.000     0.981250      3269921        53.33
  131583.000     0.984375      3280344        64.00
  136191.000     0.985938      3285625        71.11
  141183.000     0.987500      3290759        80.00
  147199.000     0.989062      3295969        91.43
  154623.000     0.990625      3301185       106.67
  162815.000     0.992188      3306389       128.00
  167039.000     0.992969      3308939       142.22
  171903.000     0.993750      3311571       160.00
  177279.000     0.994531      3314196       182.86
  182015.000     0.995313      3316752       213.33
  191487.000     0.996094      3319359       256.00
  198143.000     0.996484      3320647       284.44
  206591.000     0.996875      3321951       320.00
  216063.000     0.997266      3323266       365.71
  227967.000     0.997656      3324553       426.67
  240895.000     0.998047      3325856       512.00
  246655.000     0.998242      3326507       568.89
  253695.000     0.998437      3327160       640.00
  259839.000     0.998633      3327810       731.43
  266751.000     0.998828      3328466       853.33
  275199.000     0.999023      3329129      1024.00
  279551.000     0.999121      3329446      1137.78
  285695.000     0.999219      3329764      1280.00
  292607.000     0.999316      3330087      1462.86
  300799.000     0.999414      3330416      1706.67
  313599.000     0.999512      3330734      2048.00
  320511.000     0.999561      3330898      2275.56
  326143.000     0.999609      3331061      2560.00
  331519.000     0.999658      3331229      2925.71
  340735.000     0.999707      3331387      3413.33
  349439.000     0.999756      3331549      4096.00
  356095.000     0.999780      3331630      4551.11
  363263.000     0.999805      3331713      5120.00
  371711.000     0.999829      3331799      5851.43
  384255.000     0.999854      3331873      6826.67
  401151.000     0.999878      3331959      8192.00
  409343.000     0.999890      3331996      9102.22
  417279.000     0.999902      3332037     10240.00
  426239.000     0.999915      3332078     11702.86
  430847.000     0.999927      3332120     13653.33
  436735.000     0.999939      3332159     16384.00
  440319.000     0.999945      3332179     18204.44
  445951.000     0.999951      3332200     20480.00
  448255.000     0.999957      3332219     23405.71
  464127.000     0.999963      3332241     27306.67
  474623.000     0.999969      3332260     32768.00
  476415.000     0.999973      3332277     36408.89
  476671.000     0.999976      3332299     40960.00
  476671.000     0.999979      3332299     46811.43
  476927.000     0.999982      3332302     54613.33
  480255.000     0.999985      3332311     65536.00
  480511.000     0.999986      3332325     72817.78
  480511.000     0.999988      3332325     81920.00
  480767.000     0.999989      3332328     93622.86
  486655.000     0.999991      3332331    109226.67
  488191.000     0.999992      3332336    131072.00
  488959.000     0.999993      3332339    145635.56
  514047.000     0.999994      3332343    163840.00
  514303.000     0.999995      3332345    187245.71
  515071.000     0.999995      3332346    218453.33
  555007.000     0.999996      3332351    262144.00
  555007.000     0.999997      3332351    291271.11
  555007.000     0.999997      3332351    327680.00
  556031.000     0.999997      3332357    374491.43
  556031.000     0.999998      3332357    436906.67
  556031.000     0.999998      3332357    524288.00
  556031.000     0.999998      3332357    582542.22
  556031.000     0.999998      3332357    655360.00
  556031.000     0.999999      3332357    748982.86
  557055.000     0.999999      3332359    873813.33
  557055.000     0.999999      3332359   1048576.00
  557055.000     0.999999      3332359   1165084.44
  557055.000     0.999999      3332359   1310720.00
  557055.000     0.999999      3332359   1497965.71
  558079.000     0.999999      3332361   1747626.67
  558079.000     1.000000      3332361          inf
#[Mean    =    20087.209, StdDeviation   =    30888.904]
#[Max     =   558079.000, Total count    =      3332361]
#[Buckets =           10, SubBuckets     =         2048]
