       Value   Percentile   TotalCount 1/(1-Percentile)

      42.000     0.000000            1         1.00
      57.000     0.100000       234516         1.11
      62.000     0.200000       503247         1.25
      66.000     0.300000       732378         1.43
      70.000     0.400000       950661         1.67
      75.000     0.500000      1169629         2.00
      78.000     0.550000      1277021         2.22
      81.000     0.600000      1373100         2.50
      85.000     0.650000      1489445         2.86
      90.000     0.700000      1617148         3.33
      95.000     0.750000      1718755         4.00
      99.000     0.775000      1785533         4.44
     102.000     0.800000      1830145         5.00
     106.000     0.825000      1886248         5.71
     111.000     0.850000      1953935         6.67
     115.000     0.875000      2006143         8.00
     117.000     0.887500      2031418         8.89
     119.000     0.900000      2056655        10.00
     122.000     0.912500      2092981        11.43
     124.000     0.925000      2115657        13.33
     127.000     0.937500      2146860        16.00
     128.000     0.943750      2156668        17.78
     130.000     0.950000      2174404        20.00
     132.000     0.956250      2189728        22.86
     134.000     0.962500      2203216        26.67
     136.000     0.968750      2215150        32.00
     137.000     0.971875      2220613        35.56
     139.000     0.975000      2230647        40.00
     140.000     0.978125      2235289        45.71
     142.000     0.981250      2243856        53.33
     144.000     0.984375      2251370        64.00
     145.000     0.985938      2254675        71.11
     146.000     0.987500      2257748        80.00
     147.000     0.989062      2260541        91.43
     149.000     0.990625      2265410       106.67
     150.000     0.992188      2267455       128.00
     151.000     0.992969      2269278       142.22
     152.000     0.993750      2270879       160.00
     154.000     0.994531      2273563       182.86
     155.000     0.995313      2274696       213.33
     157.000     0.996094      2276646       256.00
     158.000     0.996484      2277500       284.44
     159.000     0.996875      2278209       320.00
     160.000     0.997266      2278925       365.71
     161.000     0.997656      2279547       426.67
     163.000     0.998047      2280650       512.00
     164.000     0.998242      2281094       568.89
     165.000     0.998437      2281496       640.00
     166.000     0.998633      2281850       731.43
     168.000     0.998828      2282445       853.33
     169.000     0.999023      2282706      1024.00
     170.000     0.999121      2282946      1137.78
     171.000     0.999219      2283138      1280.00
     172.000     0.999316      2283313      1462.86
     174.000     0.999414      2283627      1706.67
     175.000     0.999512      2283763      2048.00
     176.000     0.999561      2283880      2275.56
     178.000     0.999609      2284058      2560.00
     179.000     0.999658      2284133      2925.71
     181.000     0.999707      2284261      3413.33
     182.000     0.999756      2284325      4096.00
     184.000     0.999780      2284410      4551.11
     185.000     0.999805      2284449      5120.00
     186.000     0.999829      2284485      5851.43
     188.000     0.999854      2284550      6826.67
     190.000     0.999878      2284595      8192.00
     192.000     0.999890      2284629      9102.22
     194.000     0.999902      2284660     10240.00
     196.000     0.999915      2284684     11702.86
     198.000     0.999927      2284704     13653.33
     202.000     0.999939      2284735     16384.00
     205.000     0.999945      2284753     18204.44
     207.000     0.999951      2284768     20480.00
     209.000     0.999957      2284780     23405.71
     212.000     0.999963      2284789     27306.67
     217.000     0.999969      2284802     32768.00
     220.000     0.999973      2284811     36408.89
     225.000     0.999976      2284817     40960.00
     232.000     0.999979      2284824     46811.43
     238.000     0.999982      2284830     54613.33
     252.000     0.999985      2284837     65536.00
     265.000     0.999986      2284840     72817.78
     275.000     0.999988      2284844     81920.00
     311.000     0.999989      2284847     93622.86
     776.000     0.999991      2284851    109226.67
     840.000     0.999992      2284855    131072.00
     844.000     0.999993      2284856    145635.56
     868.000     0.999994      2284858    163840.00
     880.000     0.999995      2284859    187245.71
     901.000     0.999995      2284861    218453.33
     928.000     0.999996      2284863    262144.00
     945.000     0.999997      2284864    291271.11
     967.000     0.999997      2284865    327680.00
     967.000     0.999997      2284865    374491.43
     989.000     0.999998      2284866    436906.67
    1006.000     0.999998      2284867    524288.00
    1077.000     0.999998      2284868    582542.22
    1077.000     0.999998      2284868    655360.00
    1077.000     0.999999      2284868    748982.86
    1148.000     0.999999      2284869    873813.33
    1148.000     0.999999      2284869   1048576.00
    1151.000     0.999999      2284870   1165084.44
    1151.000     0.999999      2284870   1310720.00
    1151.000     0.999999      2284870   1497965.71
    1151.000     0.999999      2284870   1747626.67
    1151.000     1.000000      2284870   2097152.00
    1287.000     1.000000      2284871   2330168.89
    1287.000     1.000000      2284871          inf
#[Mean    =       82.020, StdDeviation   =       24.048]
#[Max     =     1287.000, Total count    =      2284871]
#[Buckets =            1, SubBuckets     =         2048]
