       Value   Percentile   TotalCount 1/(1-Percentile)

     110.000     0.000000            1         1.00
     615.000     0.100000      1069539         1.11
     910.000     0.200000      2139155         1.25
    1272.000     0.300000      3208443         1.43
    1740.000     0.400000      4278496         1.67
    2329.000     0.500000      5348102         2.00
    2733.000     0.550000      5881604         2.22
    3435.000     0.600000      6416737         2.50
    4799.000     0.650000      6950387         2.86
    7011.000     0.700000      7485353         3.33
    9423.000     0.750000      8020033         4.00
   10615.000     0.775000      8287598         4.44
   11919.000     0.800000      8555635         5.00
   13391.000     0.825000      8822082         5.71
   15263.000     0.850000      9089296         6.67
   17631.000     0.875000      9357695         8.00
   18959.000     0.887500      9490067         8.89
   20447.000     0.900000      9623562        10.00
   22047.000     0.912500      9757786        11.43
   23791.000     0.925000      9891074        13.33
   25775.000     0.937500     10024851        16.00
   26847.000     0.943750     10092004        17.78
   27967.000     0.950000     10158992        20.00
   29151.000     0.956250     10225731        22.86
   30383.000     0.962500     10292610        26.67
   31727.000     0.968750     10359339        32.00
   32463.000     0.971875     10392308        35.56
   33247.000     0.975000     10425833        40.00
   34111.000     0.978125     10459346        45.71
   35039.000     0.981250     10492606        53.33
   36095.000     0.984375     10526272        64.00
   36671.000     0.985938     10543141        71.11
   37279.000     0.987500     10559347        80.00
   37951.000     0.989062     10576085        91.43
   38751.000     0.990625     10593073       106.67
   39679.000     0.992188     10609528       128.00
   40223.000     0.992969     10617711       142.22
   40863.000     0.993750     10626249       160.00
   41567.000     0.994531     10634418       182.86
   42399.000     0.995313     10642949       213.33
   43359.000     0.996094     10651233       256.00
   43903.000     0.996484     10655229       284.44
   44575.000     0.996875     10659416       320.00
   45375.000     0.997266     10663665       365.71
   46271.000     0.997656     10667807       426.67
   47455.000     0.998047     10671926       512.00
   48255.000     0.998242     10674083       568.89
   49215.000     0.998437     10676155       640.00
   50463.000     0.998633     10678217       731.43
   52223.000     0.998828     10680308       853.33
   54911.000     0.999023     10682376      1024.00
   57631.000     0.999121     10683415      1137.78
   61951.000     0.999219     10684453      1280.00
   68543.000     0.999316     10685497      1462.86
   75327.000     0.999414     10686547      1706.67
   82687.000     0.999512     10687586      2048.00
   87167.000     0.999561     10688111      2275.56
   93567.000     0.999609     10688630      2560.00
   99839.000     0.999658     10689153      2925.71
  109759.000     0.999707     10689674      3413.33
  120895.000     0.999756     10690196      4096.00
  126591.000     0.999780     10690457      4551.11
  136447.000     0.999805     10690722      5120.00
  155519.000     0.999829     10690981      5851.43
  168831.000     0.999854     10691240      6826.67
  230271.000     0.999878     10691502      8192.00
  291071.000     0.999890     10691633      9102.22
  311039.000     0.999902     10691766     10240.00
  316415.000     0.999915     10691899     11702.86
  330239.000     0.999927     10692024     13653.33
  345087.000     0.999939     10692159     16384.00
  356863.000     0.999945     10692221     18204.44
  364287.000     0.999951     10692287     20480.00
  376319.000     0.999957     10692351     23405.71
  393727.000     0.999963     10692416     27306.67
  406271.000     0.999969     10692481     32768.00
  412159.000     0.999973     10692516     36408.89
  414207.000     0.999976     10692557     40960.00
  419071.000     0.999979     10692579     46811.43
  423423.000     0.999982     10692611     54613.33
  433407.000     0.999985     10692645     65536.00
  435455.000     0.999986     10692661     72817.78
  436479.000     0.999988     10692682     81920.00
  437503.000     0.999989     10692694     93622.86
  439039.000     0.999991     10692709    109226.67
  441855.000     0.999992     10692725    131072.00
  443903.000     0.999993     10692737    145635.56
  444159.000     0.999994     10692744    163840.00
  445439.000     0.999995     10692750    187245.71
  452351.000     0.999995     10692760    218453.33
  467455.000     0.999996     10692774    262144.00
  467455.000     0.999997     10692774    291271.11
  467455.000     0.999997     10692774    327680.00
  469503.000     0.999997     10692785    374491.43
  469503.000     0.999998     10692785    436906.67
  469759.000     0.999998     10692787    524288.00
  470527.000     0.999998     10692796    582542.22
  470527.000     0.999998     10692796    655360.00
  470527.000     0.999999     10692796    748982.86
  470527.000     0.999999     10692796    873813.33
  470527.000     0.999999     10692796   1048576.00
  470783.000     0.999999     10692802   1165084.44
  470783.000     0.999999     10692802   1310720.00
  470783.000     0.999999     10692802   1497965.71
  470783.000     0.999999     10692802   1747626.67
  470783.000     1.000000     10692802   2097152.00
  470783.000     1.000000     10692802   2330168.89
  470783.000     1.000000     10692802   2621440.00
  476927.000     1.000000     10692803   2995931.43
  476927.000     1.000000     10692803   3495253.33
  478463.000     1.000000     10692804   4194304.00
  478463.000     1.000000     10692804   4660337.78
  478463.000     1.000000     10692804   5242880.00
  478975.000     1.000000     10692806   5991862.86
  478975.000     1.000000     10692806          inf
#[Mean    =     6847.144, StdDeviation   =    10102.532]
#[Max     =   478975.000, Total count    =     10692806]
#[Buckets =            9, SubBuckets     =         2048]
