       Value   Percentile   TotalCount 1/(1-Percentile)

      44.000     0.000000            1         1.00
     865.000     0.100000      1336966         1.11
    1272.000     0.200000      2671145         1.25
    1766.000     0.300000      4005714         1.43
    2435.000     0.400000      5341221         1.67
    3537.000     0.500000      6676841         2.00
    4303.000     0.550000      7343861         2.22
    5231.000     0.600000      8013672         2.50
    6243.000     0.650000      8681088         2.86
    7399.000     0.700000      9347497         3.33
    8679.000     0.750000     10014766         4.00
    9359.000     0.775000     10347949         4.44
   10087.000     0.800000     10683913         5.00
   10855.000     0.825000     11018058         5.71
   11679.000     0.850000     11350050         6.67
   12559.000     0.875000     11683243         8.00
   13023.000     0.887500     11850820         8.89
   13511.000     0.900000     12019418        10.00
   14023.000     0.912500     12185976        11.43
   14567.000     0.925000     12351011        13.33
   15191.000     0.937500     12519227        16.00
   15527.000     0.943750     12601225        17.78
   15895.000     0.950000     12685336        20.00
   16295.000     0.956250     12768046        22.86
   16767.000     0.962500     12852786        26.67
   17311.000     0.968750     12936720        32.00
   17615.000     0.971875     12977794        35.56
   17951.000     0.975000     13018539        40.00
   18351.000     0.978125     13060787        45.71
   18831.000     0.981250     13102817        53.33
   19391.000     0.984375     13143949        64.00
   19727.000     0.985938     13164501        71.11
   20111.000     0.987500     13185389        80.00
   20559.000     0.989062     13206500        91.43
   21055.000     0.990625     13227063       106.67
   21631.000     0.992188     13247819       128.00
   21967.000     0.992969     13258317       142.22
   22335.000     0.993750     13268700       160.00
   22751.000     0.994531     13279439       182.86
   23215.000     0.995313     13289649       213.33
   23775.000     0.996094     13300117       256.00
   24079.000     0.996484     13305337       284.44
   24415.000     0.996875     13310602       320.00
   24799.000     0.997266     13315683       365.71
   25215.000     0.997656     13320955       426.67
   25727.000     0.998047     13326081       512.00
   26015.000     0.998242     13328700       568.89
   26319.000     0.998437     13331273       640.00
   26655.000     0.998633     13333886       731.43
   27039.000     0.998828     13336548       853.33
   27471.000     0.999023     13339051      1024.00
   27727.000     0.999121     13340376      1137.78
   28031.000     0.999219     13341661      1280.00
   28383.000     0.999316     13342968      1462.86
   28767.000     0.999414     13344272      1706.67
   29231.000     0.999512     13345577      2048.00
   29487.000     0.999561     13346213      2275.56
   29775.000     0.999609     13346889      2560.00
   30079.000     0.999658     13347529      2925.71
   30479.000     0.999707     13348172      3413.33
   31023.000     0.999756     13348824      4096.00
   31359.000     0.999780     13349146      4551.11
   31743.000     0.999805     13349477      5120.00
   32175.000     0.999829     13349792      5851.43
   32687.000     0.999854     13350117      6826.67
   33343.000     0.999878     13350450      8192.00
   33663.000     0.999890     13350609      9102.22
   33983.000     0.999902     13350774     10240.00
   34335.000     0.999915     13350939     11702.86
   34815.000     0.999927     13351107     13653.33
   35327.000     0.999939     13351265     16384.00
   35615.000     0.999945     13351346     18204.44
   35903.000     0.999951     13351425     20480.00
   36223.000     0.999957     13351504     23405.71
   36575.000     0.999963     13351584     27306.67
   37055.000     0.999969     13351665     32768.00
   37215.000     0.999973     13351708     36408.89
   37343.000     0.999976     13351750     40960.00
   37631.000     0.999979     13351796     46811.43
   37919.000     0.999982     13351828     54613.33
   38303.000     0.999985     13351873     65536.00
   38399.000     0.999986     13351889     72817.78
   38559.000     0.999988     13351912     81920.00
   38815.000     0.999989     13351930     93622.86
   39007.000     0.999991     13351951    109226.67
   39327.000     0.999992     13351971    131072.00
   39455.000     0.999993     13351981    145635.56
   39711.000     0.999994     13351993    163840.00
   39871.000     0.999995     13352002    187245.71
   40031.000     0.999995     13352012    218453.33
   40191.000     0.999996     13352022    262144.00
   40383.000     0.999997     13352027    291271.11
   40447.000     0.999997     13352032    327680.00
   40607.000     0.999997     13352037    374491.43
   40991.000     0.999998     13352042    436906.67
   41119.000     0.999998     13352048    524288.00
   41407.000     0.999998     13352051    582542.22
   41439.000     0.999998     13352052    655360.00
   41855.000     0.999999     13352055    748982.86
   42047.000     0.999999     13352057    873813.33
   42239.000     0.999999     13352060   1048576.00
   42303.000     0.999999     13352061   1165084.44
   42463.000     0.999999     13352062   1310720.00
   43135.000     0.999999     13352064   1497965.71
   43199.000     0.999999     13352065   1747626.67
   43679.000     1.000000     13352066   2097152.00
   43711.000     1.000000     13352067   2330168.89
   43711.000     1.000000     13352067   2621440.00
   43839.000     1.000000     13352068   2995931.43
   44031.000     1.000000     13352069   3495253.33
   44031.000     1.000000     13352069   4194304.00
   44447.000     1.000000     13352070   4660337.78
   44447.000     1.000000     13352070   5242880.00
   44447.000     1.000000     13352070   5991862.86
   44543.000     1.000000     13352071   6990506.67
   44543.000     1.000000     13352071   8388608.00
   44543.000     1.000000     13352071   9320675.55
   44543.000     1.000000     13352071  10485760.00
   44543.000     1.000000     13352071  11983725.71
   44607.000     1.000000     13352072  13981013.34
   44607.000     1.000000     13352072          inf
#[Mean    =     5597.194, StdDeviation   =     5168.159]
#[Max     =    44607.000, Total count    =     13352072]
#[Buckets =            6, SubBuckets     =         2048]
