       Value   Percentile   TotalCount 1/(1-Percentile)

     115.000     0.000000            2         1.00
    4535.000     0.100000      1122513         1.11
    4963.000     0.200000      2252384         1.25
    5407.000     0.300000      3368264         1.43
    5851.000     0.400000      4487397         1.67
    6339.000     0.500000      5610744         2.00
    6567.000     0.550000      6173453         2.22
    6819.000     0.600000      6729411         2.50
    7111.000     0.650000      7292578         2.86
    7423.000     0.700000      7856064         3.33
    7787.000     0.750000      8414631         4.00
    8035.000     0.775000      8693554         4.44
    8343.000     0.800000      8971441         5.00
    8647.000     0.825000      9255804         5.71
    8911.000     0.850000      9535991         6.67
    9175.000     0.875000      9813864         8.00
    9327.000     0.887500      9956977         8.89
    9487.000     0.900000     10098232        10.00
    9655.000     0.912500     10233724        11.43
    9839.000     0.925000     10377216        13.33
   10031.000     0.937500     10514297        16.00
   10127.000     0.943750     10583381        17.78
   10231.000     0.950000     10655706        20.00
   10351.000     0.956250     10726042        22.86
   10479.000     0.962500     10794129        26.67
   10615.000     0.968750     10867605        32.00
   10679.000     0.971875     10899848        35.56
   10759.000     0.975000     10934121        40.00
   10855.000     0.978125     10970492        45.71
   10967.000     0.981250     11004820        53.33
   11103.000     0.984375     11039632        64.00
   11183.000     0.985938     11057099        71.11
   11279.000     0.987500     11075179        80.00
   11383.000     0.989062     11092521        91.43
   11511.000     0.990625     11109884       106.67
   11663.000     0.992188     11126925       128.00
   11759.000     0.992969     11135307       142.22
   11863.000     0.993750     11144622       160.00
   11975.000     0.994531     11153019       182.86
   12111.000     0.995313     11161724       213.33
   12295.000     0.996094     11170314       256.00
   12447.000     0.996484     11174840       284.44
   12655.000     0.996875     11179194       320.00
   13055.000     0.997266     11183468       365.71
   13751.000     0.997656     11187836       426.67
   15271.000     0.998047     11192229       512.00
   16359.000     0.998242     11194405       568.89
   17583.000     0.998437     11196597       640.00
   19599.000     0.998633     11198800       731.43
   21759.000     0.998828     11200979       853.33
   26479.000     0.999023     11203183      1024.00
   28047.000     0.999121     11204261      1137.78
   29199.000     0.999219     11205355      1280.00
   30575.000     0.999316     11206463      1462.86
   31567.000     0.999414     11207554      1706.67
   32559.000     0.999512     11208652      2048.00
   32927.000     0.999561     11209187      2275.56
   33695.000     0.999609     11209745      2560.00
   34623.000     0.999658     11210291      2925.71
   35295.000     0.999707     11210838      3413.33
   36415.000     0.999756     11211402      4096.00
   36863.000     0.999780     11211652      4551.11
   37343.000     0.999805     11211940      5120.00
   37663.000     0.999829     11212213      5851.43
   38335.000     0.999854     11212474      6826.67
   39103.000     0.999878     11212779      8192.00
   39295.000     0.999890     11212889      9102.22
   39519.000     0.999902     11213029     10240.00
   39871.000     0.999915     11213169     11702.86
   40127.000     0.999927     11213295     13653.33
   40863.000     0.999939     11213430     16384.00
   41151.000     0.999945     11213506     18204.44
   41535.000     0.999951     11213581     20480.00
   41791.000     0.999957     11213649     23405.71
   42239.000     0.999963     11213715     27306.67
   42655.000     0.999969     11213773     32768.00
   42751.000     0.999973     11213810     36408.89
   43135.000     0.999976     11213844     40960.00
   43839.000     0.999979     11213879     46811.43
   44319.000     0.999982     11213924     54613.33
   45599.000     0.999985     11213946     65536.00
   46143.000     0.999986     11213961     72817.78
   46815.000     0.999988     11213985     81920.00
   46975.000     0.999989     11213995     93622.86
   47647.000     0.999991     11214012    109226.67
   48095.000     0.999992     11214033    131072.00
   48383.000     0.999993     11214041    145635.56
   48575.000     0.999994     11214051    163840.00
   48831.000     0.999995     11214059    187245.71
   49503.000     0.999995     11214063    218453.33
   50207.000     0.999996     11214072    262144.00
   50847.000     0.999997     11214078    291271.11
   52287.000     0.999997     11214086    327680.00
   52287.000     0.999997     11214086    374491.43
   53151.000     0.999998     11214092    436906.67
   53215.000     0.999998     11214093    524288.00
   53247.000     0.999998     11214097    582542.22
   53247.000     0.999998     11214097    655360.00
   53951.000     0.999999     11214100    748982.86
   55167.000     0.999999     11214102    873813.33
   56255.000     0.999999     11214104   1048576.00
   57279.000     0.999999     11214105   1165084.44
   57375.000     0.999999     11214109   1310720.00
   57375.000     0.999999     11214109   1497965.71
   57375.000     0.999999     11214109   1747626.67
   57375.000     1.000000     11214109   2097152.00
   57439.000     1.000000     11214112   2330168.89
   57439.000     1.000000     11214112   2621440.00
   57439.000     1.000000     11214112   2995931.43
   57439.000     1.000000     11214112   3495253.33
   57439.000     1.000000     11214112   4194304.00
   57439.000     1.000000     11214112   4660337.78
   57439.000     1.000000     11214112   5242880.00
   57471.000     1.000000     11214113   5991862.86
   57471.000     1.000000     11214113   6990506.67
   57471.000     1.000000     11214113   8388608.00
   57471.000     1.000000     11214113   9320675.55
   57471.000     1.000000     11214113  10485760.00
   57791.000     1.000000     11214114  11983725.71
   57791.000     1.000000     11214114          inf
#[Mean    =     6657.288, StdDeviation   =     2150.473]
#[Max     =    57791.000, Total count    =     11214114]
#[Buckets =            6, SubBuckets     =         2048]
