       Value   Percentile   TotalCount 1/(1-Percentile)

     122.000     0.000000            3         1.00
    4479.000     0.100000      1109979         1.11
    4903.000     0.200000      2227204         1.25
    5247.000     0.300000      3335367         1.43
    5555.000     0.400000      4448163         1.67
    6143.000     0.500000      5547981         2.00
    6695.000     0.550000      6103468         2.22
    7215.000     0.600000      6660149         2.50
    7615.000     0.650000      7213241         2.86
    7923.000     0.700000      7771217         3.33
    8191.000     0.750000      8321772         4.00
    8335.000     0.775000      8609369         4.44
    8487.000     0.800000      8887547         5.00
    8663.000     0.825000      9154194         5.71
    8903.000     0.850000      9432012         6.67
    9231.000     0.875000      9712553         8.00
    9431.000     0.887500      9849698         8.89
    9655.000     0.900000      9984789        10.00
    9919.000     0.912500     10125826        11.43
   10215.000     0.925000     10264312        13.33
   10503.000     0.937500     10403089        16.00
   10631.000     0.943750     10474075        17.78
   10759.000     0.950000     10540764        20.00
   10895.000     0.956250     10611594        22.86
   11039.000     0.962500     10680320        26.67
   11199.000     0.968750     10750292        32.00
   11279.000     0.971875     10785966        35.56
   11367.000     0.975000     10817887        40.00
   11471.000     0.978125     10852985        45.71
   11575.000     0.981250     10886318        53.33
   11711.000     0.984375     10921543        64.00
   11791.000     0.985938     10938530        71.11
   11879.000     0.987500     10956787        80.00
   11983.000     0.989062     10973592        91.43
   12103.000     0.990625     10991192       106.67
   12231.000     0.992188     11008100       128.00
   12303.000     0.992969     11016673       142.22
   12383.000     0.993750     11025055       160.00
   12487.000     0.994531     11033984       182.86
   12623.000     0.995313     11042230       213.33
   12807.000     0.996094     11050984       256.00
   12911.000     0.996484     11055111       284.44
   13047.000     0.996875     11059563       320.00
   13223.000     0.997266     11063815       365.71
   13431.000     0.997656     11068164       426.67
   13735.000     0.998047     11072442       512.00
   13975.000     0.998242     11074655       568.89
   14327.000     0.998437     11076785       640.00
   14767.000     0.998633     11078926       731.43
   15295.000     0.998828     11081103       853.33
   15839.000     0.999023     11083260      1024.00
   16295.000     0.999121     11084353      1137.78
   16463.000     0.999219     11085463      1280.00
   17055.000     0.999316     11086529      1462.86
   18927.000     0.999414     11087596      1706.67
   24111.000     0.999512     11088675      2048.00
   27023.000     0.999561     11089216      2275.56
   29935.000     0.999609     11089763      2560.00
   32719.000     0.999658     11090308      2925.71
   33535.000     0.999707     11090851      3413.33
   34687.000     0.999756     11091408      4096.00
   34975.000     0.999780     11091711      4551.11
   35199.000     0.999805     11091952      5120.00
   35839.000     0.999829     11092198      5851.43
   36511.000     0.999854     11092483      6826.67
   37951.000     0.999878     11092738      8192.00
   38175.000     0.999890     11092894      9102.22
   38335.000     0.999902     11093034     10240.00
   38431.000     0.999915     11093188     11702.86
   38879.000     0.999927     11093295     13653.33
   39423.000     0.999939     11093437     16384.00
   39455.000     0.999945     11093506     18204.44
   39583.000     0.999951     11093555     20480.00
   40031.000     0.999957     11093618     23405.71
   40095.000     0.999963     11093728     27306.67
   40191.000     0.999969     11093754     32768.00
   40223.000     0.999973     11093816     36408.89
   40255.000     0.999976     11093825     40960.00
   40447.000     0.999979     11093870     46811.43
   40543.000     0.999982     11093898     54613.33
   40767.000     0.999985     11093942     65536.00
   40767.000     0.999986     11093942     72817.78
   41023.000     0.999988     11093959     81920.00
   41567.000     0.999989     11093974     93622.86
   42079.000     0.999991     11093991    109226.67
   42623.000     0.999992     11094008    131072.00
   42911.000     0.999993     11094018    145635.56
   43903.000     0.999994     11094024    163840.00
   43967.000     0.999995     11094054    187245.71
   43967.000     0.999995     11094054    218453.33
   43967.000     0.999996     11094054    262144.00
   43967.000     0.999997     11094054    291271.11
   43999.000     0.999997     11094058    327680.00
   45311.000     0.999997     11094062    374491.43
   46175.000     0.999998     11094066    436906.67
   46207.000     0.999998     11094073    524288.00
   46207.000     0.999998     11094073    582542.22
   46527.000     0.999998     11094075    655360.00
   46623.000     0.999999     11094082    748982.86
   46623.000     0.999999     11094082    873813.33
   46623.000     0.999999     11094082   1048576.00
   46623.000     0.999999     11094082   1165084.44
   46655.000     0.999999     11094083   1310720.00
   46975.000     0.999999     11094084   1497965.71
   47071.000     0.999999     11094086   1747626.67
   47071.000     1.000000     11094086   2097152.00
   47103.000     1.000000     11094087   2330168.89
   47103.000     1.000000     11094087   2621440.00
   48831.000     1.000000     11094091   2995931.43
   48831.000     1.000000     11094091          inf
#[Mean    =     6728.477, StdDeviation   =     2214.711]
#[Max     =    48831.000, Total count    =     11094091]
#[Buckets =            6, SubBuckets     =         2048]
