       Value   Percentile   TotalCount 1/(1-Percentile)

    4631.000     0.000000            2         1.00
    6235.000     0.100000       126645         1.11
    6619.000     0.200000       253377         1.25
    6839.000     0.300000       379604         1.43
    7063.000     0.400000       506261         1.67
    7299.000     0.500000       632322         2.00
    7443.000     0.550000       694658         2.22
    7603.000     0.600000       757131         2.50
    7799.000     0.650000       820513         2.86
    8035.000     0.700000       883423         3.33
    8343.000     0.750000       946787         4.00
    8519.000     0.775000       978540         4.44
    8719.000     0.800000      1009458         5.00
    8967.000     0.825000      1042061         5.71
    9231.000     0.850000      1072578         6.67
    9567.000     0.875000      1103940         8.00
    9823.000     0.887500      1119951         8.89
   10071.000     0.900000      1135475        10.00
   10359.000     0.912500      1151500        11.43
   10751.000     0.925000      1167090        13.33
   11327.000     0.937500      1182660        16.00
   11671.000     0.943750      1190545        17.78
   12119.000     0.950000      1198504        20.00
   12575.000     0.956250      1206322        22.86
   13055.000     0.962500      1214186        26.67
   13559.000     0.968750      1222122        32.00
   13839.000     0.971875      1226039        35.56
   14311.000     0.975000      1229954        40.00
   14815.000     0.978125      1233894        45.71
   15343.000     0.981250      1237850        53.33
   15911.000     0.984375      1241765        64.00
   16303.000     0.985938      1243753        71.11
   16767.000     0.987500      1245707        80.00
   17311.000     0.989062      1247721        91.43
   17711.000     0.990625      1249750       106.67
   18063.000     0.992188      1251656       128.00
   18303.000     0.992969      1252643       142.22
   18607.000     0.993750      1253594       160.00
   19055.000     0.994531      1254599       182.86
   19423.000     0.995313      1255593       213.33
   19807.000     0.996094      1256629       256.00
   20111.000     0.996484      1257043       284.44
   20527.000     0.996875      1257540       320.00
   20831.000     0.997266      1258028       365.71
   21231.000     0.997656      1258559       426.67
   21487.000     0.998047      1259017       512.00
   21599.000     0.998242      1259256       568.89
   21775.000     0.998437      1259512       640.00
   21967.000     0.998633      1259752       731.43
   22575.000     0.998828      1260001       853.33
   23007.000     0.999023      1260245      1024.00
   23215.000     0.999121      1260376      1137.78
   23487.000     0.999219      1260492      1280.00
   23663.000     0.999316      1260622      1462.86
   23791.000     0.999414      1260745      1706.67
   23935.000     0.999512      1260861      2048.00
   24015.000     0.999561      1260922      2275.56
   24095.000     0.999609      1260990      2560.00
   24159.000     0.999658      1261066      2925.71
   24191.000     0.999707      1261108      3413.33
   24255.000     0.999756      1261167      4096.00
   24303.000     0.999780      1261206      4551.11
   24335.000     0.999805      1261227      5120.00
   24399.000     0.999829      1261259      5851.43
   24463.000     0.999854      1261291      6826.67
   24527.000     0.999878      1261323      8192.00
   24575.000     0.999890      1261339      9102.22
   24623.000     0.999902      1261352     10240.00
   24671.000     0.999915      1261367     11702.86
   24719.000     0.999927      1261383     13653.33
   24783.000     0.999939      1261400     16384.00
   24815.000     0.999945      1261406     18204.44
   24847.000     0.999951      1261412     20480.00
   24911.000     0.999957      1261422     23405.71
   24943.000     0.999963      1261428     27306.67
   24991.000     0.999969      1261439     32768.00
   24991.000     0.999973      1261439     36408.89
   25023.000     0.999976      1261447     40960.00
   25023.000     0.999979      1261447     46811.43
   25055.000     0.999982      1261453     54613.33
   25071.000     0.999985      1261454     65536.00
   25087.000     0.999986      1261458     72817.78
   25087.000     0.999988      1261458     81920.00
   25103.000     0.999989      1261460     93622.86
   25119.000     0.999991      1261464    109226.67
   25119.000     0.999992      1261464    131072.00
   25135.000     0.999993      1261465    145635.56
   25151.000     0.999994      1261467    163840.00
   25151.000     0.999995      1261467    187245.71
   25167.000     0.999995      1261468    218453.33
   25183.000     0.999996      1261470    262144.00
   25183.000     0.999997      1261470    291271.11
   25183.000     0.999997      1261470    327680.00
   25183.000     0.999997      1261470    374491.43
   25199.000     0.999998      1261471    436906.67
   25199.000     0.999998      1261471    524288.00
   25199.000     0.999998      1261471    582542.22
   25215.000     0.999998      1261473    655360.00
   25215.000     1.000000      1261473          inf
#[Mean    =     7910.311, StdDeviation   =     2160.375]
#[Max     =    25215.000, Total count    =      1261473]
#[Buckets =            5, SubBuckets     =         2048]
