       Value   Percentile   TotalCount 1/(1-Percentile)

     108.000     0.000000            1         1.00
     753.000     0.100000       822064         1.11
    1092.000     0.200000      1642671         1.25
    1520.000     0.300000      2462182         1.43
    2035.000     0.400000      3282879         1.67
    2757.000     0.500000      4103202         2.00
    3557.000     0.550000      4512883         2.22
    4911.000     0.600000      4922983         2.50
    6739.000     0.650000      5333652         2.86
    8943.000     0.700000      5743722         3.33
   11551.000     0.750000      6153679         4.00
   13007.000     0.775000      6359410         4.44
   14591.000     0.800000      6563805         5.00
   16351.000     0.825000      6769093         5.71
   18351.000     0.850000      6974971         6.67
   20607.000     0.875000      7179727         8.00
   21871.000     0.887500      7281965         8.89
   23263.000     0.900000      7384898        10.00
   24815.000     0.912500      7487159        11.43
   26607.000     0.925000      7589613        13.33
   28703.000     0.937500      7691825        16.00
   29951.000     0.943750      7743247        17.78
   31375.000     0.950000      7794419        20.00
   33055.000     0.956250      7846075        22.86
   35103.000     0.962500      7897416        26.67
   37695.000     0.968750      7948301        32.00
   39295.000     0.971875      7973937        35.56
   41215.000     0.975000      7999820        40.00
   43551.000     0.978125      8025177        45.71
   46527.000     0.981250      8050917        53.33
   50175.000     0.984375      8076473        64.00
   52415.000     0.985938      8089181        71.11
   55039.000     0.987500      8102134        80.00
   57791.000     0.989062      8114887        91.43
   60831.000     0.990625      8127682       106.67
   64351.000     0.992188      8140485       128.00
   66367.000     0.992969      8146898       142.22
   68607.000     0.993750      8153276       160.00
   70975.000     0.994531      8159809       182.86
   73471.000     0.995313      8166204       213.33
   76351.000     0.996094      8172599       256.00
   77887.000     0.996484      8175747       284.44
   79743.000     0.996875      8178948       320.00
   81855.000     0.997266      8182217       365.71
   84095.000     0.997656      8185343       426.67
   86783.000     0.998047      8188543       512.00
   88319.000     0.998242      8190146       568.89
   90239.000     0.998437      8191761       640.00
   92671.000     0.998633      8193378       731.43
   95359.000     0.998828      8194944       853.33
   98623.000     0.999023      8196553      1024.00
  100543.000     0.999121      8197346      1137.78
  102911.000     0.999219      8198141      1280.00
  105663.000     0.999316      8198950      1462.86
  108607.000     0.999414      8199753      1706.67
  112511.000     0.999512      8200549      2048.00
  114559.000     0.999561      8200946      2275.56
  117695.000     0.999609      8201349      2560.00
  122239.000     0.999658      8201749      2925.71
  126975.000     0.999707      8202150      3413.33
  136447.000     0.999756      8202548      4096.00
  141823.000     0.999780      8202748      4551.11
  146943.000     0.999805      8202949      5120.00
  153087.000     0.999829      8203148      5851.43
  159487.000     0.999854      8203352      6826.67
  165247.000     0.999878      8203554      8192.00
  168319.000     0.999890      8203650      9102.22
  173311.000     0.999902      8203749     10240.00
  180479.000     0.999915      8203849     11702.86
  190847.000     0.999927      8203951     13653.33
  198143.000     0.999939      8204052     16384.00
  200831.000     0.999945      8204103     18204.44
  221951.000     0.999951      8204150     20480.00
  282367.000     0.999957      8204201     23405.71
  287743.000     0.999963      8204254     27306.67
  304127.000     0.999969      8204301     32768.00
  319487.000     0.999973      8204326     36408.89
  326655.000     0.999976      8204352     40960.00
  335359.000     0.999979      8204378     46811.43
  340735.000     0.999982      8204401     54613.33
  346367.000     0.999985      8204429     65536.00
  347903.000     0.999986      8204438     72817.78
  352255.000     0.999988      8204452     81920.00
  355071.000     0.999989      8204464     93622.86
  356351.000     0.999991      8204476    109226.67
  358655.000     0.999992      8204488    131072.00
  360703.000     0.999993      8204494    145635.56
  361727.000     0.999994      8204502    163840.00
  362751.000     0.999995      8204507    187245.71
  364031.000     0.999995      8204513    218453.33
  364799.000     0.999996      8204520    262144.00
  365823.000     0.999997      8204523    291271.11
  366079.000     0.999997      8204525    327680.00
  366591.000     0.999997      8204530    374491.43
  366847.000     0.999998      8204532    436906.67
  367359.000     0.999998      8204535    524288.00
  367871.000     0.999998      8204537    582542.22
  368127.000     0.999998      8204538    655360.00
  368639.000     0.999999      8204541    748982.86
  368639.000     0.999999      8204541    873813.33
  370175.000     0.999999      8204544   1048576.00
  370175.000     0.999999      8204544   1165084.44
  370175.000     0.999999      8204544   1310720.00
  370687.000     0.999999      8204545   1497965.71
  370943.000     0.999999      8204546   1747626.67
  371711.000     1.000000      8204547   2097152.00
  371711.000     1.000000      8204547   2330168.89
  371711.000     1.000000      8204547   2621440.00
  371967.000     1.000000      8204550   2995931.43
  371967.000     1.000000      8204550          inf
#[Mean    =     8493.362, StdDeviation   =    12470.771]
#[Max     =   371967.000, Total count    =      8204550]
#[Buckets =            9, SubBuckets     =         2048]
