       Value   Percentile   TotalCount 1/(1-Percentile)

    1611.000     0.000000            1         1.00
    8903.000     0.100000       110248         1.11
    9047.000     0.200000       221051         1.25
    9127.000     0.300000       338853         1.43
    9183.000     0.400000       444628         1.67
    9239.000     0.500000       555345         2.00
    9263.000     0.550000       602440         2.22
    9295.000     0.600000       662764         2.50
    9327.000     0.650000       715027         2.86
    9359.000     0.700000       765667         3.33
    9399.000     0.750000       819421         4.00
    9423.000     0.775000       847667         4.44
    9439.000     0.800000       865934         5.00
    9471.000     0.825000       900841         5.71
    9495.000     0.850000       921769         6.67
    9535.000     0.875000       951583         8.00
    9551.000     0.887500       963174         8.89
    9575.000     0.900000       977521        10.00
    9599.000     0.912500       990897        11.43
    9623.000     0.925000      1002327        13.33
    9655.000     0.937500      1015796        16.00
    9679.000     0.943750      1023889        17.78
    9695.000     0.950000      1028668        20.00
    9727.000     0.956250      1035892        22.86
    9759.000     0.962500      1042385        26.67
    9799.000     0.968750      1048527        32.00
    9831.000     0.971875      1051915        35.56
    9871.000     0.975000      1055537        40.00
    9919.000     0.978125      1059133        45.71
    9991.000     0.981250      1062241        53.33
   11071.000     0.984375      1065440        64.00
   11615.000     0.985938      1067126        71.11
   11831.000     0.987500      1068856        80.00
   11959.000     0.989062      1070602        91.43
   12079.000     0.990625      1072206       106.67
   12191.000     0.992188      1074017       128.00
   12223.000     0.992969      1074771       142.22
   12279.000     0.993750      1075591       160.00
   12311.000     0.994531      1076500       182.86
   12351.000     0.995313      1077292       213.33
   12391.000     0.996094      1078327       256.00
   12399.000     0.996484      1078610       284.44
   12423.000     0.996875      1079110       320.00
   12455.000     0.997266      1079436       365.71
   12495.000     0.997656      1079891       426.67
   12511.000     0.998047      1080293       512.00
   12527.000     0.998242      1080577       568.89
   12535.000     0.998437      1080684       640.00
   12559.000     0.998633      1080936       731.43
   12599.000     0.998828      1081117       853.33
   12639.000     0.999023      1081293      1024.00
   12679.000     0.999121      1081412      1137.78
   12735.000     0.999219      1081497      1280.00
   12759.000     0.999316      1081639      1462.86
   12791.000     0.999414      1081713      1706.67
   13031.000     0.999512      1081814      2048.00
   13367.000     0.999561      1081867      2275.56
   13383.000     0.999609      1081985      2560.00
   13383.000     0.999658      1081985      2925.71
   13391.000     0.999707      1082071      3413.33
   13399.000     0.999756      1082080      4096.00
   13479.000     0.999780      1082110      4551.11
   13495.000     0.999805      1082141      5120.00
   13535.000     0.999829      1082159      5851.43
   13583.000     0.999854      1082185      6826.67
   13711.000     0.999878      1082211      8192.00
   13743.000     0.999890      1082247      9102.22
   13743.000     0.999902      1082247     10240.00
   13751.000     0.999915      1082253     11702.86
   13775.000     0.999927      1082265     13653.33
   14687.000     0.999939      1082276     16384.00
   15423.000     0.999945      1082299     18204.44
   15423.000     0.999951      1082299     20480.00
   15423.000     0.999957      1082299     23405.71
   15447.000     0.999963      1082327     27306.67
   15447.000     0.999969      1082327     32768.00
   15447.000     0.999973      1082327     36408.89
   15447.000     0.999976      1082327     40960.00
   15447.000     0.999979      1082327     46811.43
   15447.000     0.999982      1082327     54613.33
   15447.000     0.999985      1082327     65536.00
   15455.000     0.999986      1082340     72817.78
   15455.000     0.999988      1082340     81920.00
   15455.000     0.999989      1082340     93622.86
   15455.000     0.999991      1082340    109226.67
   15455.000     0.999992      1082340    131072.00
   15455.000     0.999993      1082340    145635.56
   15455.000     0.999994      1082340    163840.00
   15455.000     0.999995      1082340    187245.71
   15455.000     0.999995      1082340    218453.33
   15455.000     0.999996      1082340    262144.00
   15455.000     0.999997      1082340    291271.11
   15455.000     0.999997      1082340    327680.00
   15455.000     0.999997      1082340    374491.43
   15455.000     0.999998      1082340    436906.67
   15455.000     0.999998      1082340    524288.00
   15463.000     0.999998      1082342    582542.22
   15463.000     1.000000      1082342          inf
#[Mean    =     9234.314, StdDeviation   =      562.203]
#[Max     =    15463.000, Total count    =      1082342]
#[Buckets =            4, SubBuckets     =         2048]
