       Value   Percentile   TotalCount 1/(1-Percentile)

      81.000     0.000000            1         1.00
     390.000     0.100000       801002         1.11
     518.000     0.200000      1603433         1.25
     656.000     0.300000      2403020         1.43
     830.000     0.400000      3201693         1.67
    1089.000     0.500000      4003088         2.00
    1281.000     0.550000      4403034         2.22
    1544.000     0.600000      4803083         2.50
    1911.000     0.650000      5202847         2.86
    2425.000     0.700000      5603883         3.33
    3089.000     0.750000      6003811         4.00
    3477.000     0.775000      6203270         4.44
    3911.000     0.800000      6403118         5.00
    4403.000     0.825000      6603879         5.71
    4963.000     0.850000      6803945         6.67
    5615.000     0.875000      7003564         8.00
    5999.000     0.887500      7103799         8.89
    6443.000     0.900000      7203818        10.00
    6983.000     0.912500      7303484        11.43
    7679.000     0.925000      7403437        13.33
    8655.000     0.937500      7504093        16.00
    9303.000     0.943750      7553517        17.78
   10135.000     0.950000      7603766        20.00
   11247.000     0.956250      7653646        22.86
   12839.000     0.962500      7703674        26.67
   15279.000     0.968750      7753680        32.00
   17055.000     0.971875      7778572        35.56
   19599.000     0.975000      7803679        40.00
   23919.000     0.978125      7828631        45.71
   30783.000     0.981250      7853624        53.33
   39007.000     0.984375      7878661        64.00
   43711.000     0.985938      7891154        71.11
   51199.000     0.987500      7903658        80.00
   61375.000     0.989062      7916133        91.43
   76991.000     0.990625      7928658       106.67
   95679.000     0.992188      7941155       128.00
  108031.000     0.992969      7947421       142.22
  126783.000     0.993750      7953665       160.00
  149759.000     0.994531      7959913       182.86
  173951.000     0.995313      7966172       213.33
  191615.000     0.996094      7972425       256.00
  198527.000     0.996484      7975534       284.44
  208383.000     0.996875      7978660       320.00
  225535.000     0.997266      7981817       365.71
  251903.000     0.997656      7984919       426.67
  274431.000     0.998047      7988048       512.00
  297215.000     0.998242      7989635       568.89
  312319.000     0.998437      7991169       640.00
  335359.000     0.998633      7992729       731.43
  372223.000     0.998828      7994315       853.33
  390399.000     0.999023      7995884      1024.00
  400639.000     0.999121      7996643      1137.78
  430335.000     0.999219      7997426      1280.00
  464383.000     0.999316      7998203      1462.86
  480511.000     0.999414      7998987      1706.67
  519935.000     0.999512      7999764      2048.00
  542207.000     0.999561      8000166      2275.56
  601599.000     0.999609      8000547      2560.00
  634879.000     0.999658      8000938      2925.71
  708607.000     0.999707      8001327      3413.33
  800767.000     0.999756      8001729      4096.00
  814079.000     0.999780      8001919      4551.11
  860159.000     0.999805      8002108      5120.00
  930303.000     0.999829      8002310      5851.43
 1033727.000     0.999854      8002508      6826.67
 1270783.000     0.999878      8002695      8192.00
 1298431.000     0.999890      8002806      9102.22
 1351679.000     0.999902      8002891     10240.00
 1357823.000     0.999915      8002988     11702.86
 1372159.000     0.999927      8003088     13653.33
 1438719.000     0.999939      8003193     16384.00
 1511423.000     0.999945      8003235     18204.44
 1520639.000     0.999951      8003281     20480.00
 1590271.000     0.999957      8003346     23405.71
 1593343.000     0.999963      8003380     27306.67
 1691647.000     0.999969      8003441     32768.00
 1692671.000     0.999973      8003464     36408.89
 1693695.000     0.999976      8003482     40960.00
 1704959.000     0.999979      8003501     46811.43
 1732607.000     0.999982      8003526     54613.33
 1839103.000     0.999985      8003565     65536.00
 1839103.000     0.999986      8003565     72817.78
 1840127.000     0.999988      8003594     81920.00
 1840127.000     0.999989      8003594     93622.86
 1841151.000     0.999991      8003618    109226.67
 1841151.000     0.999992      8003618    131072.00
 1841151.000     0.999993      8003618    145635.56
 1842175.000     0.999994      8003628    163840.00
 1843199.000     0.999995      8003630    187245.71
 1844223.000     0.999995      8003647    218453.33
 1844223.000     0.999996      8003647    262144.00
 1844223.000     0.999997      8003647    291271.11
 1844223.000     0.999997      8003647    327680.00
 1845247.000     0.999997      8003657    374491.43
 1845247.000     0.999998      8003657    436906.67
 1845247.000     0.999998      8003657    524288.00
 1854463.000     0.999998      8003658    582542.22
 1966079.000     0.999998      8003663    655360.00
 1966079.000     0.999999      8003663    748982.86
 1966079.000     0.999999      8003663    873813.33
 1967103.000     0.999999      8003667   1048576.00
 1967103.000     0.999999      8003667   1165084.44
 1967103.000     0.999999      8003667   1310720.00
 1967103.000     0.999999      8003667   1497965.71
 1967103.000     0.999999      8003667   1747626.67
 1968127.000     1.000000      8003670   2097152.00
 1968127.000     1.000000      8003670   2330168.89
 1968127.000     1.000000      8003670   2621440.00
 1968127.000     1.000000      8003670   2995931.43
 1968127.000     1.000000      8003670   3495253.33
 1968127.000     1.000000      8003670   4194304.00
 1968127.000     1.000000      8003670   4660337.78
 1968127.000     1.000000      8003670   5242880.00
 1968127.000     1.000000      8003670   5991862.86
 1968127.000     1.000000      8003670   6990506.67
 1969151.000     1.000000      8003671   8388608.00
 1969151.000     1.000000      8003671          inf
#[Mean    =     4871.287, StdDeviation   =    29914.245]
#[Max     =  1969151.000, Total count    =      8003671]
#[Buckets =           11, SubBuckets     =         2048]
