       Value   Percentile   TotalCount 1/(1-Percentile)

      51.000     0.000000            1         1.00
      68.000     0.100000       284701         1.11
      71.000     0.200000       505735         1.25
      74.000     0.300000       758976         1.43
      76.000     0.400000       928872         1.67
      79.000     0.500000      1155368         2.00
      81.000     0.550000      1280914         2.22
      83.000     0.600000      1387827         2.50
      85.000     0.650000      1482594         2.86
      88.000     0.700000      1614336         3.33
      90.000     0.750000      1697235         4.00
      92.000     0.775000      1775090         4.44
      93.000     0.800000      1811325         5.00
      95.000     0.825000      1876985         5.71
      97.000     0.850000      1933720         6.67
      99.000     0.875000      1980557         8.00
     101.000     0.887500      2019812         8.89
     102.000     0.900000      2036695        10.00
     104.000     0.912500      2066811        11.43
     106.000     0.925000      2091967        13.33
     109.000     0.937500      2122616        16.00
     111.000     0.943750      2139113        17.78
     112.000     0.950000      2146331        20.00
     115.000     0.956250      2165167        22.86
     117.000     0.962500      2175884        26.67
     120.000     0.968750      2189295        32.00
     122.000     0.971875      2196927        35.56
     124.000     0.975000      2203781        40.00
     126.000     0.978125      2209939        45.71
     129.000     0.981250      2218207        53.33
     132.000     0.984375      2225696        64.00
     133.000     0.985938      2227952        71.11
     135.000     0.987500      2232005        80.00
     137.000     0.989062      2235454        91.43
     139.000     0.990625      2238362       106.67
     142.000     0.992188      2241857       128.00
     144.000     0.992969      2243830       142.22
     145.000     0.993750      2244702       160.00
     148.000     0.994531      2247180       182.86
     150.000     0.995313      2248626       213.33
     153.000     0.996094      2250432       256.00
     154.000     0.996484      2250976       284.44
     156.000     0.996875      2251910       320.00
     158.000     0.997266      2252757       365.71
     161.000     0.997656      2253795       426.67
     163.000     0.998047      2254422       512.00
     165.000     0.998242      2255043       568.89
     166.000     0.998437      2255318       640.00
     168.000     0.998633      2255862       731.43
     170.000     0.998828      2256328       853.33
     172.000     0.999023      2256735      1024.00
     173.000     0.999121      2256926      1137.78
     174.000     0.999219      2257095      1280.00
     175.000     0.999316      2257252      1462.86
     177.000     0.999414      2257507      1706.67
     179.000     0.999512      2257742      2048.00
     180.000     0.999561      2257838      2275.56
     181.000     0.999609      2257924      2560.00
     183.000     0.999658      2258047      2925.71
     185.000     0.999707      2258132      3413.33
     188.000     0.999756      2258240      4096.00
     190.000     0.999780      2258295      4551.11
     193.000     0.999805      2258353      5120.00
     196.000     0.999829      2258409      5851.43
     200.000     0.999854      2258475      6826.67
     203.000     0.999878      2258531      8192.00
     204.000     0.999890      2258549      9102.22
     205.000     0.999902      2258571     10240.00
     208.000     0.999915      2258607     11702.86
     210.000     0.999927      2258632     13653.33
     213.000     0.999939      2258656     16384.00
     214.000     0.999945      2258667     18204.44
     217.000     0.999951      2258684     20480.00
     219.000     0.999957      2258697     23405.71
     221.000     0.999963      2258709     27306.67
     227.000     0.999969      2258725     32768.00
     229.000     0.999973      2258729     36408.89
     235.000     0.999976      2258737     40960.00
     241.000     0.999979      2258744     46811.43
     250.000     0.999982      2258750     54613.33
     254.000     0.999985      2258757     65536.00
     267.000     0.999986      2258760     72817.78
     282.000     0.999988      2258764     81920.00
     347.000     0.999989      2258767     93622.86
     453.000     0.999991      2258771    109226.67
     478.000     0.999992      2258775    131072.00
     482.000     0.999993      2258776    145635.56
     487.000     0.999994      2258778    163840.00
     493.000     0.999995      2258779    187245.71
     503.000     0.999995      2258781    218453.33
     544.000     0.999996      2258783    262144.00
     547.000     0.999997      2258784    291271.11
     554.000     0.999997      2258786    327680.00
     554.000     0.999997      2258786    374491.43
     554.000     0.999998      2258786    436906.67
     557.000     0.999998      2258787    524288.00
     568.000     0.999998      2258789    582542.22
     568.000     0.999998      2258789    655360.00
     568.000     0.999999      2258789    748982.86
     568.000     0.999999      2258789    873813.33
     568.000     0.999999      2258789   1048576.00
     645.000     0.999999      2258790   1165084.44
     645.000     0.999999      2258790   1310720.00
     645.000     0.999999      2258790   1497965.71
     645.000     0.999999      2258790   1747626.67
     645.000     1.000000      2258790   2097152.00
     718.000     1.000000      2258791   2330168.89
     718.000     1.000000      2258791          inf
#[Mean    =       83.050, StdDeviation   =       15.673]
#[Max     =      718.000, Total count    =      2258791]
#[Buckets =            1, SubBuckets     =         2048]
