       Value   Percentile   TotalCount 1/(1-Percentile)

      70.000     0.000000            1         1.00
     813.000     0.100000       600604         1.11
    1165.000     0.200000      1201153         1.25
    1478.000     0.300000      1801252         1.43
    1835.000     0.400000      2401465         1.67
    2429.000     0.500000      3001784         2.00
    2835.000     0.550000      3302857         2.22
    3259.000     0.600000      3602513         2.50
    3767.000     0.650000      3901821         2.86
    4503.000     0.700000      4202026         3.33
    5575.000     0.750000      4502474         4.00
    6311.000     0.775000      4652062         4.44
    7359.000     0.800000      4802337         5.00
    9559.000     0.825000      4952169         5.71
   21295.000     0.850000      5102298         6.67
   30511.000     0.875000      5252359         8.00
   35807.000     0.887500      5327793         8.89
   40383.000     0.900000      5402763        10.00
   44159.000     0.912500      5477558        11.43
   47615.000     0.925000      5552504        13.33
   51263.000     0.937500      5627559        16.00
   53279.000     0.943750      5665403        17.78
   55519.000     0.950000      5702903        20.00
   58111.000     0.956250      5740213        22.86
   61343.000     0.962500      5777804        26.67
   65599.000     0.968750      5815226        32.00
   68415.000     0.971875      5833871        35.56
   71743.000     0.975000      5852621        40.00
   75455.000     0.978125      5871437        45.71
   79295.000     0.981250      5890395        53.33
   83135.000     0.984375      5909077        64.00
   85055.000     0.985938      5918454        71.11
   86975.000     0.987500      5927623        80.00
   89023.000     0.989062      5937142        91.43
   91199.000     0.990625      5946566       106.67
   93503.000     0.992188      5955749       128.00
   94847.000     0.992969      5960578       142.22
   96255.000     0.993750      5965165       160.00
   97791.000     0.994531      5969810       182.86
   99519.000     0.995313      5974569       213.33
  101311.000     0.996094      5979210       256.00
  102335.000     0.996484      5981639       284.44
  103359.000     0.996875      5983901       320.00
  104447.000     0.997266      5986220       365.71
  105727.000     0.997656      5988649       426.67
  107007.000     0.998047      5990930       512.00
  107775.000     0.998242      5992094       568.89
  108607.000     0.998437      5993277       640.00
  109503.000     0.998633      5994466       731.43
  110527.000     0.998828      5995650       853.33
  111679.000     0.999023      5996763      1024.00
  112383.000     0.999121      5997361      1137.78
  113215.000     0.999219      5997980      1280.00
  114111.000     0.999316      5998553      1462.86
  115199.000     0.999414      5999134      1706.67
  116607.000     0.999512      5999710      2048.00
  117439.000     0.999561      5999997      2275.56
  118527.000     0.999609      6000284      2560.00
  120063.000     0.999658      6000583      2925.71
  122047.000     0.999707      6000866      3413.33
  125567.000     0.999756      6001160      4096.00
  128383.000     0.999780      6001304      4551.11
  131327.000     0.999805      6001453      5120.00
  134271.000     0.999829      6001599      5851.43
  137343.000     0.999854      6001747      6826.67
  140415.000     0.999878      6001895      8192.00
  141823.000     0.999890      6001966      9102.22
  143487.000     0.999902      6002040     10240.00
  145151.000     0.999915      6002115     11702.86
  147199.000     0.999927      6002185     13653.33
  149247.000     0.999939      6002259     16384.00
  150399.000     0.999945      6002296     18204.44
  151423.000     0.999951      6002329     20480.00
  152831.000     0.999957      6002368     23405.71
  153983.000     0.999963      6002403     27306.67
  155647.000     0.999969      6002439     32768.00
  156415.000     0.999973      6002458     36408.89
  157439.000     0.999976      6002478     40960.00
  158079.000     0.999979      6002496     46811.43
  158847.000     0.999982      6002514     54613.33
  160127.000     0.999985      6002535     65536.00
  160511.000     0.999986      6002540     72817.78
  160895.000     0.999988      6002550     81920.00
  161151.000     0.999989      6002559     93622.86
  161919.000     0.999991      6002570    109226.67
  162303.000     0.999992      6002577    131072.00
  162943.000     0.999993      6002581    145635.56
  163327.000     0.999994      6002587    163840.00
  163839.000     0.999995      6002592    187245.71
  164351.000     0.999995      6002597    218453.33
  164607.000     0.999996      6002602    262144.00
  164607.000     0.999997      6002602    291271.11
  164863.000     0.999997      6002605    327680.00
  165119.000     0.999997      6002606    374491.43
  165375.000     0.999998      6002610    436906.67
  165503.000     0.999998      6002612    524288.00
  165503.000     0.999998      6002612    582542.22
  165631.000     0.999998      6002615    655360.00
  165631.000     0.999999      6002615    748982.86
  166015.000     0.999999      6002617    873813.33
  166015.000     0.999999      6002617   1048576.00
  166015.000     0.999999      6002617   1165084.44
  166271.000     0.999999      6002618   1310720.00
  166271.000     0.999999      6002618   1497965.71
  166655.000     0.999999      6002619   1747626.67
  166783.000     1.000000      6002620   2097152.00
  166783.000     1.000000      6002620   2330168.89
  166783.000     1.000000      6002620   2621440.00
  166783.000     1.000000      6002620   2995931.43
  167167.000     1.000000      6002621   3495253.33
  167167.000     1.000000      6002621   4194304.00
  167167.000     1.000000      6002621   4660337.78
  167167.000     1.000000      6002621   5242880.00
  167167.000     1.000000      6002621   5991862.86
  167295.000     1.000000      6002622   6990506.67
  167295.000     1.000000      6002622          inf
#[Mean    =    10178.362, StdDeviation   =    19296.096]
#[Max     =   167295.000, Total count    =      6002622]
#[Buckets =            8, SubBuckets     =         2048]
