       Value   Percentile   TotalCount 1/(1-Percentile)

      73.000     0.000000            1         1.00
     242.000     0.100000       548657         1.11
     341.000     0.200000      1093139         1.25
     463.000     0.300000      1636400         1.43
     647.000     0.400000      2183024         1.67
     997.000     0.500000      2727831         2.00
    1356.000     0.550000      3000109         2.22
    2125.000     0.600000      3273064         2.50
    3635.000     0.650000      3545657         2.86
    5211.000     0.700000      3818698         3.33
    6931.000     0.750000      4091095         4.00
    7971.000     0.775000      4227431         4.44
    9311.000     0.800000      4363902         5.00
   11135.000     0.825000      4499973         5.71
   13447.000     0.850000      4636622         6.67
   17023.000     0.875000      4772927         8.00
   19743.000     0.887500      4841057         8.89
   23151.000     0.900000      4909063        10.00
   27471.000     0.912500      4977273        11.43
   33727.000     0.925000      5045478        13.33
   41567.000     0.937500      5113652        16.00
   45951.000     0.943750      5147821        17.78
   51199.000     0.950000      5181749        20.00
   61503.000     0.956250      5215844        22.86
  142975.000     0.962500      5249992        26.67
  160511.000     0.968750      5284253        32.00
  165247.000     0.971875      5301379        35.56
  169343.000     0.975000      5318405        40.00
  173823.000     0.978125      5335215        45.71
  178559.000     0.981250      5352313        53.33
  183679.000     0.984375      5369415        64.00
  187007.000     0.985938      5377825        71.11
  191231.000     0.987500      5386484        80.00
  196351.000     0.989062      5394870        91.43
  204159.000     0.990625      5403396       106.67
  213631.000     0.992188      5411883       128.00
  219391.000     0.992969      5416151       142.22
  223999.000     0.993750      5420475       160.00
  227711.000     0.994531      5424714       182.86
  232191.000     0.995313      5428945       213.33
  236543.000     0.996094      5433172       256.00
  238975.000     0.996484      5435387       284.44
  241151.000     0.996875      5437405       320.00
  243711.000     0.997266      5439626       365.71
  246399.000     0.997656      5441673       426.67
  250111.000     0.998047      5443809       512.00
  252031.000     0.998242      5444880       568.89
  254335.000     0.998437      5445971       640.00
  256767.000     0.998633      5447040       731.43
  259199.000     0.998828      5448066       853.33
  262399.000     0.999023      5449194      1024.00
  264447.000     0.999121      5449686      1137.78
  266751.000     0.999219      5450217      1280.00
  269311.000     0.999316      5450754      1462.86
  272127.000     0.999414      5451277      1706.67
  275711.000     0.999512      5451817      2048.00
  278271.000     0.999561      5452065      2275.56
  281599.000     0.999609      5452327      2560.00
  284671.000     0.999658      5452608      2925.71
  288255.000     0.999707      5452869      3413.33
  293631.000     0.999756      5453122      4096.00
  297983.000     0.999780      5453256      4551.11
  301823.000     0.999805      5453392      5120.00
  306431.000     0.999829      5453523      5851.43
  311551.000     0.999854      5453654      6826.67
  316159.000     0.999878      5453790      8192.00
  318207.000     0.999890      5453860      9102.22
  320511.000     0.999902      5453918     10240.00
  323583.000     0.999915      5453988     11702.86
  326143.000     0.999927      5454058     13653.33
  328959.000     0.999939      5454118     16384.00
  330751.000     0.999945      5454162     18204.44
  331775.000     0.999951      5454186     20480.00
  335359.000     0.999957      5454217     23405.71
  338943.000     0.999963      5454253     27306.67
  341503.000     0.999969      5454287     32768.00
  343807.000     0.999973      5454301     36408.89
  346879.000     0.999976      5454320     40960.00
  349695.000     0.999979      5454334     46811.43
  356863.000     0.999982      5454351     54613.33
  365823.000     0.999985      5454367     65536.00
  367359.000     0.999986      5454376     72817.78
  368639.000     0.999988      5454384     81920.00
  370431.000     0.999989      5454393     93622.86
  374271.000     0.999991      5454401    109226.67
  380671.000     0.999992      5454409    131072.00
  384767.000     0.999993      5454413    145635.56
  385791.000     0.999994      5454417    163840.00
  386303.000     0.999995      5454422    187245.71
  390911.000     0.999995      5454426    218453.33
  399103.000     0.999996      5454430    262144.00
  399871.000     0.999997      5454433    291271.11
  400127.000     0.999997      5454434    327680.00
  400639.000     0.999997      5454437    374491.43
  401407.000     0.999998      5454438    436906.67
  401919.000     0.999998      5454440    524288.00
  402175.000     0.999998      5454441    582542.22
  424703.000     0.999998      5454442    655360.00
  425471.000     0.999999      5454443    748982.86
  427775.000     0.999999      5454444    873813.33
  428031.000     0.999999      5454446   1048576.00
  428031.000     0.999999      5454446   1165084.44
  428031.000     0.999999      5454446   1310720.00
  429311.000     0.999999      5454447   1497965.71
  429311.000     0.999999      5454447   1747626.67
  429823.000     1.000000      5454448   2097152.00
  429823.000     1.000000      5454448   2330168.89
  429823.000     1.000000      5454448   2621440.00
  437759.000     1.000000      5454449   2995931.43
  437759.000     1.000000      5454449   3495253.33
  437759.000     1.000000      5454449   4194304.00
  437759.000     1.000000      5454449   4660337.78
  437759.000     1.000000      5454449   5242880.00
  444159.000     1.000000      5454450   5991862.86
  444159.000     1.000000      5454450          inf
#[Mean    =    12602.917, StdDeviation   =    37171.803]
#[Max     =   444159.000, Total count    =      5454450]
#[Buckets =            9, SubBuckets     =         2048]
