       Value   Percentile   TotalCount 1/(1-Percentile)

      93.000     0.000000            1         1.00
     116.000     0.100000         5247         1.11
     131.000     0.200000        10919         1.25
     141.000     0.300000        15471         1.43
     158.000     0.400000        20488         1.67
     165.000     0.500000        26119         2.00
     170.000     0.550000        28232         2.22
     202.000     0.600000        30675         2.50
     240.000     0.650000        33699         2.86
     241.000     0.700000        36913         3.33
     242.000     0.750000        40502         4.00
     242.000     0.775000        40502         4.44
     243.000     0.800000        43620         5.00
     243.000     0.825000        43620         5.71
     243.000     0.850000        43620         6.67
     244.000     0.875000        45939         8.00
     244.000     0.887500        45939         8.89
     245.000     0.900000        47666        10.00
     245.000     0.912500        47666        11.43
     245.000     0.925000        47666        13.33
     246.000     0.937500        48852        16.00
     246.000     0.943750        48852        17.78
     246.000     0.950000        48852        20.00
     247.000     0.956250        49502        22.86
     247.000     0.962500        49502        26.67
     248.000     0.968750        49789        32.00
     248.000     0.971875        49789        35.56
     249.000     0.975000        49960        40.00
     250.000     0.978125        50096        45.71
     251.000     0.981250        50235        53.33
     252.000     0.984375        50396        64.00
     253.000     0.985938        50526        71.11
     253.000     0.987500        50526        80.00
     254.000     0.989062        50619        91.43
     255.000     0.990625        50693       106.67
     256.000     0.992188        50733       128.00
     257.000     0.992969        50763       142.22
     265.000     0.993750        50815       160.00
     266.000     0.994531        50847       182.86
     267.000     0.995313        50887       213.33
     268.000     0.996094        50932       256.00
     269.000     0.996484        50981       284.44
     269.000     0.996875        50981       320.00
     269.000     0.997266        50981       365.71
     270.000     0.997656        51008       426.67
     271.000     0.998047        51041       512.00
     271.000     0.998242        51041       568.89
     271.000     0.998437        51041       640.00
     272.000     0.998633        51063       731.43
     272.000     0.998828        51063       853.33
     273.000     0.999023        51075      1024.00
     273.000     0.999121        51075      1137.78
     274.000     0.999219        51083      1280.00
     274.000     0.999316        51083      1462.86
     275.000     0.999414        51088      1706.67
     277.000     0.999512        51094      2048.00
     277.000     0.999561        51094      2275.56
     279.000     0.999609        51097      2560.00
     281.000     0.999658        51099      2925.71
     283.000     0.999707        51102      3413.33
     290.000     0.999756        51104      4096.00
     291.000     0.999780        51105      4551.11
     313.000     0.999805        51107      5120.00
     326.000     0.999829        51108      5851.43
     332.000     0.999854        51109      6826.67
     427.000     0.999878        51110      8192.00
     588.000     0.999890        51111      9102.22
     602.000     0.999902        51112     10240.00
     602.000     0.999915        51112     11702.86
     711.000     0.999927        51113     13653.33
     711.000     0.999939        51113     16384.00
    1118.000     0.999945        51114     18204.44
    1118.000     0.999951        51114     20480.00
    1118.000     0.999957        51114     23405.71
    1328.000     0.999963        51115     27306.67
    1328.000     0.999969        51115     32768.00
    1328.000     0.999973        51115     36408.89
    1328.000     0.999976        51115     40960.00
    1328.000     0.999979        51115     46811.43
    2543.000     0.999982        51116     54613.33
    2543.000     1.000000        51116          inf
#[Mean    =      182.997, StdDeviation   =       53.796]
#[Max     =     2543.000, Total count    =        51116]
#[Buckets =            2, SubBuckets     =         2048]
