       Value   Percentile   TotalCount 1/(1-Percentile)

      48.000     0.000000            3         1.00
     229.000     0.100000      1343105         1.11
     315.000     0.200000      2675600         1.25
     408.000     0.300000      4017070         1.43
     518.000     0.400000      5353432         1.67
     666.000     0.500000      6687143         2.00
     767.000     0.550000      7349125         2.22
     899.000     0.600000      8018879         2.50
    1067.000     0.650000      8686864         2.86
    1277.000     0.700000      9352342         3.33
    1537.000     0.750000     10019827         4.00
    1690.000     0.775000     10355196         4.44
    1864.000     0.800000     10688823         5.00
    2077.000     0.825000     11024520         5.71
    2367.000     0.850000     11356804         6.67
    2819.000     0.875000     11690345         8.00
    3139.000     0.887500     11856793         8.89
    3579.000     0.900000     12024093        10.00
    4195.000     0.912500     12191340        11.43
    5067.000     0.925000     12357784        13.33
    6415.000     0.937500     12524749        16.00
    7447.000     0.943750     12608389        17.78
    8975.000     0.950000     12692073        20.00
   10847.000     0.956250     12775334        22.86
   13655.000     0.962500     12858763        26.67
   19071.000     0.968750     12942228        32.00
   23375.000     0.971875     12984016        35.56
   28879.000     0.975000     13025695        40.00
   36191.000     0.978125     13067547        45.71
   45407.000     0.981250     13109203        53.33
   57087.000     0.984375     13151035        64.00
   63423.000     0.985938     13171823        71.11
   71295.000     0.987500     13192712        80.00
   81471.000     0.989062     13213587        91.43
   93375.000     0.990625     13234511       106.67
  109951.000     0.992188     13255361       128.00
  118591.000     0.992969     13265830       142.22
  127487.000     0.993750     13276231       160.00
  137727.000     0.994531     13286673       182.86
  147711.000     0.995313     13297121       213.33
  159615.000     0.996094     13307556       256.00
  164479.000     0.996484     13312768       284.44
  171263.000     0.996875     13318028       320.00
  179199.000     0.997266     13323182       365.71
  185215.000     0.997656     13328523       426.67
  188927.000     0.998047     13333739       512.00
  189823.000     0.998242     13336302       568.89
  191103.000     0.998437     13338840       640.00
  193663.000     0.998633     13341507       731.43
  196351.000     0.998828     13344055       853.33
  200319.000     0.999023     13346679      1024.00
  204031.000     0.999121     13347960      1137.78
  210431.000     0.999219     13349278      1280.00
  219007.000     0.999316     13350569      1462.86
  228351.000     0.999414     13351874      1706.67
  241535.000     0.999512     13353165      2048.00
  248447.000     0.999561     13353822      2275.56
  256639.000     0.999609     13354470      2560.00
  265471.000     0.999658     13355125      2925.71
  280063.000     0.999707     13355791      3413.33
  299007.000     0.999756     13356436      4096.00
  307199.000     0.999780     13356755      4551.11
  318975.000     0.999805     13357082      5120.00
  331007.000     0.999829     13357415      5851.43
  347647.000     0.999854     13357736      6826.67
  357887.000     0.999878     13358068      8192.00
  360703.000     0.999890     13358228      9102.22
  366079.000     0.999902     13358383     10240.00
  374783.000     0.999915     13358558     11702.86
  378879.000     0.999927     13358727     13653.33
  388863.000     0.999939     13358874     16384.00
  404735.000     0.999945     13358957     18204.44
  411903.000     0.999951     13359036     20480.00
  420607.000     0.999957     13359117     23405.71
  439807.000     0.999963     13359204     27306.67
  520191.000     0.999969     13359281     32768.00
  527871.000     0.999973     13359326     36408.89
  528383.000     0.999976     13359365     40960.00
  528895.000     0.999979     13359413     46811.43
  543743.000     0.999982     13359446     54613.33
  593919.000     0.999985     13359495     65536.00
  594431.000     0.999986     13359515     72817.78
  594943.000     0.999988     13359538     81920.00
  595455.000     0.999989     13359557     93622.86
  595967.000     0.999991     13359569    109226.67
  603647.000     0.999992     13359588    131072.00
  604671.000     0.999993     13359596    145635.56
  606719.000     0.999994     13359611    163840.00
  607231.000     0.999995     13359620    187245.71
  607743.000     0.999995     13359626    218453.33
  610303.000     0.999996     13359639    262144.00
  626175.000     0.999997     13359642    291271.11
  626687.000     0.999997     13359653    327680.00
  626687.000     0.999997     13359653    374491.43
  627199.000     0.999998     13359662    436906.67
  627199.000     0.999998     13359662    524288.00
  627711.000     0.999998     13359667    582542.22
  627711.000     0.999998     13359667    655360.00
  628223.000     0.999999     13359671    748982.86
  629247.000     0.999999     13359676    873813.33
  629247.000     0.999999     13359676   1048576.00
  629247.000     0.999999     13359676   1165084.44
  629759.000     0.999999     13359679   1310720.00
  629759.000     0.999999     13359679   1497965.71
  636415.000     0.999999     13359682   1747626.67
  636415.000     1.000000     13359682   2097152.00
  636415.000     1.000000     13359682   2330168.89
  636415.000     1.000000     13359682   2621440.00
  639487.000     1.000000     13359686   2995931.43
  639487.000     1.000000     13359686   3495253.33
  639487.000     1.000000     13359686   4194304.00
  639487.000     1.000000     13359686   4660337.78
  639487.000     1.000000     13359686   5242880.00
  639487.000     1.000000     13359686   5991862.86
  639487.000     1.000000     13359686   6990506.67
  639487.000     1.000000     13359686   8388608.00
  639487.000     1.000000     13359686   9320675.55
  639487.000     1.000000     13359686  10485760.00
  639487.000     1.000000     13359686  11983725.71
  639999.000     1.000000     13359687  13981013.34
  639999.000     1.000000     13359687          inf
#[Mean    =     3743.074, StdDeviation   =    17465.624]
#[Max     =   639999.000, Total count    =     13359687]
#[Buckets =           10, SubBuckets     =         2048]
