       Value   Percentile   TotalCount 1/(1-Percentile)

      57.000     0.000000            3         1.00
     335.000     0.100000      1172289         1.11
     413.000     0.200000      2340731         1.25
     489.000     0.300000      3520875         1.43
     574.000     0.400000      4687062         1.67
     681.000     0.500000      5853823         2.00
     752.000     0.550000      6437436         2.22
     850.000     0.600000      7023664         2.50
    1003.000     0.650000      7605807         2.86
    1261.000     0.700000      8190045         3.33
    1684.000     0.750000      8774386         4.00
    1991.000     0.775000      9067423         4.44
    2305.000     0.800000      9360865         5.00
    2567.000     0.825000      9651887         5.71
    2819.000     0.850000      9946412         6.67
    3081.000     0.875000     10237441         8.00
    3225.000     0.887500     10383119         8.89
    3393.000     0.900000     10530430        10.00
    3621.000     0.912500     10675932        11.43
    4107.000     0.925000     10822189        13.33
    5539.000     0.937500     10968011        16.00
    7019.000     0.943750     11040990        17.78
    8871.000     0.950000     11114315        20.00
   10463.000     0.956250     11187458        22.86
   11879.000     0.962500     11260426        26.67
   13263.000     0.968750     11333697        32.00
   14039.000     0.971875     11370307        35.56
   15007.000     0.975000     11406634        40.00
   16415.000     0.978125     11443388        45.71
   20847.000     0.981250     11479689        53.33
   36607.000     0.984375     11516284        64.00
   58751.000     0.985938     11534524        71.11
   91327.000     0.987500     11552806        80.00
  117247.000     0.989062     11571131        91.43
  142975.000     0.990625     11589400       106.67
  161919.000     0.992188     11607663       128.00
  170623.000     0.992969     11616867       142.22
  176383.000     0.993750     11625944       160.00
  183039.000     0.994531     11635186       182.86
  186879.000     0.995313     11644364       213.33
  188671.000     0.996094     11653507       256.00
  189311.000     0.996484     11658161       284.44
  189951.000     0.996875     11663571       320.00
  190463.000     0.997266     11667741       365.71
  191231.000     0.997656     11672038       426.67
  192767.000     0.998047     11676428       512.00
  193791.000     0.998242     11678544       568.89
  195583.000     0.998437     11680774       640.00
  199295.000     0.998633     11683096       731.43
  202367.000     0.998828     11685391       853.33
  209791.000     0.999023     11687633      1024.00
  216319.000     0.999121     11688767      1137.78
  258559.000     0.999219     11689905      1280.00
  328447.000     0.999316     11691060      1462.86
  357375.000     0.999414     11692187      1706.67
  373759.000     0.999512     11693359      2048.00
  377855.000     0.999561     11693909      2275.56
  394495.000     0.999609     11694489      2560.00
  415487.000     0.999658     11695043      2925.71
  429567.000     0.999707     11695616      3413.33
  523519.000     0.999756     11696189      4096.00
  586751.000     0.999780     11696480      4551.11
  599039.000     0.999805     11696758      5120.00
  610303.000     0.999829     11697042      5851.43
  676863.000     0.999854     11697338      6826.67
  701951.000     0.999878     11697613      8192.00
  765439.000     0.999890     11697760      9102.22
  775679.000     0.999902     11697925     10240.00
  810495.000     0.999915     11698042     11702.86
  832511.000     0.999927     11698193     13653.33
  904703.000     0.999939     11698331     16384.00
  961535.000     0.999945     11698399     18204.44
  994303.000     0.999951     11698470     20480.00
 1022463.000     0.999957     11698543     23405.71
 1051647.000     0.999963     11698621     27306.67
 1104895.000     0.999969     11698689     32768.00
 1135615.000     0.999973     11698720     36408.89
 1160191.000     0.999976     11698759     40960.00
 1171455.000     0.999979     11698792     46811.43
 1187839.000     0.999982     11698827     54613.33
 1209343.000     0.999985     11698863     65536.00
 1219583.000     0.999986     11698885     72817.78
 1228799.000     0.999988     11698901     81920.00
 1284095.000     0.999989     11698918     93622.86
 1305599.000     0.999991     11698934    109226.67
 1351679.000     0.999992     11698952    131072.00
 1364991.000     0.999993     11698964    145635.56
 1366015.000     0.999994     11698971    163840.00
 1373183.000     0.999995     11698981    187245.71
 1379327.000     0.999995     11698990    218453.33
 1384447.000     0.999996     11699001    262144.00
 1384447.000     0.999997     11699001    291271.11
 1386495.000     0.999997     11699007    327680.00
 1389567.000     0.999997     11699010    374491.43
 1398783.000     0.999998     11699016    436906.67
 1399807.000     0.999998     11699019    524288.00
 1402879.000     0.999998     11699021    582542.22
 1412095.000     0.999998     11699024    655360.00
 1413119.000     0.999999     11699029    748982.86
 1413119.000     0.999999     11699029    873813.33
 1509375.000     0.999999     11699032   1048576.00
 1509375.000     0.999999     11699032   1165084.44
 1510399.000     0.999999     11699033   1310720.00
 1552383.000     0.999999     11699034   1497965.71
 1553407.000     0.999999     11699035   1747626.67
 1557503.000     1.000000     11699036   2097152.00
 1557503.000     1.000000     11699036   2330168.89
 1558527.000     1.000000     11699037   2621440.00
 1564671.000     1.000000     11699038   2995931.43
 1564671.000     1.000000     11699038   3495253.33
 1566719.000     1.000000     11699039   4194304.00
 1566719.000     1.000000     11699039   4660337.78
 1566719.000     1.000000     11699039   5242880.00
 1571839.000     1.000000     11699040   5991862.86
 1571839.000     1.000000     11699040   6990506.67
 1571839.000     1.000000     11699040   8388608.00
 1571839.000     1.000000     11699040   9320675.55
 1571839.000     1.000000     11699040  10485760.00
 1579007.000     1.000000     11699041  11983725.71
 1579007.000     1.000000     11699041          inf
#[Mean    =     4079.699, StdDeviation   =    23885.126]
#[Max     =  1579007.000, Total count    =     11699041]
#[Buckets =           11, SubBuckets     =         2048]
