       Value   Percentile   TotalCount 1/(1-Percentile)

     116.000     0.000000            1         1.00
     794.000     0.100000       784296         1.11
    1083.000     0.200000      1565652         1.25
    1382.000     0.300000      2347834         1.43
    1725.000     0.400000      3130064         1.67
    2101.000     0.500000      3911672         2.00
    2297.000     0.550000      4301656         2.22
    2505.000     0.600000      4694435         2.50
    2735.000     0.650000      5083929         2.86
    3011.000     0.700000      5476606         3.33
    3365.000     0.750000      5865979         4.00
    3589.000     0.775000      6061298         4.44
    3859.000     0.800000      6258057         5.00
    4187.000     0.825000      6452351         5.71
    4611.000     0.850000      6648883         6.67
    5167.000     0.875000      6843756         8.00
    5527.000     0.887500      6941546         8.89
    5951.000     0.900000      7039713        10.00
    6463.000     0.912500      7137346        11.43
    7095.000     0.925000      7234670        13.33
    7895.000     0.937500      7332309        16.00
    8391.000     0.943750      7381437        17.78
    8975.000     0.950000      7430094        20.00
    9695.000     0.956250      7479060        22.86
   10599.000     0.962500      7527900        26.67
   11807.000     0.968750      7576860        32.00
   12607.000     0.971875      7601267        35.56
   13663.000     0.975000      7625516        40.00
   15215.000     0.978125      7650008        45.71
   17727.000     0.981250      7674441        53.33
   22367.000     0.984375      7698819        64.00
   26111.000     0.985938      7711044        71.11
   31263.000     0.987500      7723272        80.00
   37727.000     0.989062      7735535        91.43
   45471.000     0.990625      7747719       106.67
   58527.000     0.992188      7759921       128.00
   65983.000     0.992969      7766034       142.22
   74303.000     0.993750      7772132       160.00
   86847.000     0.994531      7778248       182.86
  103103.000     0.995313      7784350       213.33
  126463.000     0.996094      7790472       256.00
  139263.000     0.996484      7793537       284.44
  151551.000     0.996875      7796599       320.00
  163327.000     0.997266      7799626       365.71
  183551.000     0.997656      7802695       426.67
  197119.000     0.998047      7805746       512.00
  213887.000     0.998242      7807266       568.89
  233343.000     0.998437      7808796       640.00
  256383.000     0.998633      7810326       731.43
  277503.000     0.998828      7811869       853.33
  297983.000     0.999023      7813373      1024.00
  315391.000     0.999121      7814146      1137.78
  334079.000     0.999219      7814915      1280.00
  348159.000     0.999316      7815667      1462.86
  372735.000     0.999414      7816429      1706.67
  400895.000     0.999512      7817203      2048.00
  422143.000     0.999561      7817576      2275.56
  466943.000     0.999609      7817965      2560.00
  504831.000     0.999658      7818337      2925.71
  534015.000     0.999707      7818720      3413.33
  616959.000     0.999756      7819104      4096.00
  659455.000     0.999780      7819292      4551.11
  723967.000     0.999805      7819484      5120.00
  772095.000     0.999829      7819678      5851.43
  843775.000     0.999854      7819868      6826.67
  856575.000     0.999878      7820061      8192.00
  872447.000     0.999890      7820151      9102.22
  906239.000     0.999902      7820247     10240.00
  923135.000     0.999915      7820351     11702.86
  981503.000     0.999927      7820438     13653.33
 1020415.000     0.999939      7820534     16384.00
 1076223.000     0.999945      7820581     18204.44
 1103871.000     0.999951      7820634     20480.00
 1178623.000     0.999957      7820679     23405.71
 1245183.000     0.999963      7820727     27306.67
 1295359.000     0.999969      7820772     32768.00
 1303551.000     0.999973      7820799     36408.89
 1336319.000     0.999976      7820820     40960.00
 1367039.000     0.999979      7820843     46811.43
 1397759.000     0.999982      7820868     54613.33
 1409023.000     0.999985      7820891     65536.00
 1434623.000     0.999986      7820903     72817.78
 1437695.000     0.999988      7820915     81920.00
 1441791.000     0.999989      7820927     93622.86
 1508351.000     0.999991      7820939    109226.67
 1558527.000     0.999992      7820951    131072.00
 1585151.000     0.999993      7820960    145635.56
 1588223.000     0.999994      7820964    163840.00
 1619967.000     0.999995      7820969    187245.71
 1661951.000     0.999995      7820975    218453.33
 1722367.000     0.999996      7820981    262144.00
 1747967.000     0.999997      7820984    291271.11
 1771519.000     0.999997      7820987    327680.00
 1926143.000     0.999997      7820991    374491.43
 1931263.000     0.999998      7820995    436906.67
 1932287.000     0.999998      7820997    524288.00
 1932287.000     0.999998      7820997    582542.22
 1938431.000     0.999998      7820999    655360.00
 1939455.000     0.999999      7821001    748982.86
 1963007.000     0.999999      7821002    873813.33
 1964031.000     0.999999      7821003   1048576.00
 2125823.000     0.999999      7821004   1165084.44
 2127871.000     0.999999      7821005   1310720.00
 2127871.000     0.999999      7821005   1497965.71
 2236415.000     0.999999      7821006   1747626.67
 2238463.000     1.000000      7821007   2097152.00
 2238463.000     1.000000      7821007   2330168.89
 2365439.000     1.000000      7821009   2621440.00
 2365439.000     1.000000      7821009   2995931.43
 2365439.000     1.000000      7821009   3495253.33
 2365439.000     1.000000      7821009   4194304.00
 2365439.000     1.000000      7821009   4660337.78
 2365439.000     1.000000      7821009   5242880.00
 2365439.000     1.000000      7821009   5991862.86
 2365439.000     1.000000      7821009   6990506.67
 2377727.000     1.000000      7821010   8388608.00
 2377727.000     1.000000      7821010          inf
#[Mean    =     4402.130, StdDeviation   =    22203.589]
#[Max     =  2377727.000, Total count    =      7821010]
#[Buckets =           12, SubBuckets     =         2048]
