       Value   Percentile   TotalCount 1/(1-Percentile)

     714.000     0.000000            1         1.00
    7551.000     0.100000       116565         1.11
    8031.000     0.200000       232676         1.25
    8295.000     0.300000       348538         1.43
    8479.000     0.400000       465796         1.67
    8639.000     0.500000       581285         2.00
    8711.000     0.550000       645351         2.22
    8767.000     0.600000       698183         2.50
    8831.000     0.650000       756363         2.86
    8903.000     0.700000       814614         3.33
    8999.000     0.750000       873365         4.00
    9063.000     0.775000       901878         4.44
    9143.000     0.800000       931437         5.00
    9231.000     0.825000       959143         5.71
    9359.000     0.850000       987427         6.67
    9503.000     0.875000      1016637         8.00
    9591.000     0.887500      1032040         8.89
    9679.000     0.900000      1045792        10.00
    9775.000     0.912500      1060051        11.43
    9895.000     0.925000      1074667        13.33
   10007.000     0.937500      1089545        16.00
   10047.000     0.943750      1096292        17.78
   10111.000     0.950000      1103733        20.00
   10183.000     0.956250      1110816        22.86
   10255.000     0.962500      1118562        26.67
   10319.000     0.968750      1125318        32.00
   10359.000     0.971875      1129096        35.56
   10399.000     0.975000      1132893        40.00
   10439.000     0.978125      1136215        45.71
   10495.000     0.981250      1139887        53.33
   10559.000     0.984375      1143601        64.00
   10607.000     0.985938      1145485        71.11
   10647.000     0.987500      1147039        80.00
   10687.000     0.989062      1148916        91.43
   10743.000     0.990625      1150832       106.67
   10807.000     0.992188      1152677       128.00
   10831.000     0.992969      1153383       142.22
   10895.000     0.993750      1154275       160.00
   10991.000     0.994531      1155191       182.86
   11047.000     0.995313      1156118       213.33
   11111.000     0.996094      1157159       256.00
   11127.000     0.996484      1157448       284.44
   11167.000     0.996875      1157929       320.00
   11199.000     0.997266      1158422       365.71
   11271.000     0.997656      1158863       426.67
   11319.000     0.998047      1159293       512.00
   11367.000     0.998242      1159520       568.89
   11399.000     0.998437      1159791       640.00
   11415.000     0.998633      1159938       731.43
   11439.000     0.998828      1160231       853.33
   11455.000     0.999023      1160400      1024.00
   11503.000     0.999121      1160506      1137.78
   11583.000     0.999219      1160665      1280.00
   11599.000     0.999316      1160783      1462.86
   11623.000     0.999414      1160852      1706.67
   11647.000     0.999512      1160964      2048.00
   11695.000     0.999561      1161022      2275.56
   11711.000     0.999609      1161087      2560.00
   11719.000     0.999658      1161135      2925.71
   11759.000     0.999707      1161232      3413.33
   11775.000     0.999756      1161245      4096.00
   12071.000     0.999780      1161270      4551.11
   12287.000     0.999805      1161299      5120.00
   12503.000     0.999829      1161341      5851.43
   12511.000     0.999854      1161399      6826.67
   12511.000     0.999878      1161399      8192.00
   12511.000     0.999890      1161399      9102.22
   12519.000     0.999902      1161416     10240.00
   12527.000     0.999915      1161456     11702.86
   12527.000     0.999927      1161456     13653.33
   12527.000     0.999939      1161456     16384.00
   12535.000     0.999945      1161467     18204.44
   14135.000     0.999951      1161483     20480.00
   14135.000     0.999957      1161483     23405.71
   14135.000     0.999963      1161483     27306.67
   14151.000     0.999969      1161492     32768.00
   17823.000     0.999973      1161494     36408.89
   17839.000     0.999976      1161506     40960.00
   17839.000     0.999979      1161506     46811.43
   17839.000     0.999982      1161506     54613.33
   17855.000     0.999985      1161525     65536.00
   17855.000     1.000000      1161525          inf
#[Mean    =     8605.852, StdDeviation   =      846.535]
#[Max     =    17855.000, Total count    =      1161525]
#[Buckets =            5, SubBuckets     =         2048]
