       Value   Percentile   TotalCount 1/(1-Percentile)

    6235.000     0.000000            1         1.00
   11679.000     0.100000        75773         1.11
   11935.000     0.200000       152772         1.25
   12135.000     0.300000       227753         1.43
   12343.000     0.400000       304251         1.67
   12567.000     0.500000       381098         2.00
   12711.000     0.550000       418191         2.22
   12895.000     0.600000       455885         2.50
   13143.000     0.650000       492576         2.86
   13511.000     0.700000       530808         3.33
   13951.000     0.750000       568647         4.00
   14175.000     0.775000       587620         4.44
   14407.000     0.800000       606508         5.00
   14655.000     0.825000       625245         5.71
   14903.000     0.850000       644530         6.67
   15143.000     0.875000       663384         8.00
   15271.000     0.887500       672913         8.89
   15391.000     0.900000       681845        10.00
   15535.000     0.912500       691584        11.43
   15703.000     0.925000       701025        13.33
   15879.000     0.937500       710275        16.00
   15991.000     0.943750       715197        17.78
   16103.000     0.950000       719735        20.00
   16247.000     0.956250       724556        22.86
   16431.000     0.962500       729435        26.67
   16719.000     0.968750       734142        32.00
   16895.000     0.971875       736289        35.56
   17119.000     0.975000       738735        40.00
   17359.000     0.978125       741091        45.71
   17695.000     0.981250       743498        53.33
   18015.000     0.984375       745820        64.00
   18159.000     0.985938       746985        71.11
   18367.000     0.987500       748176        80.00
   18639.000     0.989062       749347        91.43
   18895.000     0.990625       750535       106.67
   19199.000     0.992188       751692       128.00
   19359.000     0.992969       752275       142.22
   19599.000     0.993750       752860       160.00
   19839.000     0.994531       753452       182.86
   20287.000     0.995313       754041       213.33
   21071.000     0.996094       754638       256.00
   21439.000     0.996484       754935       284.44
   22495.000     0.996875       755220       320.00
   22959.000     0.997266       755516       365.71
   23407.000     0.997656       755816       426.67
   24159.000     0.998047       756110       512.00
   24847.000     0.998242       756258       568.89
   25135.000     0.998437       756423       640.00
   25407.000     0.998633       756556       731.43
   26415.000     0.998828       756712       853.33
   26959.000     0.999023       756848      1024.00
   27375.000     0.999121       756922      1137.78
   27551.000     0.999219       756999      1280.00
   27727.000     0.999316       757072      1462.86
   27935.000     0.999414       757147      1706.67
   28143.000     0.999512       757220      2048.00
   28239.000     0.999561       757255      2275.56
   28447.000     0.999609       757292      2560.00
   28687.000     0.999658       757330      2925.71
   28911.000     0.999707       757369      3413.33
   29103.000     0.999756       757404      4096.00
   29199.000     0.999780       757423      4551.11
   29279.000     0.999805       757440      5120.00
   29375.000     0.999829       757460      5851.43
   29455.000     0.999854       757482      6826.67
   29503.000     0.999878       757495      8192.00
   29535.000     0.999890       757509      9102.22
   29567.000     0.999902       757514     10240.00
   30255.000     0.999915       757526     11702.86
   30271.000     0.999927       757534     13653.33
   30847.000     0.999939       757543     16384.00
   30863.000     0.999945       757546     18204.44
   34143.000     0.999951       757552     20480.00
   42399.000     0.999957       757555     23405.71
   42559.000     0.999963       757560     27306.67
   42591.000     0.999969       757568     32768.00
   42591.000     0.999973       757568     36408.89
   42623.000     0.999976       757577     40960.00
   42623.000     0.999979       757577     46811.43
   42623.000     0.999982       757577     54613.33
   42623.000     0.999985       757577     65536.00
   42623.000     0.999986       757577     72817.78
   42655.000     0.999988       757581     81920.00
   42655.000     0.999989       757581     93622.86
   42655.000     0.999991       757581    109226.67
   42687.000     0.999992       757584    131072.00
   42687.000     0.999993       757584    145635.56
   42687.000     0.999994       757584    163840.00
   42687.000     0.999995       757584    187245.71
   42687.000     0.999995       757584    218453.33
   42719.000     0.999996       757587    262144.00
   42719.000     1.000000       757587          inf
#[Mean    =    13149.688, StdDeviation   =     1706.425]
#[Max     =    42719.000, Total count    =       757587]
#[Buckets =            6, SubBuckets     =         2048]
