       Value   Percentile   TotalCount 1/(1-Percentile)

      89.000     0.000000            1         1.00
    2265.000     0.100000      1415585         1.11
    2521.000     0.200000      2827878         1.25
    2723.000     0.300000      4225932         1.43
    2925.000     0.400000      5633853         1.67
    3165.000     0.500000      7050171         2.00
    3309.000     0.550000      7751156         2.22
    3491.000     0.600000      8451860         2.50
    3757.000     0.650000      9154796         2.86
    4119.000     0.700000      9857146         3.33
    4611.000     0.750000     10562340         4.00
    4959.000     0.775000     10912826         4.44
    5603.000     0.800000     11264251         5.00
    6855.000     0.825000     11616791         5.71
    8207.000     0.850000     11969304         6.67
    9815.000     0.875000     12320400         8.00
   10919.000     0.887500     12497366         8.89
   12175.000     0.900000     12672484        10.00
   13343.000     0.912500     12849339        11.43
   14479.000     0.925000     13024270        13.33
   15655.000     0.937500     13200806        16.00
   16327.000     0.943750     13288321        17.78
   17135.000     0.950000     13377563        20.00
   18111.000     0.956250     13464508        22.86
   19391.000     0.962500     13553058        26.67
   21055.000     0.968750     13640763        32.00
   21903.000     0.971875     13684954        35.56
   22751.000     0.975000     13728567        40.00
   23679.000     0.978125     13772256        45.71
   24847.000     0.981250     13816408        53.33
   26815.000     0.984375     13860356        64.00
   28095.000     0.985938     13882264        71.11
   29375.000     0.987500     13904433        80.00
   30591.000     0.989062     13926389        91.43
   31743.000     0.990625     13948269       106.67
   33023.000     0.992188     13970357       128.00
   33727.000     0.992969     13981492       142.22
   34527.000     0.993750     13992596       160.00
   35519.000     0.994531     14003326       182.86
   37119.000     0.995313     14014313       213.33
   39327.000     0.996094     14025297       256.00
   40703.000     0.996484     14030749       284.44
   42431.000     0.996875     14036238       320.00
   44191.000     0.997266     14041796       365.71
   45599.000     0.997656     14047309       426.67
   46847.000     0.998047     14052773       512.00
   47455.000     0.998242     14055568       568.89
   48031.000     0.998437     14058245       640.00
   48607.000     0.998633     14061096       731.43
   49151.000     0.998828     14063715       853.33
   49759.000     0.999023     14066527      1024.00
   50079.000     0.999121     14067870      1137.78
   50431.000     0.999219     14069226      1280.00
   50847.000     0.999316     14070649      1462.86
   51327.000     0.999414     14072010      1706.67
   51903.000     0.999512     14073395      2048.00
   52191.000     0.999561     14074040      2275.56
   52511.000     0.999609     14074731      2560.00
   52863.000     0.999658     14075422      2925.71
   53279.000     0.999707     14076118      3413.33
   53727.000     0.999756     14076809      4096.00
   53983.000     0.999780     14077137      4551.11
   54271.000     0.999805     14077482      5120.00
   54623.000     0.999829     14077815      5851.43
   55071.000     0.999854     14078156      6826.67
   55679.000     0.999878     14078506      8192.00
   56095.000     0.999890     14078673      9102.22
   56703.000     0.999902     14078844     10240.00
   57471.000     0.999915     14079012     11702.86
   58559.000     0.999927     14079183     13653.33
   59551.000     0.999939     14079353     16384.00
   59999.000     0.999945     14079440     18204.44
   60639.000     0.999951     14079527     20480.00
   61567.000     0.999957     14079611     23405.71
   63007.000     0.999963     14079700     27306.67
   65247.000     0.999969     14079783     32768.00
   67455.000     0.999973     14079826     36408.89
   70655.000     0.999976     14079869     40960.00
   74175.000     0.999979     14079912     46811.43
   80575.000     0.999982     14079955     54613.33
   84351.000     0.999985     14079998     65536.00
   86463.000     0.999986     14080019     72817.78
   87551.000     0.999988     14080041     81920.00
   88895.000     0.999989     14080062     93622.86
   90367.000     0.999991     14080085    109226.67
   91647.000     0.999992     14080106    131072.00
   92159.000     0.999993     14080116    145635.56
   92799.000     0.999994     14080127    163840.00
   93311.000     0.999995     14080137    187245.71
   93695.000     0.999995     14080148    218453.33
   94207.000     0.999996     14080159    262144.00
   94399.000     0.999997     14080164    291271.11
   94975.000     0.999997     14080170    327680.00
   95551.000     0.999997     14080175    374491.43
   95935.000     0.999998     14080180    436906.67
   96703.000     0.999998     14080186    524288.00
   97087.000     0.999998     14080188    582542.22
   97407.000     0.999998     14080192    655360.00
   97855.000     0.999999     14080194    748982.86
   98111.000     0.999999     14080196    873813.33
   98751.000     0.999999     14080199   1048576.00
   98815.000     0.999999     14080200   1165084.44
   99391.000     0.999999     14080202   1310720.00
   99455.000     0.999999     14080203   1497965.71
  100735.000     0.999999     14080204   1747626.67
  101183.000     1.000000     14080207   2097152.00
  101183.000     1.000000     14080207   2330168.89
  101183.000     1.000000     14080207   2621440.00
  101375.000     1.000000     14080208   2995931.43
  101375.000     1.000000     14080208   3495253.33
  101631.000     1.000000     14080209   4194304.00
  101631.000     1.000000     14080209   4660337.78
  101823.000     1.000000     14080210   5242880.00
  101823.000     1.000000     14080210   5991862.86
  101823.000     1.000000     14080210   6990506.67
  102207.000     1.000000     14080211   8388608.00
  102207.000     1.000000     14080211   9320675.55
  102207.000     1.000000     14080211  10485760.00
  102207.000     1.000000     14080211  11983725.71
  102207.000     1.000000     14080211  13981013.34
  102527.000     1.000000     14080212  16777216.00
  102527.000     1.000000     14080212          inf
#[Mean    =     5307.260, StdDeviation   =     5825.216]
#[Max     =   102527.000, Total count    =     14080212]
#[Buckets =            7, SubBuckets     =         2048]
