       Value   Percentile   TotalCount 1/(1-Percentile)

     127.000     0.000000            1         1.00
     545.000     0.100000       348266         1.11
    1108.000     0.200000       695250         1.25
    2007.000     0.300000      1042900         1.43
    2947.000     0.400000      1390695         1.67
    4459.000     0.500000      1738242         2.00
    5831.000     0.550000      1911832         2.22
    8239.000     0.600000      2085991         2.50
   12359.000     0.650000      2259571         2.86
   17023.000     0.700000      2433837         3.33
   21311.000     0.750000      2607390         4.00
   24879.000     0.775000      2694003         4.44
   32175.000     0.800000      2780910         5.00
   46431.000     0.825000      2867831         5.71
   58879.000     0.850000      2954784         6.67
   72639.000     0.875000      3041549         8.00
   77631.000     0.887500      3085497         8.89
   82111.000     0.900000      3128890        10.00
   87295.000     0.912500      3172040        11.43
   94335.000     0.925000      3215454        13.33
   99775.000     0.937500      3258854        16.00
  101567.000     0.943750      3280908        17.78
  103039.000     0.950000      3302599        20.00
  105151.000     0.956250      3324032        22.86
  107775.000     0.962500      3346055        26.67
  109823.000     0.968750      3368108        32.00
  110783.000     0.971875      3378635        35.56
  112127.000     0.975000      3389422        40.00
  114559.000     0.978125      3400152        45.71
  117503.000     0.981250      3410993        53.33
  121471.000     0.984375      3421794        64.00
  125631.000     0.985938      3427174        71.11
  129215.000     0.987500      3432654        80.00
  132479.000     0.989062      3438185        91.43
  134911.000     0.990625      3443572       106.67
  137215.000     0.992188      3448930       128.00
  138495.000     0.992969      3451626       142.22
  140031.000     0.993750      3454499       160.00
  141439.000     0.994531      3457143       182.86
  142719.000     0.995313      3459858       213.33
  143871.000     0.996094      3462754       256.00
  144383.000     0.996484      3464069       284.44
  144895.000     0.996875      3465248       320.00
  145663.000     0.997266      3466747       365.71
  146431.000     0.997656      3467975       426.67
  147455.000     0.998047      3469331       512.00
  148095.000     0.998242      3470015       568.89
  148863.000     0.998437      3470748       640.00
  149503.000     0.998633      3471307       731.43
  150399.000     0.998828      3471993       853.33
  151551.000     0.999023      3472736      1024.00
  152063.000     0.999121      3473014      1137.78
  152831.000     0.999219      3473363      1280.00
  153727.000     0.999316      3473705      1462.86
  155007.000     0.999414      3474031      1706.67
  156799.000     0.999512      3474377      2048.00
  157695.000     0.999561      3474539      2275.56
  158847.000     0.999609      3474712      2560.00
  160255.000     0.999658      3474876      2925.71
  162431.000     0.999707      3475047      3413.33
  164863.000     0.999756      3475210      4096.00
  166399.000     0.999780      3475299      4551.11
  168319.000     0.999805      3475382      5120.00
  172287.000     0.999829      3475463      5851.43
  182271.000     0.999854      3475547      6826.67
  198527.000     0.999878      3475632      8192.00
  206591.000     0.999890      3475675      9102.22
  214015.000     0.999902      3475717     10240.00
  217215.000     0.999915      3475759     11702.86
  220671.000     0.999927      3475803     13653.33
  223231.000     0.999939      3475844     16384.00
  226175.000     0.999945      3475866     18204.44
  228863.000     0.999951      3475887     20480.00
  231295.000     0.999957      3475908     23405.71
  235263.000     0.999963      3475931     27306.67
  240255.000     0.999969      3475950     32768.00
  243199.000     0.999973      3475961     36408.89
  247935.000     0.999976      3475973     40960.00
  251263.000     0.999979      3475982     46811.43
  257663.000     0.999982      3475993     54613.33
  262655.000     0.999985      3476004     65536.00
  264191.000     0.999986      3476009     72817.78
  265983.000     0.999988      3476014     81920.00
  270079.000     0.999989      3476020     93622.86
  271359.000     0.999991      3476026    109226.67
  272383.000     0.999992      3476030    131072.00
  276479.000     0.999993      3476035    145635.56
  276479.000     0.999994      3476035    163840.00
  278527.000     0.999995      3476038    187245.71
  279039.000     0.999995      3476041    218453.33
  280575.000     0.999996      3476043    262144.00
  281855.000     0.999997      3476045    291271.11
  283391.000     0.999997      3476046    327680.00
  284671.000     0.999997      3476047    374491.43
  286463.000     0.999998      3476049    436906.67
  286975.000     0.999998      3476050    524288.00
  287487.000     0.999998      3476051    582542.22
  287487.000     0.999998      3476051    655360.00
  288511.000     0.999999      3476053    748982.86
  288511.000     0.999999      3476053    873813.33
  288511.000     0.999999      3476053   1048576.00
  289279.000     0.999999      3476054   1165084.44
  289279.000     0.999999      3476054   1310720.00
  289279.000     0.999999      3476054   1497965.71
  291583.000     0.999999      3476055   1747626.67
  291583.000     1.000000      3476055   2097152.00
  291583.000     1.000000      3476055   2330168.89
  291583.000     1.000000      3476055   2621440.00
  291583.000     1.000000      3476055   2995931.43
  294911.000     1.000000      3476056   3495253.33
  294911.000     1.000000      3476056          inf
#[Mean    =    21435.205, StdDeviation   =    33715.728]
#[Max     =   294911.000, Total count    =      3476056]
#[Buckets =            9, SubBuckets     =         2048]
