       Value   Percentile   TotalCount 1/(1-Percentile)

      84.000     0.000000            1         1.00
     785.000     0.100000       894594         1.11
    1574.000     0.200000      1788358         1.25
    2729.000     0.300000      2682703         1.43
    3979.000     0.400000      3575855         1.67
    4919.000     0.500000      4471228         2.00
    5331.000     0.550000      4920314         2.22
    5723.000     0.600000      5365613         2.50
    6111.000     0.650000      5811623         2.86
    6507.000     0.700000      6257170         3.33
    6927.000     0.750000      6705166         4.00
    7151.000     0.775000      6928984         4.44
    7391.000     0.800000      7153392         5.00
    7651.000     0.825000      7376849         5.71
    7939.000     0.850000      7599008         6.67
    8271.000     0.875000      7823388         8.00
    8463.000     0.887500      7937300         8.89
    8671.000     0.900000      8048372        10.00
    8903.000     0.912500      8157763        11.43
    9183.000     0.925000      8271108        13.33
    9511.000     0.937500      8381432        16.00
    9703.000     0.943750      8436408        17.78
    9927.000     0.950000      8492548        20.00
   10191.000     0.956250      8548776        22.86
   10503.000     0.962500      8603620        26.67
   10911.000     0.968750      8660110        32.00
   11159.000     0.971875      8687706        35.56
   11455.000     0.975000      8715818        40.00
   11807.000     0.978125      8743617        45.71
   12239.000     0.981250      8771158        53.33
   12807.000     0.984375      8799254        64.00
   13159.000     0.985938      8813169        71.11
   13575.000     0.987500      8827148        80.00
   14079.000     0.989062      8841158        91.43
   14695.000     0.990625      8854954       106.67
   15503.000     0.992188      8868982       128.00
   16007.000     0.992969      8875994       142.22
   16591.000     0.993750      8882889       160.00
   17295.000     0.994531      8889868       182.86
   18175.000     0.995313      8896856       213.33
   19375.000     0.996094      8903904       256.00
   20143.000     0.996484      8907352       284.44
   21151.000     0.996875      8910822       320.00
   22495.000     0.997266      8914339       365.71
   24063.000     0.997656      8917825       426.67
   25711.000     0.998047      8921305       512.00
   26575.000     0.998242      8923054       568.89
   27471.000     0.998437      8924807       640.00
   28415.000     0.998633      8926536       731.43
   29455.000     0.998828      8928290       853.33
   30559.000     0.999023      8930045      1024.00
   31151.000     0.999121      8930900      1137.78
   31791.000     0.999219      8931790      1280.00
   32447.000     0.999316      8932661      1462.86
   33151.000     0.999414      8933528      1706.67
   33951.000     0.999512      8934400      2048.00
   34399.000     0.999561      8934848      2275.56
   34847.000     0.999609      8935274      2560.00
   35391.000     0.999658      8935718      2925.71
   35967.000     0.999707      8936162      3413.33
   36607.000     0.999756      8936570      4096.00
   36991.000     0.999780      8936787      4551.11
   37375.000     0.999805      8937019      5120.00
   37855.000     0.999829      8937231      5851.43
   38303.000     0.999854      8937441      6826.67
   38879.000     0.999878      8937661      8192.00
   39199.000     0.999890      8937779      9102.22
   39519.000     0.999902      8937878     10240.00
   39871.000     0.999915      8937996     11702.86
   40319.000     0.999927      8938101     13653.33
   40735.000     0.999939      8938205     16384.00
   40991.000     0.999945      8938260     18204.44
   41279.000     0.999951      8938317     20480.00
   41599.000     0.999957      8938373     23405.71
   41919.000     0.999963      8938423     27306.67
   42367.000     0.999969      8938480     32768.00
   42623.000     0.999973      8938508     36408.89
   42847.000     0.999976      8938532     40960.00
   43071.000     0.999979      8938560     46811.43
   43423.000     0.999982      8938587     54613.33
   43775.000     0.999985      8938617     65536.00
   43935.000     0.999986      8938628     72817.78
   44127.000     0.999988      8938641     81920.00
   44351.000     0.999989      8938656     93622.86
   44703.000     0.999991      8938670    109226.67
   45023.000     0.999992      8938682    131072.00
   45183.000     0.999993      8938689    145635.56
   45407.000     0.999994      8938697    163840.00
   45599.000     0.999995      8938703    187245.71
   45791.000     0.999995      8938711    218453.33
   46239.000     0.999996      8938716    262144.00
   46655.000     0.999997      8938720    291271.11
   46815.000     0.999997      8938723    327680.00
   47199.000     0.999997      8938727    374491.43
   47551.000     0.999998      8938732    436906.67
   47679.000     0.999998      8938733    524288.00
   47775.000     0.999998      8938735    582542.22
   48031.000     0.999998      8938737    655360.00
   48319.000     0.999999      8938739    748982.86
   48383.000     0.999999      8938740    873813.33
   48575.000     0.999999      8938742   1048576.00
   48863.000     0.999999      8938743   1165084.44
   48959.000     0.999999      8938744   1310720.00
   48991.000     0.999999      8938746   1497965.71
   48991.000     0.999999      8938746   1747626.67
   48991.000     1.000000      8938746   2097152.00
   49151.000     1.000000      8938747   2330168.89
   49151.000     1.000000      8938747   2621440.00
   49215.000     1.000000      8938748   2995931.43
   49215.000     1.000000      8938748   3495253.33
   49215.000     1.000000      8938748   4194304.00
   49503.000     1.000000      8938749   4660337.78
   49503.000     1.000000      8938749   5242880.00
   49503.000     1.000000      8938749   5991862.86
   49503.000     1.000000      8938749   6990506.67
   49503.000     1.000000      8938749   8388608.00
   50047.000     1.000000      8938750   9320675.55
   50047.000     1.000000      8938750          inf
#[Mean    =     4910.530, StdDeviation   =     3377.790]
#[Max     =    50047.000, Total count    =      8938750]
#[Buckets =            6, SubBuckets     =         2048]
