       Value   Percentile   TotalCount 1/(1-Percentile)

     759.000     0.000000            1         1.00
   12391.000     0.100000        95289         1.11
   12423.000     0.200000       182486         1.25
   12447.000     0.300000       261098         1.43
   12471.000     0.400000       347924         1.67
   12487.000     0.500000       407958         2.00
   12503.000     0.550000       465680         2.22
   12511.000     0.600000       492285         2.50
   12527.000     0.650000       537647         2.86
   12543.000     0.700000       577767         3.33
   12559.000     0.750000       616380         4.00
   12567.000     0.775000       634707         4.44
   12575.000     0.800000       652443         5.00
   12583.000     0.825000       669559         5.71
   12591.000     0.850000       685386         6.67
   12607.000     0.875000       711490         8.00
   12607.000     0.887500       711490         8.89
   12615.000     0.900000       723141        10.00
   12623.000     0.912500       733499        11.43
   12631.000     0.925000       743326        13.33
   12639.000     0.937500       751877        16.00
   12647.000     0.943750       759240        17.78
   12655.000     0.950000       765924        20.00
   12655.000     0.956250       765924        22.86
   12663.000     0.962500       771807        26.67
   12671.000     0.968750       776604        32.00
   12679.000     0.971875       780716        35.56
   12687.000     0.975000       783482        40.00
   12687.000     0.978125       783482        45.71
   12695.000     0.981250       786244        53.33
   12711.000     0.984375       789815        64.00
   12711.000     0.985938       789815        71.11
   12719.000     0.987500       791517        80.00
   12727.000     0.989062       792785        91.43
   12735.000     0.990625       793682       106.67
   12751.000     0.992188       795036       128.00
   12759.000     0.992969       795476       142.22
   12767.000     0.993750       795867       160.00
   12791.000     0.994531       796497       182.86
   12815.000     0.995313       797102       213.33
   12847.000     0.996094       797770       256.00
   12863.000     0.996484       798033       284.44
   12887.000     0.996875       798337       320.00
   12919.000     0.997266       798870       365.71
   12927.000     0.997656       799079       426.67
   12959.000     0.998047       799318       512.00
   12967.000     0.998242       799482       568.89
   12975.000     0.998437       799636       640.00
   12983.000     0.998633       799767       731.43
   12991.000     0.998828       800023       853.33
   12999.000     0.999023       800131      1024.00
   12999.000     0.999121       800131      1137.78
   13031.000     0.999219       800227      1280.00
   13055.000     0.999316       800295      1462.86
   13079.000     0.999414       800366      1706.67
   13119.000     0.999512       800449      2048.00
   13143.000     0.999561       800498      2275.56
   13151.000     0.999609       800520      2560.00
   13183.000     0.999658       800566      2925.71
   13207.000     0.999707       800616      3413.33
   13215.000     0.999756       800643      4096.00
   13231.000     0.999780       800669      4551.11
   23167.000     0.999805       800681      5120.00
   23423.000     0.999829       800697      5851.43
   23791.000     0.999854       800715      6826.67
   24767.000     0.999878       800737      8192.00
   24847.000     0.999890       800745      9102.22
   24879.000     0.999902       800756     10240.00
   24927.000     0.999915       800775     11702.86
   24927.000     0.999927       800775     13653.33
   24991.000     0.999939       800790     16384.00
   24991.000     0.999945       800790     18204.44
   25007.000     0.999951       800796     20480.00
   25023.000     0.999957       800802     23405.71
   25039.000     0.999963       800808     27306.67
   25039.000     0.999969       800808     32768.00
   25055.000     0.999973       800816     36408.89
   25055.000     0.999976       800816     40960.00
   25055.000     0.999979       800816     46811.43
   25071.000     0.999982       800822     54613.33
   25071.000     0.999985       800822     65536.00
   25071.000     0.999986       800822     72817.78
   25087.000     0.999988       800823     81920.00
   25103.000     0.999989       800825     93622.86
   25103.000     0.999991       800825    109226.67
   25119.000     0.999992       800827    131072.00
   25119.000     0.999993       800827    145635.56
   25135.000     0.999994       800828    163840.00
   25135.000     0.999995       800828    187245.71
   25263.000     0.999995       800829    218453.33
   25263.000     0.999996       800829    262144.00
   25327.000     0.999997       800830    291271.11
   25327.000     0.999997       800830    327680.00
   25327.000     0.999997       800830    374491.43
   25343.000     0.999998       800831    436906.67
   25343.000     0.999998       800831    524288.00
   25343.000     0.999998       800831    582542.22
   25343.000     0.999998       800831    655360.00
   25343.000     0.999999       800831    748982.86
   25375.000     0.999999       800832    873813.33
   25375.000     1.000000       800832          inf
#[Mean    =    12486.969, StdDeviation   =      292.539]
#[Max     =    25375.000, Total count    =       800832]
#[Buckets =            5, SubBuckets     =         2048]
