       Value   Percentile   TotalCount 1/(1-Percentile)

     126.000     0.000000            1         1.00
     605.000     0.100000       902930         1.11
     852.000     0.200000      1803220         1.25
    1138.000     0.300000      2703171         1.43
    1482.000     0.400000      3604137         1.67
    1846.000     0.500000      4506934         2.00
    2036.000     0.550000      4955760         2.22
    2247.000     0.600000      5405825         2.50
    2495.000     0.650000      5856747         2.86
    2795.000     0.700000      6307482         3.33
    3183.000     0.750000      6758225         4.00
    3427.000     0.775000      6983508         4.44
    3717.000     0.800000      7208263         5.00
    4073.000     0.825000      7433707         5.71
    4515.000     0.850000      7659468         6.67
    5079.000     0.875000      7883386         8.00
    5431.000     0.887500      7996983         8.89
    5847.000     0.900000      8109524        10.00
    6351.000     0.912500      8221247        11.43
    6979.000     0.925000      8333855        13.33
    7799.000     0.937500      8446535        16.00
    8311.000     0.943750      8503030        17.78
    8927.000     0.950000      8559502        20.00
    9679.000     0.956250      8615587        22.86
   10663.000     0.962500      8671944        26.67
   11983.000     0.968750      8728088        32.00
   12863.000     0.971875      8756210        35.56
   13951.000     0.975000      8784400        40.00
   15327.000     0.978125      8812546        45.71
   17311.000     0.981250      8840780        53.33
   20719.000     0.984375      8868814        64.00
   23231.000     0.985938      8882826        71.11
   27295.000     0.987500      8896947        80.00
   32655.000     0.989062      8910986        91.43
   38399.000     0.990625      8925069       106.67
   46335.000     0.992188      8939153       128.00
   53855.000     0.992969      8946199       142.22
   61919.000     0.993750      8953220       160.00
   71295.000     0.994531      8960254       182.86
   84287.000     0.995313      8967298       213.33
   99199.000     0.996094      8974344       256.00
  106367.000     0.996484      8977864       284.44
  114943.000     0.996875      8981368       320.00
  124479.000     0.997266      8984903       365.71
  136319.000     0.997656      8988439       426.67
  153727.000     0.998047      8991948       512.00
  168959.000     0.998242      8993692       568.89
  185087.000     0.998437      8995450       640.00
  204415.000     0.998633      8997214       731.43
  223871.000     0.998828      8998966       853.33
  239615.000     0.999023      9000727      1024.00
  247679.000     0.999121      9001604      1137.78
  261887.000     0.999219      9002490      1280.00
  276991.000     0.999316      9003369      1462.86
  298239.000     0.999414      9004244      1706.67
  327679.000     0.999512      9005125      2048.00
  340223.000     0.999561      9005565      2275.56
  359679.000     0.999609      9006005      2560.00
  375807.000     0.999658      9006454      2925.71
  425983.000     0.999707      9006890      3413.33
  448767.000     0.999756      9007326      4096.00
  461823.000     0.999780      9007544      4551.11
  530943.000     0.999805      9007763      5120.00
  555519.000     0.999829      9007983      5851.43
  574463.000     0.999854      9008211      6826.67
  598015.000     0.999878      9008424      8192.00
  619007.000     0.999890      9008537      9102.22
  638463.000     0.999902      9008644     10240.00
  651775.000     0.999915      9008759     11702.86
  683007.000     0.999927      9008865     13653.33
  759295.000     0.999939      9008981     16384.00
  786431.000     0.999945      9009030     18204.44
  799743.000     0.999951      9009087     20480.00
  843775.000     0.999957      9009142     23405.71
  929791.000     0.999963      9009193     27306.67
  962047.000     0.999969      9009249     32768.00
  971775.000     0.999973      9009275     36408.89
  992767.000     0.999976      9009303     40960.00
 1030143.000     0.999979      9009332     46811.43
 1130495.000     0.999982      9009361     54613.33
 1139711.000     0.999985      9009390     65536.00
 1140735.000     0.999986      9009400     72817.78
 1155071.000     0.999988      9009413     81920.00
 1204223.000     0.999989      9009426     93622.86
 1265663.000     0.999991      9009440    109226.67
 1457151.000     0.999992      9009454    131072.00
 1482751.000     0.999993      9009463    145635.56
 1514495.000     0.999994      9009469    163840.00
 1719295.000     0.999995      9009474    187245.71
 1758207.000     0.999995      9009485    218453.33
 1794047.000     0.999996      9009488    262144.00
 1883135.000     0.999997      9009496    291271.11
 1883135.000     0.999997      9009496    327680.00
 1884159.000     0.999997      9009501    374491.43
 1885183.000     0.999998      9009505    436906.67
 1885183.000     0.999998      9009505    524288.00
 1886207.000     0.999998      9009508    582542.22
 1887231.000     0.999998      9009515    655360.00
 1887231.000     0.999999      9009515    748982.86
 1887231.000     0.999999      9009515    873813.33
 1887231.000     0.999999      9009515   1048576.00
 1887231.000     0.999999      9009515   1165084.44
 1890303.000     0.999999      9009519   1310720.00
 1890303.000     0.999999      9009519   1497965.71
 1890303.000     0.999999      9009519   1747626.67
 1890303.000     1.000000      9009519   2097152.00
 1890303.000     1.000000      9009519   2330168.89
 1890303.000     1.000000      9009519   2621440.00
 1890303.000     1.000000      9009519   2995931.43
 1911807.000     1.000000      9009522   3495253.33
 1911807.000     1.000000      9009522          inf
#[Mean    =     3865.139, StdDeviation   =    17264.377]
#[Max     =  1911807.000, Total count    =      9009522]
#[Buckets =           11, SubBuckets     =         2048]
