       Value   Percentile   TotalCount 1/(1-Percentile)

      84.000     0.000000            2         1.00
     114.000     0.100000       141972         1.11
     120.000     0.200000       300389         1.25
     124.000     0.300000       434710         1.43
     128.000     0.400000       579632         1.67
     131.000     0.500000       686645         2.00
     133.000     0.550000       753941         2.22
     136.000     0.600000       846293         2.50
     138.000     0.650000       900405         2.86
     141.000     0.700000       970246         3.33
     144.000     0.750000      1028664         4.00
     146.000     0.775000      1061734         4.44
     149.000     0.800000      1104515         5.00
     151.000     0.825000      1128794         5.71
     155.000     0.850000      1169833         6.67
     158.000     0.875000      1195215         8.00
     161.000     0.887500      1216572         8.89
     164.000     0.900000      1234722        10.00
     167.000     0.912500      1250107        11.43
     171.000     0.925000      1267148        13.33
     175.000     0.937500      1280937        16.00
     178.000     0.943750      1289700        17.78
     182.000     0.950000      1299642        20.00
     186.000     0.956250      1307756        22.86
     191.000     0.962500      1316071        26.67
     197.000     0.968750      1323684        32.00
     201.000     0.971875      1327690        35.56
     206.000     0.975000      1331935        40.00
     212.000     0.978125      1336242        45.71
     219.000     0.981250      1340436        53.33
     227.000     0.984375      1344651        64.00
     232.000     0.985938      1346918        71.11
     237.000     0.987500      1349123        80.00
     242.000     0.989062      1351173        91.43
     247.000     0.990625      1353095       106.67
     253.000     0.992188      1355209       128.00
     256.000     0.992969      1356202       142.22
     260.000     0.993750      1357437       160.00
     263.000     0.994531      1358330       182.86
     268.000     0.995313      1359552       213.33
     273.000     0.996094      1360550       256.00
     276.000     0.996484      1361103       284.44
     279.000     0.996875      1361542       320.00
     284.000     0.997266      1362103       365.71
     291.000     0.997656      1362651       426.67
     300.000     0.998047      1363167       512.00
     306.000     0.998242      1363426       568.89
     313.000     0.998437      1363715       640.00
     320.000     0.998633      1363972       731.43
     327.000     0.998828      1364204       853.33
     336.000     0.999023      1364471      1024.00
     341.000     0.999121      1364602      1137.78
     348.000     0.999219      1364748      1280.00
     355.000     0.999316      1364869      1462.86
     364.000     0.999414      1365000      1706.67
     383.000     0.999512      1365136      2048.00
     393.000     0.999561      1365202      2275.56
     403.000     0.999609      1365269      2560.00
     413.000     0.999658      1365334      2925.71
     432.000     0.999707      1365403      3413.33
     457.000     0.999756      1365467      4096.00
     472.000     0.999780      1365499      4551.11
     493.000     0.999805      1365533      5120.00
     519.000     0.999829      1365566      5851.43
     603.000     0.999854      1365600      6826.67
    1059.000     0.999878      1365633      8192.00
    1391.000     0.999890      1365649      9102.22
    1954.000     0.999902      1365666     10240.00
    3157.000     0.999915      1365683     11702.86
    8551.000     0.999927      1365699     13653.33
   18943.000     0.999939      1365716     16384.00
   21087.000     0.999945      1365724     18204.44
   23631.000     0.999951      1365733     20480.00
   24511.000     0.999957      1365741     23405.71
   29439.000     0.999963      1365750     27306.67
   31503.000     0.999969      1365758     32768.00
   33599.000     0.999973      1365762     36408.89
   36831.000     0.999976      1365766     40960.00
   40191.000     0.999979      1365771     46811.43
   40479.000     0.999982      1365774     54613.33
   40959.000     0.999985      1365779     65536.00
   45887.000     0.999986      1365781     72817.78
   49919.000     0.999988      1365783     81920.00
   49951.000     0.999989      1365785     93622.86
   52735.000     0.999991      1365787    109226.67
   53183.000     0.999992      1365789    131072.00
   53279.000     0.999993      1365790    145635.56
   53407.000     0.999994      1365791    163840.00
   53439.000     0.999995      1365792    187245.71
   53471.000     0.999995      1365793    218453.33
   54655.000     0.999996      1365794    262144.00
   55071.000     0.999997      1365795    291271.11
   55071.000     0.999997      1365795    327680.00
   55167.000     0.999997      1365796    374491.43
   55167.000     0.999998      1365796    436906.67
   55679.000     0.999998      1365797    524288.00
   55679.000     0.999998      1365797    582542.22
   55679.000     0.999998      1365797    655360.00
   59007.000     0.999999      1365798    748982.86
   59007.000     0.999999      1365798    873813.33
   59007.000     0.999999      1365798   1048576.00
   59007.000     0.999999      1365798   1165084.44
   59007.000     0.999999      1365798   1310720.00
   59071.000     0.999999      1365799   1497965.71
   59071.000     1.000000      1365799          inf
#[Mean    =      139.309, StdDeviation   =      292.766]
#[Max     =    59071.000, Total count    =      1365799]
#[Buckets =            6, SubBuckets     =         2048]
