       Value   Percentile   TotalCount 1/(1-Percentile)

     103.000     0.000000            1         1.00
     547.000     0.100000       823273         1.11
     769.000     0.200000      1642486         1.25
    1023.000     0.300000      2462622         1.43
    1337.000     0.400000      3284121         1.67
    1718.000     0.500000      4104625         2.00
    1928.000     0.550000      4516265         2.22
    2143.000     0.600000      4928002         2.50
    2367.000     0.650000      5336994         2.86
    2625.000     0.700000      5747796         3.33
    2957.000     0.750000      6157302         4.00
    3165.000     0.775000      6362151         4.44
    3411.000     0.800000      6568062         5.00
    3703.000     0.825000      6772187         5.71
    4067.000     0.850000      6977279         6.67
    4547.000     0.875000      7182587         8.00
    4855.000     0.887500      7285477         8.89
    5227.000     0.900000      7387601        10.00
    5707.000     0.912500      7490640        11.43
    6323.000     0.925000      7593046        13.33
    7163.000     0.937500      7695310        16.00
    7731.000     0.943750      7746629        17.78
    8447.000     0.950000      7798015        20.00
    9359.000     0.956250      7849432        22.86
   10567.000     0.962500      7900722        26.67
   12351.000     0.968750      7951895        32.00
   13655.000     0.971875      7977430        35.56
   15479.000     0.975000      8003123        40.00
   18175.000     0.978125      8028757        45.71
   22703.000     0.981250      8054439        53.33
   30367.000     0.984375      8080058        64.00
   35647.000     0.985938      8092877        71.11
   41567.000     0.987500      8105699        80.00
   49247.000     0.989062      8118523        91.43
   59743.000     0.990625      8131388       106.67
   71935.000     0.992188      8144197       128.00
   81855.000     0.992969      8150602       142.22
   93055.000     0.993750      8157029       160.00
  104191.000     0.994531      8163408       182.86
  115455.000     0.995313      8169812       213.33
  135679.000     0.996094      8176223       256.00
  146047.000     0.996484      8179474       284.44
  159103.000     0.996875      8182642       320.00
  175999.000     0.997266      8185848       365.71
  196863.000     0.997656      8189056       426.67
  218879.000     0.998047      8192266       512.00
  231807.000     0.998242      8193866       568.89
  252671.000     0.998437      8195462       640.00
  275199.000     0.998633      8197065       731.43
  295167.000     0.998828      8198679       853.33
  329983.000     0.999023      8200289      1024.00
  347135.000     0.999121      8201094      1137.78
  362239.000     0.999219      8201882      1280.00
  378879.000     0.999316      8202684      1462.86
  413183.000     0.999414      8203484      1706.67
  444671.000     0.999512      8204296      2048.00
  468735.000     0.999561      8204685      2275.56
  493311.000     0.999609      8205080      2560.00
  546303.000     0.999658      8205483      2925.71
  583679.000     0.999707      8205885      3413.33
  600575.000     0.999756      8206292      4096.00
  633343.000     0.999780      8206483      4551.11
  646143.000     0.999805      8206688      5120.00
  689151.000     0.999829      8206896      5851.43
  722431.000     0.999854      8207084      6826.67
  784895.000     0.999878      8207295      8192.00
  833023.000     0.999890      8207387      9102.22
  878591.000     0.999902      8207485     10240.00
  958463.000     0.999915      8207586     11702.86
 1014271.000     0.999927      8207686     13653.33
 1031679.000     0.999939      8207789     16384.00
 1088511.000     0.999945      8207848     18204.44
 1095679.000     0.999951      8207896     20480.00
 1108991.000     0.999957      8207951     23405.71
 1124351.000     0.999963      8207991     27306.67
 1302527.000     0.999969      8208040     32768.00
 1401855.000     0.999973      8208063     36408.89
 1480703.000     0.999976      8208087     40960.00
 2041855.000     0.999979      8208113     46811.43
 3151871.000     0.999982      8208138     54613.33
 3155967.000     0.999985      8208163     65536.00
 3162111.000     0.999986      8208176     72817.78
 3172351.000     0.999988      8208187     81920.00
 3180543.000     0.999989      8208203     93622.86
 3213311.000     0.999991      8208222    109226.67
 3215359.000     0.999992      8208236    131072.00
 3215359.000     0.999993      8208236    145635.56
 3215359.000     0.999994      8208236    163840.00
 3217407.000     0.999995      8208243    187245.71
 3315711.000     0.999995      8208249    218453.33
 3317759.000     0.999996      8208255    262144.00
 3321855.000     0.999997      8208258    291271.11
 3323903.000     0.999997      8208262    327680.00
 3325951.000     0.999997      8208265    374491.43
 3526655.000     0.999998      8208270    436906.67
 3553279.000     0.999998      8208273    524288.00
 3553279.000     0.999998      8208273    582542.22
 3563519.000     0.999998      8208274    655360.00
 3567615.000     0.999999      8208279    748982.86
 3567615.000     0.999999      8208279    873813.33
 3567615.000     0.999999      8208279   1048576.00
 3567615.000     0.999999      8208279   1165084.44
 3569663.000     0.999999      8208286   1310720.00
 3569663.000     1.000000      8208286          inf
#[Mean    =     4319.118, StdDeviation   =    26503.529]
#[Max     =  3569663.000, Total count    =      8208286]
#[Buckets =           12, SubBuckets     =         2048]
