       Value   Percentile   TotalCount 1/(1-Percentile)

      52.000     0.000000            1         1.00
     384.000     0.100000      1185530         1.11
     496.000     0.200000      2359875         1.25
     630.000     0.300000      3540576         1.43
     809.000     0.400000      4721027         1.67
    1041.000     0.500000      5899976         2.00
    1207.000     0.550000      6490514         2.22
    1478.000     0.600000      7079900         2.50
    1910.000     0.650000      7670104         2.86
    2415.000     0.700000      8261676         3.33
    2809.000     0.750000      8851494         4.00
    2995.000     0.775000      9145209         4.44
    3195.000     0.800000      9439953         5.00
    3421.000     0.825000      9734453         5.71
    3715.000     0.850000     10029925         6.67
    4147.000     0.875000     10324178         8.00
    4455.000     0.887500     10472427         8.89
    4803.000     0.900000     10619738        10.00
    5179.000     0.912500     10767876        11.43
    5571.000     0.925000     10915547        13.33
    5967.000     0.937500     11061920        16.00
    6175.000     0.943750     11136036        17.78
    6399.000     0.950000     11209393        20.00
    6663.000     0.956250     11283234        22.86
    7007.000     0.962500     11357254        26.67
    7519.000     0.968750     11430694        32.00
    7863.000     0.971875     11467531        35.56
    8263.000     0.975000     11504266        40.00
    8775.000     0.978125     11540933        45.71
    9767.000     0.981250     11577859        53.33
   17919.000     0.984375     11614669        64.00
   29567.000     0.985938     11633124        71.11
   43743.000     0.987500     11651541        80.00
   61887.000     0.989062     11669986        91.43
   83327.000     0.990625     11688435       106.67
  113087.000     0.992188     11706847       128.00
  133247.000     0.992969     11716105       142.22
  146815.000     0.993750     11725292       160.00
  158463.000     0.994531     11734572       182.86
  169215.000     0.995313     11743774       213.33
  176255.000     0.996094     11753041       256.00
  179327.000     0.996484     11757661       284.44
  182143.000     0.996875     11762299       320.00
  183935.000     0.997266     11766790       365.71
  186367.000     0.997656     11771518       426.67
  189311.000     0.998047     11776168       512.00
  190719.000     0.998242     11778287       568.89
  192383.000     0.998437     11780660       640.00
  194431.000     0.998633     11782994       731.43
  197119.000     0.998828     11785199       853.33
  207487.000     0.999023     11787532      1024.00
  211071.000     0.999121     11788662      1137.78
  222335.000     0.999219     11789825      1280.00
  239103.000     0.999316     11790959      1462.86
  251007.000     0.999414     11792118      1706.67
  264447.000     0.999512     11793294      2048.00
  267775.000     0.999561     11793849      2275.56
  284159.000     0.999609     11794417      2560.00
  296703.000     0.999658     11795001      2925.71
  323583.000     0.999707     11795576      3413.33
  346111.000     0.999756     11796150      4096.00
  351743.000     0.999780     11796456      4551.11
  367871.000     0.999805     11796750      5120.00
  369919.000     0.999829     11797033      5851.43
  373247.000     0.999854     11797301      6826.67
  377087.000     0.999878     11797584      8192.00
  391167.000     0.999890     11797729      9102.22
  413439.000     0.999902     11797873     10240.00
  418303.000     0.999915     11798017     11702.86
  420607.000     0.999927     11798180     13653.33
  421887.000     0.999939     11798308     16384.00
  422911.000     0.999945     11798378     18204.44
  439295.000     0.999951     11798450     20480.00
  441343.000     0.999957     11798524     23405.71
  551935.000     0.999963     11798595     27306.67
  656895.000     0.999969     11798674     32768.00
  657407.000     0.999973     11798716     36408.89
  657919.000     0.999976     11798770     40960.00
  658431.000     0.999979     11798828     46811.43
  658431.000     0.999982     11798828     54613.33
  658943.000     0.999985     11798889     65536.00
  658943.000     0.999986     11798889     72817.78
  658943.000     0.999988     11798889     81920.00
  659455.000     0.999989     11798935     93622.86
  659455.000     0.999991     11798935    109226.67
  659455.000     0.999992     11798935    131072.00
  659967.000     0.999993     11798968    145635.56
  659967.000     0.999994     11798968    163840.00
  659967.000     0.999995     11798968    187245.71
  660479.000     0.999995     11798992    218453.33
  660479.000     0.999996     11798992    262144.00
  660479.000     0.999997     11798992    291271.11
  660479.000     0.999997     11798992    327680.00
  660991.000     0.999997     11799002    374491.43
  660991.000     0.999998     11799002    436906.67
  660991.000     0.999998     11799002    524288.00
  661503.000     0.999998     11799005    582542.22
  662015.000     0.999998     11799009    655360.00
  662015.000     0.999999     11799009    748982.86
  662527.000     0.999999     11799014    873813.33
  662527.000     0.999999     11799014   1048576.00
  662527.000     0.999999     11799014   1165084.44
  663039.000     0.999999     11799018   1310720.00
  663039.000     0.999999     11799018   1497965.71
  663039.000     0.999999     11799018   1747626.67
  663551.000     1.000000     11799019   2097152.00
  663551.000     1.000000     11799019   2330168.89
  664063.000     1.000000     11799021   2621440.00
  664063.000     1.000000     11799021   2995931.43
  664063.000     1.000000     11799021   3495253.33
  664575.000     1.000000     11799024   4194304.00
  664575.000     1.000000     11799024          inf
#[Mean    =     3688.665, StdDeviation   =    17650.212]
#[Max     =   664575.000, Total count    =     11799024]
#[Buckets =           10, SubBuckets     =         2048]
