       Value   Percentile   TotalCount 1/(1-Percentile)

     105.000     0.000000            1         1.00
     478.000     0.100000       989930         1.11
     663.000     0.200000      1973751         1.25
     909.000     0.300000      2957555         1.43
    1324.000     0.400000      3943815         1.67
    2179.000     0.500000      4929307         2.00
    2935.000     0.550000      5422328         2.22
    3847.000     0.600000      5914588         2.50
    4915.000     0.650000      6408474         2.86
    6527.000     0.700000      6900584         3.33
    8719.000     0.750000      7393432         4.00
    9815.000     0.775000      7640605         4.44
   10927.000     0.800000      7887090         5.00
   12311.000     0.825000      8132652         5.71
   14135.000     0.850000      8379321         6.67
   16671.000     0.875000      8625519         8.00
   18239.000     0.887500      8749497         8.89
   20047.000     0.900000      8872682        10.00
   23007.000     0.912500      8995186        11.43
   28319.000     0.925000      9118289        13.33
   32431.000     0.937500      9241869        16.00
   34015.000     0.943750      9303881        17.78
   35263.000     0.950000      9364750        20.00
   36351.000     0.956250      9427695        22.86
   37407.000     0.962500      9488264        26.67
   38591.000     0.968750      9551055        32.00
   39231.000     0.971875      9580747        35.56
   40031.000     0.975000      9612000        40.00
   41055.000     0.978125      9641954        45.71
   42623.000     0.981250      9672913        53.33
   45343.000     0.984375      9703799        64.00
   47551.000     0.985938      9719136        71.11
   50911.000     0.987500      9734398        80.00
   55519.000     0.989062      9749779        91.43
   60799.000     0.990625      9765203       106.67
   67455.000     0.992188      9780669       128.00
   71487.000     0.992969      9788340       142.22
   76095.000     0.993750      9796095       160.00
   81407.000     0.994531      9803733       182.86
   87743.000     0.995313      9811445       213.33
   95295.000     0.996094      9819080       256.00
  100159.000     0.996484      9822961       284.44
  105727.000     0.996875      9826771       320.00
  111615.000     0.997266      9830646       365.71
  118207.000     0.997656      9834496       426.67
  125759.000     0.998047      9838350       512.00
  129791.000     0.998242      9840267       568.89
  134143.000     0.998437      9842222       640.00
  138879.000     0.998633      9844131       731.43
  144767.000     0.998828      9846025       853.33
  151679.000     0.999023      9847973      1024.00
  155903.000     0.999121      9848928      1137.78
  160639.000     0.999219      9849892      1280.00
  167167.000     0.999316      9850856      1462.86
  174719.000     0.999414      9851811      1706.67
  182399.000     0.999512      9852778      2048.00
  186623.000     0.999561      9853248      2275.56
  190975.000     0.999609      9853729      2560.00
  195071.000     0.999658      9854212      2925.71
  198399.000     0.999707      9854695      3413.33
  201599.000     0.999756      9855181      4096.00
  203135.000     0.999780      9855413      4551.11
  205439.000     0.999805      9855654      5120.00
  209151.000     0.999829      9855898      5851.43
  212095.000     0.999854      9856131      6826.67
  216831.000     0.999878      9856374      8192.00
  220287.000     0.999890      9856499      9102.22
  223103.000     0.999902      9856618     10240.00
  225151.000     0.999915      9856735     11702.86
  227711.000     0.999927      9856853     13653.33
  230527.000     0.999939      9856973     16384.00
  232063.000     0.999945      9857035     18204.44
  234111.000     0.999951      9857093     20480.00
  236671.000     0.999957      9857155     23405.71
  240127.000     0.999963      9857218     27306.67
  245631.000     0.999969      9857275     32768.00
  247039.000     0.999973      9857304     36408.89
  248831.000     0.999976      9857337     40960.00
  252031.000     0.999979      9857365     46811.43
  264447.000     0.999982      9857394     54613.33
  278271.000     0.999985      9857425     65536.00
  283135.000     0.999986      9857439     72817.78
  290047.000     0.999988      9857454     81920.00
  297727.000     0.999989      9857469     93622.86
  304639.000     0.999991      9857484    109226.67
  312831.000     0.999992      9857499    131072.00
  314879.000     0.999993      9857509    145635.56
  316159.000     0.999994      9857514    163840.00
  317951.000     0.999995      9857522    187245.71
  319487.000     0.999995      9857531    218453.33
  320767.000     0.999996      9857538    262144.00
  321279.000     0.999997      9857541    291271.11
  321791.000     0.999997      9857544    327680.00
  322303.000     0.999997      9857548    374491.43
  323071.000     0.999998      9857553    436906.67
  323839.000     0.999998      9857557    524288.00
  324095.000     0.999998      9857558    582542.22
  324351.000     0.999998      9857561    655360.00
  324351.000     0.999999      9857561    748982.86
  324863.000     0.999999      9857563    873813.33
  325631.000     0.999999      9857565   1048576.00
  325887.000     0.999999      9857566   1165084.44
  327167.000     0.999999      9857568   1310720.00
  327167.000     0.999999      9857568   1497965.71
  327935.000     0.999999      9857569   1747626.67
  328447.000     1.000000      9857570   2097152.00
  328447.000     1.000000      9857570   2330168.89
  329215.000     1.000000      9857571   2621440.00
  329215.000     1.000000      9857571   2995931.43
  332287.000     1.000000      9857572   3495253.33
  332287.000     1.000000      9857572   4194304.00
  332287.000     1.000000      9857572   4660337.78
  334079.000     1.000000      9857573   5242880.00
  334079.000     1.000000      9857573   5991862.86
  334079.000     1.000000      9857573   6990506.67
  334079.000     1.000000      9857573   8388608.00
  334079.000     1.000000      9857573   9320675.55
  336383.000     1.000000      9857574  10485760.00
  336383.000     1.000000      9857574          inf
#[Mean    =     7564.917, StdDeviation   =    13892.497]
#[Max     =   336383.000, Total count    =      9857574]
#[Buckets =            9, SubBuckets     =         2048]
