       Value   Percentile   TotalCount 1/(1-Percentile)

     801.000     0.000000            1         1.00
    6979.000     0.100000       127021         1.11
    7283.000     0.200000       253779         1.25
    7535.000     0.300000       379630         1.43
    7727.000     0.400000       506105         1.67
    7807.000     0.500000       633829         2.00
    7835.000     0.550000       700542         2.22
    7859.000     0.600000       761106         2.50
    7883.000     0.650000       822941         2.86
    7907.000     0.700000       883014         3.33
    7943.000     0.750000       950147         4.00
    7963.000     0.775000       980518         4.44
    7987.000     0.800000      1009426         5.00
    8047.000     0.825000      1039871         5.71
    8295.000     0.850000      1071244         6.67
    8831.000     0.875000      1102565         8.00
    9047.000     0.887500      1118195         8.89
    9263.000     0.900000      1134147        10.00
    9415.000     0.912500      1149549        11.43
    9575.000     0.925000      1165278        13.33
    9767.000     0.937500      1181457        16.00
    9863.000     0.943750      1189165        17.78
    9951.000     0.950000      1196793        20.00
   10031.000     0.956250      1204825        22.86
   10127.000     0.962500      1212967        26.67
   10191.000     0.968750      1221070        32.00
   10223.000     0.971875      1224469        35.56
   10271.000     0.975000      1228645        40.00
   10311.000     0.978125      1232394        45.71
   10351.000     0.981250      1236120        53.33
   10423.000     0.984375      1240581        64.00
   10447.000     0.985938      1242224        71.11
   10471.000     0.987500      1243937        80.00
   10511.000     0.989062      1246205        91.43
   10551.000     0.990625      1248267       106.67
   10599.000     0.992188      1250033       128.00
   10631.000     0.992969      1250904       142.22
   10679.000     0.993750      1251972       160.00
   10711.000     0.994531      1252843       182.86
   10743.000     0.995313      1253809       213.33
   10783.000     0.996094      1254842       256.00
   10799.000     0.996484      1255321       284.44
   10831.000     0.996875      1255824       320.00
   10871.000     0.997266      1256326       365.71
   10903.000     0.997656      1256747       426.67
   10967.000     0.998047      1257258       512.00
   11047.000     0.998242      1257463       568.89
   54015.000     0.998437      1257753       640.00
   54495.000     0.998633      1258020       731.43
   54975.000     0.998828      1258218       853.33
   55327.000     0.999023      1258437      1024.00
   55647.000     0.999121      1258568      1137.78
   55839.000     0.999219      1258726      1280.00
   55903.000     0.999316      1258803      1462.86
   56159.000     0.999414      1259034      1706.67
   56287.000     0.999512      1259058      2048.00
   56479.000     0.999561      1259126      2275.56
   56511.000     0.999609      1259233      2560.00
   56639.000     0.999658      1259235      2925.71
   56831.000     0.999707      1259334      3413.33
   57151.000     0.999756      1259363      4096.00
   57183.000     0.999780      1259396      4551.11
   57215.000     0.999805      1259446      5120.00
   57247.000     0.999829      1259517      5851.43
   57247.000     0.999854      1259517      6826.67
   57247.000     0.999878      1259517      8192.00
   57279.000     0.999890      1259526      9102.22
   57311.000     0.999902      1259626     10240.00
   57311.000     0.999915      1259626     11702.86
   57311.000     0.999927      1259626     13653.33
   57311.000     0.999939      1259626     16384.00
   57311.000     0.999945      1259626     18204.44
   57311.000     0.999951      1259626     20480.00
   57311.000     0.999957      1259626     23405.71
   57311.000     0.999963      1259626     27306.67
   57311.000     0.999969      1259626     32768.00
   57375.000     0.999973      1259630     36408.89
   57727.000     0.999976      1259664     40960.00
   57727.000     1.000000      1259664          inf
#[Mean    =     7929.616, StdDeviation   =     2098.448]
#[Max     =    57727.000, Total count    =      1259664]
#[Buckets =            6, SubBuckets     =         2048]
