       Value   Percentile   TotalCount 1/(1-Percentile)

      59.000     0.000000            2         1.00
     329.000     0.100000       973250         1.11
     479.000     0.200000      1947124         1.25
     643.000     0.300000      2912107         1.43
     852.000     0.400000      3883182         1.67
    1161.000     0.500000      4855740         2.00
    1389.000     0.550000      5340322         2.22
    1712.000     0.600000      5824993         2.50
    2251.000     0.650000      6310576         2.86
    3167.000     0.700000      6795284         3.33
    4099.000     0.750000      7282129         4.00
    4519.000     0.775000      7523002         4.44
    4943.000     0.800000      7767191         5.00
    5383.000     0.825000      8009907         5.71
    5863.000     0.850000      8251634         6.67
    6431.000     0.875000      8494994         8.00
    6763.000     0.887500      8615611         8.89
    7151.000     0.900000      8736971        10.00
    7627.000     0.912500      8857774        11.43
    8247.000     0.925000      8979813        13.33
    9119.000     0.937500      9100726        16.00
    9719.000     0.943750      9161501        17.78
   10511.000     0.950000      9222191        20.00
   11599.000     0.956250      9282593        22.86
   13183.000     0.962500      9343098        26.67
   15303.000     0.968750      9403838        32.00
   16527.000     0.971875      9434038        35.56
   17967.000     0.975000      9464370        40.00
   19631.000     0.978125      9494725        45.71
   21679.000     0.981250      9525197        53.33
   24367.000     0.984375      9555451        64.00
   26191.000     0.985938      9570578        71.11
   28719.000     0.987500      9585708        80.00
   32063.000     0.989062      9600855        91.43
   36159.000     0.990625      9616004       106.67
   40511.000     0.992188      9631160       128.00
   42559.000     0.992969      9638844       142.22
   44447.000     0.993750      9646360       160.00
   46271.000     0.994531      9653964       182.86
   48063.000     0.995313      9661578       213.33
   49823.000     0.996094      9669107       256.00
   50719.000     0.996484      9672944       284.44
   51647.000     0.996875      9676715       320.00
   52639.000     0.997266      9680507       365.71
   53695.000     0.997656      9684237       426.67
   54879.000     0.998047      9688120       512.00
   55519.000     0.998242      9689970       568.89
   56255.000     0.998437      9691870       640.00
   56991.000     0.998633      9693725       731.43
   57855.000     0.998828      9695626       853.33
   58847.000     0.999023      9697541      1024.00
   59423.000     0.999121      9698508      1137.78
   60031.000     0.999219      9699445      1280.00
   60639.000     0.999316      9700378      1462.86
   61375.000     0.999414      9701301      1706.67
   62239.000     0.999512      9702252      2048.00
   62719.000     0.999561      9702720      2275.56
   63231.000     0.999609      9703198      2560.00
   63775.000     0.999658      9703670      2925.71
   64351.000     0.999707      9704146      3413.33
   65055.000     0.999756      9704624      4096.00
   65407.000     0.999780      9704856      4551.11
   65855.000     0.999805      9705098      5120.00
   66367.000     0.999829      9705332      5851.43
   66943.000     0.999854      9705568      6826.67
   67583.000     0.999878      9705822      8192.00
   67903.000     0.999890      9705935      9102.22
   68287.000     0.999902      9706053     10240.00
   68671.000     0.999915      9706157     11702.86
   69119.000     0.999927      9706280     13653.33
   69631.000     0.999939      9706398     16384.00
   69887.000     0.999945      9706454     18204.44
   70207.000     0.999951      9706513     20480.00
   70527.000     0.999957      9706585     23405.71
   70783.000     0.999963      9706630     27306.67
   71167.000     0.999969      9706694     32768.00
   71359.000     0.999973      9706718     36408.89
   71551.000     0.999976      9706750     40960.00
   71807.000     0.999979      9706781     46811.43
   72127.000     0.999982      9706806     54613.33
   72383.000     0.999985      9706839     65536.00
   72575.000     0.999986      9706851     72817.78
   72831.000     0.999988      9706872     81920.00
   73023.000     0.999989      9706885     93622.86
   73151.000     0.999991      9706896    109226.67
   73343.000     0.999992      9706913    131072.00
   73471.000     0.999993      9706921    145635.56
   73535.000     0.999994      9706928    163840.00
   73599.000     0.999995      9706932    187245.71
   73727.000     0.999995      9706939    218453.33
   73855.000     0.999996      9706946    262144.00
   73983.000     0.999997      9706951    291271.11
   74175.000     0.999997      9706954    327680.00
   74367.000     0.999997      9706960    374491.43
   74495.000     0.999998      9706961    436906.67
   74815.000     0.999998      9706965    524288.00
   74943.000     0.999998      9706968    582542.22
   75071.000     0.999998      9706969    655360.00
   75135.000     0.999999      9706971    748982.86
   75199.000     0.999999      9706972    873813.33
   75327.000     0.999999      9706975   1048576.00
   75327.000     0.999999      9706975   1165084.44
   75455.000     0.999999      9706977   1310720.00
   75455.000     0.999999      9706977   1497965.71
   75519.000     0.999999      9706978   1747626.67
   75647.000     1.000000      9706979   2097152.00
   75647.000     1.000000      9706979   2330168.89
   75711.000     1.000000      9706980   2621440.00
   75711.000     1.000000      9706980   2995931.43
   75775.000     1.000000      9706981   3495253.33
   75775.000     1.000000      9706981   4194304.00
   75775.000     1.000000      9706981   4660337.78
   75839.000     1.000000      9706982   5242880.00
   75839.000     1.000000      9706982   5991862.86
   75839.000     1.000000      9706982   6990506.67
   75839.000     1.000000      9706982   8388608.00
   75839.000     1.000000      9706982   9320675.55
   75903.000     1.000000      9706983  10485760.00
   75903.000     1.000000      9706983          inf
#[Mean    =     3259.450, StdDeviation   =     6004.690]
#[Max     =    75903.000, Total count    =      9706983]
#[Buckets =            7, SubBuckets     =         2048]
