       Value   Percentile   TotalCount 1/(1-Percentile)

      77.000     0.000000            1         1.00
      90.000     0.100000         7981         1.11
      95.000     0.200000        16053         1.25
     101.000     0.300000        22236         1.43
     109.000     0.400000        29139         1.67
     119.000     0.500000        35386         2.00
     143.000     0.550000        39007         2.22
     150.000     0.600000        43098         2.50
     153.000     0.650000        46693         2.86
     156.000     0.700000        50021         3.33
     161.000     0.750000        53182         4.00
     164.000     0.775000        54977         4.44
     166.000     0.800000        57347         5.00
     167.000     0.825000        59169         5.71
     168.000     0.850000        61162         6.67
     169.000     0.875000        62543         8.00
     170.000     0.887500        63199         8.89
     172.000     0.900000        64079        10.00
     174.000     0.912500        64774        11.43
     177.000     0.925000        65592        13.33
     180.000     0.937500        66365        16.00
     182.000     0.943750        66811        17.78
     184.000     0.950000        67475        20.00
     185.000     0.956250        68090        22.86
     186.000     0.962500        68813        26.67
     186.000     0.968750        68813        32.00
     186.000     0.971875        68813        35.56
     187.000     0.975000        69425        40.00
     187.000     0.978125        69425        45.71
     187.000     0.981250        69425        53.33
     188.000     0.984375        69794        64.00
     188.000     0.985938        69794        71.11
     189.000     0.987500        69975        80.00
     190.000     0.989062        70092        91.43
     190.000     0.990625        70092       106.67
     192.000     0.992188        70235       128.00
     193.000     0.992969        70291       142.22
     194.000     0.993750        70347       160.00
     195.000     0.994531        70405       182.86
     196.000     0.995313        70472       213.33
     197.000     0.996094        70511       256.00
     197.000     0.996484        70511       284.44
     198.000     0.996875        70546       320.00
     199.000     0.997266        70572       365.71
     200.000     0.997656        70591       426.67
     202.000     0.998047        70623       512.00
     203.000     0.998242        70640       568.89
     203.000     0.998437        70640       640.00
     205.000     0.998633        70666       731.43
     206.000     0.998828        70677       853.33
     207.000     0.999023        70688      1024.00
     207.000     0.999121        70688      1137.78
     208.000     0.999219        70697      1280.00
     209.000     0.999316        70705      1462.86
     210.000     0.999414        70712      1706.67
     212.000     0.999512        70719      2048.00
     212.000     0.999561        70719      2275.56
     213.000     0.999609        70723      2560.00
     214.000     0.999658        70726      2925.71
     216.000     0.999707        70730      3413.33
     217.000     0.999756        70732      4096.00
     220.000     0.999780        70736      4551.11
     220.000     0.999805        70736      5120.00
     221.000     0.999829        70737      5851.43
     237.000     0.999854        70740      6826.67
     239.000     0.999878        70741      8192.00
     289.000     0.999890        70742      9102.22
     323.000     0.999902        70743     10240.00
     323.000     0.999915        70743     11702.86
     345.000     0.999927        70744     13653.33
     504.000     0.999939        70745     16384.00
     605.000     0.999945        70746     18204.44
     605.000     0.999951        70746     20480.00
     605.000     0.999957        70746     23405.71
     676.000     0.999963        70747     27306.67
     676.000     0.999969        70747     32768.00
     837.000     0.999973        70748     36408.89
     837.000     0.999976        70748     40960.00
     837.000     0.999979        70748     46811.43
     837.000     0.999982        70748     54613.33
     837.000     0.999985        70748     65536.00
    2739.000     0.999986        70749     72817.78
    2739.000     1.000000        70749          inf
#[Mean    =      129.778, StdDeviation   =       35.391]
#[Max     =     2739.000, Total count    =        70749]
#[Buckets =            2, SubBuckets     =         2048]
