       Value   Percentile   TotalCount 1/(1-Percentile)

      69.000     0.000000            2         1.00
      98.000     0.100000       149322         1.11
     105.000     0.200000       301641         1.25
     110.000     0.300000       457291         1.43
     114.000     0.400000       595582         1.67
     118.000     0.500000       725573         2.00
     121.000     0.550000       811605         2.22
     124.000     0.600000       887518         2.50
     127.000     0.650000       952165         2.86
     131.000     0.700000      1023663         3.33
     136.000     0.750000      1094276         4.00
     139.000     0.775000      1128250         4.44
     142.000     0.800000      1157459         5.00
     147.000     0.825000      1197758         5.71
     152.000     0.850000      1231538         6.67
     158.000     0.875000      1265961         8.00
     162.000     0.887500      1285616         8.89
     166.000     0.900000      1302132        10.00
     170.000     0.912500      1321186        11.43
     175.000     0.925000      1339225        13.33
     181.000     0.937500      1356723        16.00
     184.000     0.943750      1364836        17.78
     188.000     0.950000      1374671        20.00
     192.000     0.956250      1383566        22.86
     197.000     0.962500      1393535        26.67
     202.000     0.968750      1402066        32.00
     205.000     0.971875      1406913        35.56
     208.000     0.975000      1411097        40.00
     211.000     0.978125      1414969        45.71
     215.000     0.981250      1419895        53.33
     219.000     0.984375      1423997        64.00
     222.000     0.985938      1426491        71.11
     225.000     0.987500      1428739        80.00
     228.000     0.989062      1430665        91.43
     232.000     0.990625      1432728       106.67
     238.000     0.992188      1435106       128.00
     241.000     0.992969      1436007       142.22
     246.000     0.993750      1437163       160.00
     250.000     0.994531      1438374       182.86
     253.000     0.995313      1439429       213.33
     256.000     0.996094      1440455       256.00
     258.000     0.996484      1441233       284.44
     259.000     0.996875      1441636       320.00
     261.000     0.997266      1442465       365.71
     262.000     0.997656      1442859       426.67
     264.000     0.998047      1443520       512.00
     265.000     0.998242      1443783       568.89
     266.000     0.998437      1443984       640.00
     267.000     0.998633      1444141       731.43
     269.000     0.998828      1444425       853.33
     272.000     0.999023      1444710      1024.00
     274.000     0.999121      1444868      1137.78
     276.000     0.999219      1445011      1280.00
     279.000     0.999316      1445143      1462.86
     283.000     0.999414      1445274      1706.67
     289.000     0.999512      1445399      2048.00
     293.000     0.999561      1445466      2275.56
     298.000     0.999609      1445537      2560.00
     304.000     0.999658      1445620      2925.71
     309.000     0.999707      1445679      3413.33
     315.000     0.999756      1445747      4096.00
     318.000     0.999780      1445784      4551.11
     321.000     0.999805      1445823      5120.00
     324.000     0.999829      1445852      5851.43
     329.000     0.999854      1445890      6826.67
     334.000     0.999878      1445926      8192.00
     341.000     0.999890      1445942      9102.22
     347.000     0.999902      1445958     10240.00
     353.000     0.999915      1445976     11702.86
     364.000     0.999927      1445995     13653.33
     372.000     0.999939      1446011     16384.00
     385.000     0.999945      1446020     18204.44
     399.000     0.999951      1446029     20480.00
     411.000     0.999957      1446038     23405.71
     425.000     0.999963      1446047     27306.67
     446.000     0.999969      1446055     32768.00
     482.000     0.999973      1446060     36408.89
     517.000     0.999976      1446065     40960.00
     578.000     0.999979      1446069     46811.43
     617.000     0.999982      1446073     54613.33
     771.000     0.999985      1446077     65536.00
    1113.000     0.999986      1446080     72817.78
    1237.000     0.999988      1446082     81920.00
    1438.000     0.999989      1446084     93622.86
    1694.000     0.999991      1446086    109226.67
    1765.000     0.999992      1446088    131072.00
    1813.000     0.999993      1446090    145635.56
    1841.000     0.999994      1446091    163840.00
    1874.000     0.999995      1446092    187245.71
    1901.000     0.999995      1446093    218453.33
    1907.000     0.999996      1446094    262144.00
    1928.000     0.999997      1446095    291271.11
    1928.000     0.999997      1446095    327680.00
    1930.000     0.999997      1446096    374491.43
    1930.000     0.999998      1446096    436906.67
    1955.000     0.999998      1446097    524288.00
    1955.000     0.999998      1446097    582542.22
    1955.000     0.999998      1446097    655360.00
    2003.000     0.999999      1446098    748982.86
    2003.000     0.999999      1446098    873813.33
    2003.000     0.999999      1446098   1048576.00
    2003.000     0.999999      1446098   1165084.44
    2003.000     0.999999      1446098   1310720.00
    2213.000     0.999999      1446099   1497965.71
    2213.000     1.000000      1446099          inf
#[Mean    =      126.209, StdDeviation   =       30.211]
#[Max     =     2213.000, Total count    =      1446099]
#[Buckets =            2, SubBuckets     =         2048]
