       Value   Percentile   TotalCount 1/(1-Percentile)

      57.000     0.000000            2         1.00
     647.000     0.100000       930257         1.11
     955.000     0.200000      1857720         1.25
    1275.000     0.300000      2787983         1.43
    1652.000     0.400000      3714403         1.67
    2149.000     0.500000      4645226         2.00
    2457.000     0.550000      5106547         2.22
    2815.000     0.600000      5572791         2.50
    3225.000     0.650000      6035989         2.86
    3697.000     0.700000      6500517         3.33
    4239.000     0.750000      6964396         4.00
    4539.000     0.775000      7195924         4.44
    4867.000     0.800000      7429771         5.00
    5223.000     0.825000      7660942         5.71
    5627.000     0.850000      7893250         6.67
    6099.000     0.875000      8123749         8.00
    6379.000     0.887500      8240606         8.89
    6695.000     0.900000      8357040        10.00
    7055.000     0.912500      8472153        11.43
    7491.000     0.925000      8588379        13.33
    8039.000     0.937500      8704063        16.00
    8383.000     0.943750      8762440        17.78
    8799.000     0.950000      8820995        20.00
    9311.000     0.956250      8878814        22.86
    9959.000     0.962500      8936596        26.67
   10791.000     0.968750      8994124        32.00
   11295.000     0.971875      9023331        35.56
   11855.000     0.975000      9052372        40.00
   12479.000     0.978125      9081379        45.71
   13167.000     0.981250      9110181        53.33
   13943.000     0.984375      9139246        64.00
   14375.000     0.985938      9153880        71.11
   14839.000     0.987500      9168241        80.00
   15359.000     0.989062      9182925        91.43
   15935.000     0.990625      9197321       106.67
   16591.000     0.992188      9211821       128.00
   16959.000     0.992969      9219102       142.22
   17359.000     0.993750      9226264       160.00
   17807.000     0.994531      9233506       182.86
   18319.000     0.995313      9240855       213.33
   18895.000     0.996094      9248008       256.00
   19231.000     0.996484      9251630       284.44
   19599.000     0.996875      9255240       320.00
   20015.000     0.997266      9258868       365.71
   20495.000     0.997656      9262491       426.67
   21071.000     0.998047      9266139       512.00
   21391.000     0.998242      9268012       568.89
   21743.000     0.998437      9269751       640.00
   22143.000     0.998633      9271546       731.43
   22607.000     0.998828      9273365       853.33
   23167.000     0.999023      9275198      1024.00
   23471.000     0.999121      9276096      1137.78
   23823.000     0.999219      9277007      1280.00
   24207.000     0.999316      9277923      1462.86
   24591.000     0.999414      9278799      1706.67
   25071.000     0.999512      9279731      2048.00
   25311.000     0.999561      9280158      2275.56
   25599.000     0.999609      9280611      2560.00
   25887.000     0.999658      9281070      2925.71
   26239.000     0.999707      9281525      3413.33
   26671.000     0.999756      9281971      4096.00
   26895.000     0.999780      9282202      4551.11
   27167.000     0.999805      9282427      5120.00
   27455.000     0.999829      9282656      5851.43
   27807.000     0.999854      9282887      6826.67
   28175.000     0.999878      9283112      8192.00
   28367.000     0.999890      9283227      9102.22
   28575.000     0.999902      9283332     10240.00
   28815.000     0.999915      9283444     11702.86
   29071.000     0.999927      9283561     13653.33
   29375.000     0.999939      9283673     16384.00
   29535.000     0.999945      9283728     18204.44
   29743.000     0.999951      9283784     20480.00
   29951.000     0.999957      9283844     23405.71
   30223.000     0.999963      9283904     27306.67
   30527.000     0.999969      9283956     32768.00
   30687.000     0.999973      9283983     36408.89
   30831.000     0.999976      9284011     40960.00
   31055.000     0.999979      9284040     46811.43
   31263.000     0.999982      9284070     54613.33
   31471.000     0.999985      9284097     65536.00
   31599.000     0.999986      9284114     72817.78
   31711.000     0.999988      9284124     81920.00
   31887.000     0.999989      9284138     93622.86
   32095.000     0.999991      9284153    109226.67
   32319.000     0.999992      9284168    131072.00
   32575.000     0.999993      9284174    145635.56
   32799.000     0.999994      9284182    163840.00
   32991.000     0.999995      9284188    187245.71
   33247.000     0.999995      9284195    218453.33
   33471.000     0.999996      9284202    262144.00
   33567.000     0.999997      9284207    291271.11
   33663.000     0.999997      9284211    327680.00
   33727.000     0.999997      9284214    374491.43
   33791.000     0.999998      9284216    436906.67
   34079.000     0.999998      9284222    524288.00
   34079.000     0.999998      9284222    582542.22
   34143.000     0.999998      9284223    655360.00
   34271.000     0.999999      9284225    748982.86
   34783.000     0.999999      9284227    873813.33
   35007.000     0.999999      9284229   1048576.00
   35263.000     0.999999      9284230   1165084.44
   35263.000     0.999999      9284230   1310720.00
   35391.000     0.999999      9284231   1497965.71
   35615.000     0.999999      9284232   1747626.67
   35711.000     1.000000      9284233   2097152.00
   35935.000     1.000000      9284234   2330168.89
   35935.000     1.000000      9284234   2621440.00
   35935.000     1.000000      9284234   2995931.43
   36127.000     1.000000      9284235   3495253.33
   36127.000     1.000000      9284235   4194304.00
   36415.000     1.000000      9284236   4660337.78
   36415.000     1.000000      9284236   5242880.00
   36415.000     1.000000      9284236   5991862.86
   36415.000     1.000000      9284236   6990506.67
   36415.000     1.000000      9284236   8388608.00
   36575.000     1.000000      9284237   9320675.55
   36575.000     1.000000      9284237          inf
#[Mean    =     3157.105, StdDeviation   =     3071.913]
#[Max     =    36575.000, Total count    =      9284237]
#[Buckets =            6, SubBuckets     =         2048]
