       Value   Percentile   TotalCount 1/(1-Percentile)

     966.000     0.000000            1         1.00
    8887.000     0.100000       110238         1.11
    9023.000     0.200000       217285         1.25
    9103.000     0.300000       332086         1.43
    9159.000     0.400000       447943         1.67
    9207.000     0.500000       555998         2.00
    9231.000     0.550000       611406         2.22
    9255.000     0.600000       663977         2.50
    9279.000     0.650000       714545         2.86
    9303.000     0.700000       762104         3.33
    9335.000     0.750000       815240         4.00
    9359.000     0.775000       848385         4.44
    9375.000     0.800000       868835         5.00
    9399.000     0.825000       896167         5.71
    9431.000     0.850000       926801         6.67
    9463.000     0.875000       953050         8.00
    9479.000     0.887500       964465         8.89
    9503.000     0.900000       980591        10.00
    9527.000     0.912500       993280        11.43
    9551.000     0.925000      1004779        13.33
    9583.000     0.937500      1018694        16.00
    9599.000     0.943750      1025237        17.78
    9623.000     0.950000      1032795        20.00
    9647.000     0.956250      1039311        22.86
    9679.000     0.962500      1046158        26.67
    9727.000     0.968750      1053072        32.00
    9743.000     0.971875      1055527        35.56
    9767.000     0.975000      1058736        40.00
    9807.000     0.978125      1062440        45.71
    9903.000     0.981250      1065529        53.33
   11591.000     0.984375      1068918        64.00
   11807.000     0.985938      1070625        71.11
   11935.000     0.987500      1072493        80.00
   12007.000     0.989062      1074118        91.43
   12103.000     0.990625      1075735       106.67
   12199.000     0.992188      1077434       128.00
   12247.000     0.992969      1078274       142.22
   12279.000     0.993750      1079136       160.00
   12327.000     0.994531      1080035       182.86
   12359.000     0.995313      1080780       213.33
   12399.000     0.996094      1081637       256.00
   12431.000     0.996484      1082082       284.44
   12455.000     0.996875      1082523       320.00
   12495.000     0.997266      1082932       365.71
   12527.000     0.997656      1083405       426.67
   12559.000     0.998047      1083840       512.00
   12575.000     0.998242      1084002       568.89
   12591.000     0.998437      1084219       640.00
   12623.000     0.998633      1084480       731.43
   12647.000     0.998828      1084613       853.33
   12679.000     0.999023      1084831      1024.00
   12695.000     0.999121      1084958      1137.78
   12727.000     0.999219      1085023      1280.00
   12759.000     0.999316      1085149      1462.86
   12775.000     0.999414      1085240      1706.67
   12807.000     0.999512      1085359      2048.00
   12831.000     0.999561      1085388      2275.56
   12863.000     0.999609      1085463      2560.00
   12879.000     0.999658      1085497      2925.71
   12943.000     0.999707      1085553      3413.33
   12967.000     0.999756      1085600      4096.00
   12999.000     0.999780      1085632      4551.11
   13079.000     0.999805      1085657      5120.00
   13119.000     0.999829      1085684      5851.43
   13719.000     0.999854      1085708      6826.67
   13807.000     0.999878      1085734      8192.00
   15375.000     0.999890      1085752      9102.22
   15383.000     0.999902      1085759     10240.00
   15631.000     0.999915      1085775     11702.86
   15647.000     0.999927      1085787     13653.33
   15791.000     0.999939      1085810     16384.00
   15791.000     0.999945      1085810     18204.44
   15799.000     0.999951      1085817     20480.00
   15807.000     0.999957      1085821     23405.71
   15815.000     0.999963      1085831     27306.67
   15823.000     0.999969      1085840     32768.00
   15823.000     0.999973      1085840     36408.89
   15823.000     0.999976      1085840     40960.00
   15887.000     0.999979      1085845     46811.43
   15895.000     0.999982      1085856     54613.33
   15895.000     0.999985      1085856     65536.00
   15895.000     0.999986      1085856     72817.78
   15895.000     0.999988      1085856     81920.00
   15895.000     0.999989      1085856     93622.86
   15895.000     0.999991      1085856    109226.67
   15903.000     0.999992      1085865    131072.00
   15903.000     1.000000      1085865          inf
#[Mean    =     9205.062, StdDeviation   =      546.913]
#[Max     =    15903.000, Total count    =      1085865]
#[Buckets =            4, SubBuckets     =         2048]
