       Value   Percentile   TotalCount 1/(1-Percentile)

      61.000     0.000000            1         1.00
     464.000     0.100000       590408         1.11
     704.000     0.200000      1181378         1.25
     974.000     0.300000      1771345         1.43
    1331.000     0.400000      2362388         1.67
    1882.000     0.500000      2951897         2.00
    2317.000     0.550000      3247344         2.22
    2959.000     0.600000      3541950         2.50
    3903.000     0.650000      3837050         2.86
    5151.000     0.700000      4132328         3.33
    6563.000     0.750000      4428026         4.00
    7299.000     0.775000      4575155         4.44
    8051.000     0.800000      4722892         5.00
    8823.000     0.825000      4870482         5.71
    9623.000     0.850000      5017881         6.67
   10463.000     0.875000      5165529         8.00
   10911.000     0.887500      5239130         8.89
   11391.000     0.900000      5313354        10.00
   11895.000     0.912500      5386742        11.43
   12447.000     0.925000      5460529        13.33
   13071.000     0.937500      5534665        16.00
   13415.000     0.943750      5571680        17.78
   13783.000     0.950000      5608015        20.00
   14199.000     0.956250      5645016        22.86
   14671.000     0.962500      5682295        26.67
   15199.000     0.968750      5718766        32.00
   15503.000     0.971875      5737334        35.56
   15831.000     0.975000      5755643        40.00
   16215.000     0.978125      5774312        45.71
   16639.000     0.981250      5792491        53.33
   17151.000     0.984375      5811294        64.00
   17439.000     0.985938      5820533        71.11
   17759.000     0.987500      5829647        80.00
   18127.000     0.989062      5838829        91.43
   18559.000     0.990625      5848043       106.67
   19071.000     0.992188      5857256       128.00
   19359.000     0.992969      5861653       142.22
   19695.000     0.993750      5866260       160.00
   20095.000     0.994531      5870863       182.86
   20575.000     0.995313      5875553       213.33
   21183.000     0.996094      5880133       256.00
   21551.000     0.996484      5882360       284.44
   21999.000     0.996875      5884721       320.00
   22543.000     0.997266      5887012       365.71
   23247.000     0.997656      5889293       426.67
   24415.000     0.998047      5891584       512.00
   25391.000     0.998242      5892740       568.89
   27007.000     0.998437      5893895       640.00
   29903.000     0.998633      5895041       731.43
   35999.000     0.998828      5896195       853.33
   44255.000     0.999023      5897348      1024.00
   47647.000     0.999121      5897924      1137.78
   50943.000     0.999219      5898505      1280.00
   55007.000     0.999316      5899075      1462.86
   60671.000     0.999414      5899654      1706.67
   68927.000     0.999512      5900230      2048.00
   71551.000     0.999561      5900518      2275.56
   73087.000     0.999609      5900805      2560.00
   74943.000     0.999658      5901094      2925.71
   77247.000     0.999707      5901383      3413.33
   78975.000     0.999756      5901675      4096.00
   80063.000     0.999780      5901813      4551.11
   81407.000     0.999805      5901959      5120.00
   82751.000     0.999829      5902110      5851.43
   83711.000     0.999854      5902250      6826.67
   84927.000     0.999878      5902392      8192.00
   85503.000     0.999890      5902463      9102.22
   86079.000     0.999902      5902542     10240.00
   86655.000     0.999915      5902607     11702.86
   87551.000     0.999927      5902680     13653.33
   88639.000     0.999939      5902755     16384.00
   88895.000     0.999945      5902787     18204.44
   89663.000     0.999951      5902825     20480.00
   90303.000     0.999957      5902861     23405.71
   90943.000     0.999963      5902895     27306.67
   91647.000     0.999969      5902934     32768.00
   91903.000     0.999973      5902949     36408.89
   92159.000     0.999976      5902967     40960.00
   92415.000     0.999979      5902984     46811.43
   92927.000     0.999982      5903004     54613.33
   93247.000     0.999985      5903020     65536.00
   93503.000     0.999986      5903030     72817.78
   93759.000     0.999988      5903038     81920.00
   94015.000     0.999989      5903049     93622.86
   94335.000     0.999991      5903057    109226.67
   95039.000     0.999992      5903065    131072.00
   95231.000     0.999993      5903070    145635.56
   95423.000     0.999994      5903074    163840.00
   96063.000     0.999995      5903079    187245.71
   96767.000     0.999995      5903083    218453.33
   98047.000     0.999996      5903088    262144.00
   98303.000     0.999997      5903091    291271.11
   98495.000     0.999997      5903092    327680.00
   98623.000     0.999997      5903095    374491.43
   98815.000     0.999998      5903097    436906.67
   99839.000     0.999998      5903099    524288.00
  100159.000     0.999998      5903100    582542.22
  100415.000     0.999998      5903101    655360.00
  100479.000     0.999999      5903105    748982.86
  100479.000     0.999999      5903105    873813.33
  100479.000     0.999999      5903105   1048576.00
  100479.000     0.999999      5903105   1165084.44
  100543.000     0.999999      5903107   1310720.00
  100543.000     0.999999      5903107   1497965.71
  100543.000     0.999999      5903107   1747626.67
  100671.000     1.000000      5903108   2097152.00
  100671.000     1.000000      5903108   2330168.89
  100671.000     1.000000      5903108   2621440.00
  100863.000     1.000000      5903109   2995931.43
  100863.000     1.000000      5903109   3495253.33
  100863.000     1.000000      5903109   4194304.00
  100863.000     1.000000      5903109   4660337.78
  100863.000     1.000000      5903109   5242880.00
  102399.000     1.000000      5903110   5991862.86
  102399.000     1.000000      5903110          inf
#[Mean    =     4203.712, StdDeviation   =     5017.506]
#[Max     =   102399.000, Total count    =      5903110]
#[Buckets =            7, SubBuckets     =         2048]
