       Value   Percentile   TotalCount 1/(1-Percentile)

     190.000     0.000000            1         1.00
    3081.000     0.100000       290309         1.11
    9967.000     0.200000       580637         1.25
   13367.000     0.300000       871130         1.43
   15927.000     0.400000      1161291         1.67
   18623.000     0.500000      1451297         2.00
   19999.000     0.550000      1596114         2.22
   21487.000     0.600000      1742039         2.50
   23183.000     0.650000      1886619         2.86
   25247.000     0.700000      2031440         3.33
   27759.000     0.750000      2176614         4.00
   29247.000     0.775000      2249023         4.44
   31007.000     0.800000      2321855         5.00
   33087.000     0.825000      2394927         5.71
   35775.000     0.850000      2467022         6.67
   40159.000     0.875000      2539314         8.00
   43711.000     0.887500      2575729         8.89
   48831.000     0.900000      2611801        10.00
   60223.000     0.912500      2647999        11.43
   69503.000     0.925000      2684336        13.33
   82175.000     0.937500      2720582        16.00
   89023.000     0.943750      2738808        17.78
   93183.000     0.950000      2756963        20.00
   97471.000     0.956250      2775192        22.86
  102399.000     0.962500      2793159        26.67
  108159.000     0.968750      2811338        32.00
  110335.000     0.971875      2820346        35.56
  112703.000     0.975000      2829549        40.00
  115967.000     0.978125      2838499        45.71
  119935.000     0.981250      2847542        53.33
  123519.000     0.984375      2856654        64.00
  125375.000     0.985938      2861090        71.11
  127807.000     0.987500      2865625        80.00
  132735.000     0.989062      2870173        91.43
  139903.000     0.990625      2874695       106.67
  144895.000     0.992188      2879249       128.00
  147327.000     0.992969      2881540       142.22
  149631.000     0.993750      2883758       160.00
  152063.000     0.994531      2886045       182.86
  154367.000     0.995313      2888293       213.33
  157183.000     0.996094      2890580       256.00
  158975.000     0.996484      2891716       284.44
  162175.000     0.996875      2892855       320.00
  171007.000     0.997266      2893962       365.71
  189055.000     0.997656      2895099       426.67
  201727.000     0.998047      2896229       512.00
  207231.000     0.998242      2896810       568.89
  212479.000     0.998437      2897371       640.00
  217983.000     0.998633      2897937       731.43
  223743.000     0.998828      2898500       853.33
  230143.000     0.999023      2899063      1024.00
  233983.000     0.999121      2899352      1137.78
  237567.000     0.999219      2899627      1280.00
  242431.000     0.999316      2899911      1462.86
  247807.000     0.999414      2900200      1706.67
  252671.000     0.999512      2900479      2048.00
  256511.000     0.999561      2900619      2275.56
  259583.000     0.999609      2900767      2560.00
  263423.000     0.999658      2900903      2925.71
  268287.000     0.999707      2901045      3413.33
  273919.000     0.999756      2901197      4096.00
  276735.000     0.999780      2901258      4551.11
  279807.000     0.999805      2901333      5120.00
  283135.000     0.999829      2901410      5851.43
  289279.000     0.999854      2901475      6826.67
  291327.000     0.999878      2901541      8192.00
  293119.000     0.999890      2901577      9102.22
  295935.000     0.999902      2901611     10240.00
  300543.000     0.999915      2901648     11702.86
  304895.000     0.999927      2901684     13653.33
  311039.000     0.999939      2901720     16384.00
  314367.000     0.999945      2901735     18204.44
  321023.000     0.999951      2901756     20480.00
  327679.000     0.999957      2901774     23405.71
  343551.000     0.999963      2901788     27306.67
  352511.000     0.999969      2901811     32768.00
  352767.000     0.999973      2901822     36408.89
  353023.000     0.999976      2901827     40960.00
  354303.000     0.999979      2901833     46811.43
  357375.000     0.999982      2901845     54613.33
  379391.000     0.999985      2901852     65536.00
  381183.000     0.999986      2901857     72817.78
  381439.000     0.999988      2901861     81920.00
  385535.000     0.999989      2901866     93622.86
  387327.000     0.999991      2901870    109226.67
  392703.000     0.999992      2901872    131072.00
  392959.000     0.999993      2901878    145635.56
  392959.000     0.999994      2901878    163840.00
  394751.000     0.999995      2901879    187245.71
  402175.000     0.999995      2901882    218453.33
  405247.000     0.999996      2901886    262144.00
  405247.000     0.999997      2901886    291271.11
  405247.000     0.999997      2901886    327680.00
  412927.000     0.999997      2901887    374491.43
  417791.000     0.999998      2901888    436906.67
  420351.000     0.999998      2901891    524288.00
  420351.000     0.999998      2901891    582542.22
  420351.000     0.999998      2901891    655360.00
  420351.000     0.999999      2901891    748982.86
  420351.000     0.999999      2901891    873813.33
  420607.000     0.999999      2901893   1048576.00
  420607.000     0.999999      2901893   1165084.44
  420607.000     0.999999      2901893   1310720.00
  420607.000     0.999999      2901893   1497965.71
  420607.000     0.999999      2901893   1747626.67
  420607.000     1.000000      2901893   2097152.00
  420607.000     1.000000      2901893   2330168.89
  420607.000     1.000000      2901893   2621440.00
  420863.000     1.000000      2901894   2995931.43
  420863.000     1.000000      2901894          inf
#[Mean    =    25619.772, StdDeviation   =    27833.452]
#[Max     =   420863.000, Total count    =      2901894]
#[Buckets =            9, SubBuckets     =         2048]
