       Value   Percentile   TotalCount 1/(1-Percentile)

      75.000     0.000000            1         1.00
     107.000     0.100000         7075         1.11
     114.000     0.200000        14140         1.25
     118.000     0.300000        20875         1.43
     126.000     0.400000        28148         1.67
     133.000     0.500000        35994         2.00
     135.000     0.550000        38204         2.22
     143.000     0.600000        41178         2.50
     147.000     0.650000        44935         2.86
     151.000     0.700000        48341         3.33
     153.000     0.750000        52188         4.00
     154.000     0.775000        54169         4.44
     155.000     0.800000        55659         5.00
     156.000     0.825000        56627         5.71
     159.000     0.850000        58535         6.67
     161.000     0.875000        59829         8.00
     162.000     0.887500        60918         8.89
     163.000     0.900000        61902        10.00
     164.000     0.912500        62656        11.43
     165.000     0.925000        63199        13.33
     167.000     0.937500        64340        16.00
     168.000     0.943750        64953        17.78
     168.000     0.950000        64953        20.00
     169.000     0.956250        65430        22.86
     170.000     0.962500        65777        26.67
     172.000     0.968750        66269        32.00
     173.000     0.971875        66479        35.56
     174.000     0.975000        66666        40.00
     176.000     0.978125        66948        45.71
     177.000     0.981250        67081        53.33
     179.000     0.984375        67290        64.00
     180.000     0.985938        67362        71.11
     182.000     0.987500        67488        80.00
     184.000     0.989062        67586        91.43
     187.000     0.990625        67684       106.67
     190.000     0.992188        67779       128.00
     192.000     0.992969        67856       142.22
     193.000     0.993750        67895       160.00
     195.000     0.994531        67965       182.86
     196.000     0.995313        68020       213.33
     197.000     0.996094        68080       256.00
     197.000     0.996484        68080       284.44
     198.000     0.996875        68109       320.00
     199.000     0.997266        68135       365.71
     200.000     0.997656        68156       426.67
     202.000     0.998047        68185       512.00
     203.000     0.998242        68203       568.89
     203.000     0.998437        68203       640.00
     204.000     0.998633        68228       731.43
     204.000     0.998828        68228       853.33
     205.000     0.999023        68247      1024.00
     205.000     0.999121        68247      1137.78
     206.000     0.999219        68261      1280.00
     206.000     0.999316        68261      1462.86
     207.000     0.999414        68269      1706.67
     208.000     0.999512        68275      2048.00
     209.000     0.999561        68278      2275.56
     210.000     0.999609        68283      2560.00
     211.000     0.999658        68284      2925.71
     214.000     0.999707        68287      3413.33
     219.000     0.999756        68291      4096.00
     221.000     0.999780        68292      4551.11
     223.000     0.999805        68294      5120.00
     225.000     0.999829        68296      5851.43
     237.000     0.999854        68297      6826.67
     248.000     0.999878        68299      8192.00
     249.000     0.999890        68300      9102.22
     303.000     0.999902        68301     10240.00
     314.000     0.999915        68302     11702.86
     314.000     0.999927        68302     13653.33
     322.000     0.999939        68303     16384.00
     659.000     0.999945        68304     18204.44
     659.000     0.999951        68304     20480.00
    1366.000     0.999957        68305     23405.71
    1366.000     0.999963        68305     27306.67
    1366.000     0.999969        68305     32768.00
    1419.000     0.999973        68306     36408.89
    1419.000     0.999976        68306     40960.00
    1419.000     0.999979        68306     46811.43
    1419.000     0.999982        68306     54613.33
    1419.000     0.999985        68306     65536.00
    1935.000     0.999986        68307     72817.78
    1935.000     1.000000        68307          inf
#[Mean    =      134.539, StdDeviation   =       24.259]
#[Max     =     1935.000, Total count    =        68307]
#[Buckets =            1, SubBuckets     =         2048]
