       Value   Percentile   TotalCount 1/(1-Percentile)

      68.000     0.000000            1         1.00
     563.000     0.100000        82167         1.11
   69695.000     0.200000       164480         1.25
   83391.000     0.300000       246805         1.43
   85759.000     0.400000       328852         1.67
   87231.000     0.500000       412970         2.00
   88319.000     0.550000       453042         2.22
   91263.000     0.600000       493262         2.50
   97727.000     0.650000       534123         2.86
  104127.000     0.700000       575186         3.33
  106559.000     0.750000       616458         4.00
  107327.000     0.775000       636966         4.44
  108031.000     0.800000       657500         5.00
  108863.000     0.825000       678423         5.71
  111295.000     0.850000       698269         6.67
  121151.000     0.875000       718790         8.00
  127807.000     0.900000       739567        10.00
  128767.000     0.912500       749607        11.43
  129663.000     0.925000       760425        13.33
  130623.000     0.937500       770287        16.00
  131455.000     0.943750       775187        17.78
  135423.000     0.950000       780322        20.00
  141055.000     0.956250       785552        22.86
  146815.000     0.962500       790584        26.67
  150143.000     0.968750       796042        32.00
  150911.000     0.971875       798344        35.56
  151935.000     0.975000       800935        40.00
  154623.000     0.978125       803409        45.71
  171007.000     0.981250       805975        53.33
  215679.000     0.984375       808575        64.00
  236671.000     0.987500       811141        80.00
  238207.000     0.989063       812434        91.43
  254591.000     0.990625       813700       106.67
  256639.000     0.992188       814993       128.00
  257919.000     0.993750       816266       160.00
  258559.000     0.994531       817014       182.86
  259071.000     0.995313       817559       213.33
  259839.000     0.996094       818252       256.00
  260223.000     0.996484       818550       284.44
  260735.000     0.996875       818810       320.00
  265471.000     0.997266       819135       365.71
  277503.000     0.997656       819469       426.67
  279551.000     0.998047       819800       512.00
  280319.000     0.998242       819948       568.89
  281855.000     0.998437       820115       640.00
  290047.000     0.998633       820251       731.43
  299007.000     0.998828       820414       853.33
  301311.000     0.999023       820586      1024.00
  302335.000     0.999121       820657      1137.78
  308223.000     0.999219       820732      1280.00
  315647.000     0.999316       820813      1462.86
  318207.000     0.999414       820895      1706.67
  321279.000     0.999512       820983      2048.00
  322047.000     0.999561       821031      2275.56
  322559.000     0.999609       821058      2560.00
  323327.000     0.999658       821116      2925.71
  323839.000     0.999707       821153      3413.33
  324095.000     0.999756       821176      4096.00
  324863.000     0.999805       821213      5120.00
  325887.000     0.999829       821234      5851.43
  334335.000     0.999854       821253      6826.67
  338943.000     0.999878       821273      8192.00
  341503.000     0.999902       821298     10240.00
  342271.000     0.999915       821304     11702.86
  343551.000     0.999927       821316     13653.33
  344063.000     0.999939       821325     16384.00
  344575.000     0.999951       821339     20480.00
  344575.000     0.999957       821339     23405.71
  344831.000     0.999963       821344     27306.67
  345087.000     0.999969       821351     32768.00
  345087.000     0.999973       821351     36408.89
  345343.000     0.999976       821354     40960.00
  345599.000     0.999979       821357     46811.43
  345855.000     0.999982       821360     54613.33
  346111.000     0.999985       821363     65536.00
  346111.000     0.999986       821363     72817.78
  346111.000     0.999988       821363     81920.00
  380159.000     0.999989       821365     93622.86
  380415.000     0.999991       821368    109226.67
  380415.000     0.999992       821368    131072.00
  380415.000     0.999993       821368    145635.56
  380415.000     0.999994       821368    163840.00
  398591.000     0.999995       821369    187245.71
  399359.000     0.999995       821370    218453.33
  399359.000     0.999996       821370    262144.00
  399871.000     0.999997       821371    291271.11
  399871.000     0.999997       821371    327680.00
  399871.000     0.999997       821371    374491.43
  400127.000     0.999998       821373    436906.67
  400127.000     1.000000       821373          inf
#[Mean    =    87463.780, StdDeviation   =    41101.526]
#[Max     =   400127.000, Total count    =       821373]
#[Buckets =            9, SubBuckets     =         2048]
