       Value   Percentile   TotalCount 1/(1-Percentile)

      99.000     0.000000            1         1.00
     699.000     0.100000       284314         1.11
    1507.000     0.200000       568665         1.25
    3433.000     0.300000       853083         1.43
    6279.000     0.400000      1137512         1.67
   10063.000     0.500000      1421591         2.00
   12903.000     0.550000      1563990         2.22
   17071.000     0.600000      1705941         2.50
   23471.000     0.650000      1848268         2.86
   32607.000     0.700000      1990382         3.33
   42047.000     0.750000      2132515         4.00
   46463.000     0.775000      2203655         4.44
   50783.000     0.800000      2274573         5.00
   55423.000     0.825000      2345558         5.71
   60831.000     0.850000      2416724         6.67
   67135.000     0.875000      2488140         8.00
   70591.000     0.887500      2523244         8.89
   74367.000     0.900000      2558911        10.00
   78463.000     0.912500      2594439        11.43
   83135.000     0.925000      2630215        13.33
   89151.000     0.937500      2665585        16.00
   92927.000     0.943750      2683215        17.78
   97471.000     0.950000      2701085        20.00
  102527.000     0.956250      2718799        22.86
  108031.000     0.962500      2736513        26.67
  113855.000     0.968750      2754342        32.00
  117119.000     0.971875      2763262        35.56
  120639.000     0.975000      2772101        40.00
  124671.000     0.978125      2780910        45.71
  129471.000     0.981250      2789850        53.33
  135039.000     0.984375      2798735        64.00
  137983.000     0.985938      2803127        71.11
  141311.000     0.987500      2807627        80.00
  144895.000     0.989062      2812063        91.43
  148607.000     0.990625      2816488       106.67
  152703.000     0.992188      2820941       128.00
  155007.000     0.992969      2823096       142.22
  157823.000     0.993750      2825401       160.00
  160895.000     0.994531      2827558       182.86
  164351.000     0.995313      2829774       213.33
  168319.000     0.996094      2831979       256.00
  170623.000     0.996484      2833114       284.44
  173183.000     0.996875      2834208       320.00
  176255.000     0.997266      2835311       365.71
  179967.000     0.997656      2836439       426.67
  184703.000     0.998047      2837548       512.00
  188031.000     0.998242      2838090       568.89
  191743.000     0.998437      2838640       640.00
  195967.000     0.998633      2839204       731.43
  200831.000     0.998828      2839750       853.33
  207103.000     0.999023      2840305      1024.00
  210303.000     0.999121      2840584      1137.78
  213503.000     0.999219      2840859      1280.00
  216959.000     0.999316      2841147      1462.86
  220543.000     0.999414      2841415      1706.67
  225279.000     0.999512      2841698      2048.00
  227967.000     0.999561      2841834      2275.56
  230911.000     0.999609      2841973      2560.00
  234367.000     0.999658      2842118      2925.71
  236799.000     0.999707      2842253      3413.33
  240255.000     0.999756      2842391      4096.00
  241791.000     0.999780      2842457      4551.11
  243967.000     0.999805      2842531      5120.00
  246527.000     0.999829      2842598      5851.43
  248703.000     0.999854      2842668      6826.67
  251903.000     0.999878      2842733      8192.00
  254591.000     0.999890      2842770      9102.22
  256767.000     0.999902      2842807     10240.00
  259711.000     0.999915      2842839     11702.86
  263423.000     0.999927      2842872     13653.33
  266751.000     0.999939      2842910     16384.00
  268799.000     0.999945      2842925     18204.44
  272127.000     0.999951      2842943     20480.00
  275711.000     0.999957      2842959     23405.71
  278015.000     0.999963      2842976     27306.67
  281087.000     0.999969      2842994     32768.00
  283391.000     0.999973      2843004     36408.89
  285183.000     0.999976      2843013     40960.00
  289023.000     0.999979      2843020     46811.43
  289791.000     0.999982      2843028     54613.33
  293631.000     0.999985      2843037     65536.00
  295167.000     0.999986      2843042     72817.78
  295679.000     0.999988      2843046     81920.00
  296703.000     0.999989      2843051     93622.86
  297727.000     0.999991      2843054    109226.67
  299775.000     0.999992      2843059    131072.00
  301055.000     0.999993      2843061    145635.56
  301311.000     0.999994      2843063    163840.00
  302591.000     0.999995      2843065    187245.71
  303871.000     0.999995      2843067    218453.33
  304639.000     0.999996      2843070    262144.00
  305663.000     0.999997      2843071    291271.11
  306175.000     0.999997      2843072    327680.00
  307711.000     0.999997      2843073    374491.43
  308479.000     0.999998      2843074    436906.67
  312063.000     0.999998      2843075    524288.00
  312575.000     0.999998      2843076    582542.22
  312575.000     0.999998      2843076    655360.00
  316159.000     0.999999      2843077    748982.86
  316159.000     0.999999      2843077    873813.33
  316415.000     0.999999      2843078   1048576.00
  316415.000     0.999999      2843078   1165084.44
  316415.000     0.999999      2843078   1310720.00
  316671.000     0.999999      2843080   1497965.71
  316671.000     1.000000      2843080          inf
#[Mean    =    26307.505, StdDeviation   =    34134.940]
#[Max     =   316671.000, Total count    =      2843080]
#[Buckets =            9, SubBuckets     =         2048]
