       Value   Percentile   TotalCount 1/(1-Percentile)

      94.000     0.000000            1         1.00
     588.000     0.100000       831242         1.11
    1068.000     0.200000      1659670         1.25
    1572.000     0.300000      2489505         1.43
    2201.000     0.400000      3320167         1.67
    3001.000     0.500000      4149497         2.00
    3459.000     0.550000      4563776         2.22
    3945.000     0.600000      4978198         2.50
    4475.000     0.650000      5394795         2.86
    5079.000     0.700000      5809261         3.33
    5779.000     0.750000      6222983         4.00
    6167.000     0.775000      6429844         4.44
    6579.000     0.800000      6637322         5.00
    7019.000     0.825000      6845773         5.71
    7487.000     0.850000      7052403         6.67
    8011.000     0.875000      7260662         8.00
    8295.000     0.887500      7363750         8.89
    8607.000     0.900000      7468762        10.00
    8943.000     0.912500      7572164        11.43
    9319.000     0.925000      7675114        13.33
    9751.000     0.937500      7777936        16.00
    9999.000     0.943750      7829899        17.78
   10279.000     0.950000      7882540        20.00
   10583.000     0.956250      7933576        22.86
   10943.000     0.962500      7986279        26.67
   11359.000     0.968750      8037875        32.00
   11599.000     0.971875      8063597        35.56
   11863.000     0.975000      8089188        40.00
   12167.000     0.978125      8115063        45.71
   12519.000     0.981250      8140968        53.33
   12943.000     0.984375      8167010        64.00
   13191.000     0.985938      8180146        71.11
   13463.000     0.987500      8192943        80.00
   13775.000     0.989062      8205830        91.43
   14135.000     0.990625      8218832       106.67
   14559.000     0.992188      8231709       128.00
   14799.000     0.992969      8238140       142.22
   15079.000     0.993750      8244653       160.00
   15391.000     0.994531      8251197       182.86
   15751.000     0.995313      8257688       213.33
   16167.000     0.996094      8264093       256.00
   16415.000     0.996484      8267453       284.44
   16671.000     0.996875      8270584       320.00
   16991.000     0.997266      8273905       365.71
   17343.000     0.997656      8277110       426.67
   17807.000     0.998047      8280342       512.00
   18095.000     0.998242      8281974       568.89
   18399.000     0.998437      8283548       640.00
   18751.000     0.998633      8285160       731.43
   19183.000     0.998828      8286777       853.33
   19695.000     0.999023      8288375      1024.00
   20015.000     0.999121      8289208      1137.78
   20351.000     0.999219      8290006      1280.00
   20735.000     0.999316      8290825      1462.86
   21183.000     0.999414      8291615      1706.67
   21743.000     0.999512      8292428      2048.00
   22079.000     0.999561      8292836      2275.56
   22415.000     0.999609      8293241      2560.00
   22815.000     0.999658      8293640      2925.71
   23279.000     0.999707      8294043      3413.33
   23807.000     0.999756      8294453      4096.00
   24127.000     0.999780      8294643      4551.11
   24511.000     0.999805      8294857      5120.00
   24911.000     0.999829      8295051      5851.43
   25487.000     0.999854      8295252      6826.67
   26207.000     0.999878      8295457      8192.00
   26639.000     0.999890      8295555      9102.22
   27135.000     0.999902      8295659     10240.00
   27663.000     0.999915      8295758     11702.86
   28223.000     0.999927      8295859     13653.33
   28975.000     0.999939      8295959     16384.00
   29359.000     0.999945      8296010     18204.44
   29871.000     0.999951      8296060     20480.00
   30495.000     0.999957      8296111     23405.71
   31311.000     0.999963      8296162     27306.67
   32735.000     0.999969      8296213     32768.00
   33663.000     0.999973      8296238     36408.89
   34463.000     0.999976      8296263     40960.00
   35423.000     0.999979      8296288     46811.43
   36223.000     0.999982      8296315     54613.33
   36959.000     0.999985      8296339     65536.00
   37247.000     0.999986      8296352     72817.78
   37599.000     0.999988      8296365     81920.00
   37983.000     0.999989      8296378     93622.86
   38271.000     0.999991      8296390    109226.67
   38655.000     0.999992      8296402    131072.00
   38879.000     0.999993      8296410    145635.56
   39007.000     0.999994      8296415    163840.00
   39167.000     0.999995      8296421    187245.71
   39423.000     0.999995      8296428    218453.33
   39487.000     0.999996      8296434    262144.00
   39743.000     0.999997      8296438    291271.11
   39775.000     0.999997      8296440    327680.00
   40159.000     0.999997      8296444    374491.43
   40351.000     0.999998      8296447    436906.67
   40607.000     0.999998      8296450    524288.00
   40703.000     0.999998      8296451    582542.22
   41055.000     0.999998      8296453    655360.00
   41151.000     0.999999      8296455    748982.86
   41439.000     0.999999      8296457    873813.33
   41951.000     0.999999      8296458   1048576.00
   41951.000     0.999999      8296458   1165084.44
   42239.000     0.999999      8296459   1310720.00
   42303.000     0.999999      8296460   1497965.71
   43167.000     0.999999      8296461   1747626.67
   43231.000     1.000000      8296462   2097152.00
   43231.000     1.000000      8296462   2330168.89
   43231.000     1.000000      8296462   2621440.00
   44063.000     1.000000      8296463   2995931.43
   44063.000     1.000000      8296463   3495253.33
   44319.000     1.000000      8296464   4194304.00
   44319.000     1.000000      8296464   4660337.78
   44319.000     1.000000      8296464   5242880.00
   44319.000     1.000000      8296464   5991862.86
   44319.000     1.000000      8296464   6990506.67
   44831.000     1.000000      8296465   8388608.00
   44831.000     1.000000      8296465          inf
#[Mean    =     3923.871, StdDeviation   =     3289.471]
#[Max     =    44831.000, Total count    =      8296465]
#[Buckets =            6, SubBuckets     =         2048]
