       Value   Percentile   TotalCount 1/(1-Percentile)

     811.000     0.000000            1         1.00
    8863.000     0.100000       110231         1.11
    8999.000     0.200000       218362         1.25
    9071.000     0.300000       333659         1.43
    9127.000     0.400000       449846         1.67
    9175.000     0.500000       557526         2.00
    9199.000     0.550000       608070         2.22
    9223.000     0.600000       655463         2.50
    9255.000     0.650000       712866         2.86
    9287.000     0.700000       768757         3.33
    9319.000     0.750000       819300         4.00
    9343.000     0.775000       851931         4.44
    9359.000     0.800000       872681         5.00
    9383.000     0.825000       901491         5.71
    9415.000     0.850000       932074         6.67
    9447.000     0.875000       957231         8.00
    9463.000     0.887500       967883         8.89
    9487.000     0.900000       983776        10.00
    9511.000     0.912500       997863        11.43
    9535.000     0.925000      1009193        13.33
    9567.000     0.937500      1021889        16.00
    9591.000     0.943750      1029385        17.78
    9615.000     0.950000      1036419        20.00
    9639.000     0.956250      1042600        22.86
    9671.000     0.962500      1049349        26.67
    9711.000     0.968750      1055911        32.00
    9743.000     0.971875      1059757        35.56
    9767.000     0.975000      1062436        40.00
    9823.000     0.978125      1065658        45.71
    9975.000     0.981250      1069101        53.33
   11199.000     0.984375      1072480        64.00
   11663.000     0.985938      1074197        71.11
   11855.000     0.987500      1075868        80.00
   11975.000     0.989062      1077571        91.43
   12095.000     0.990625      1079326       106.67
   12183.000     0.992188      1081023       128.00
   12231.000     0.992969      1081932       142.22
   12263.000     0.993750      1082706       160.00
   12303.000     0.994531      1083594       182.86
   12351.000     0.995313      1084381       213.33
   12399.000     0.996094      1085254       256.00
   12423.000     0.996484      1085704       284.44
   12447.000     0.996875      1086178       320.00
   12471.000     0.997266      1086528       365.71
   12503.000     0.997656      1086940       426.67
   12535.000     0.998047      1087416       512.00
   12543.000     0.998242      1087576       568.89
   12559.000     0.998437      1087824       640.00
   12575.000     0.998633      1087990       731.43
   12591.000     0.998828      1088226       853.33
   12607.000     0.999023      1088551      1024.00
   12607.000     0.999121      1088551      1137.78
   12615.000     0.999219      1088651      1280.00
   12631.000     0.999316      1088732      1462.86
   12647.000     0.999414      1088854      1706.67
   12663.000     0.999512      1088934      2048.00
   12687.000     0.999561      1089008      2275.56
   12695.000     0.999609      1089041      2560.00
   12719.000     0.999658      1089102      2925.71
   12767.000     0.999707      1089194      3413.33
   12775.000     0.999756      1089222      4096.00
   12783.000     0.999780      1089280      4551.11
   12783.000     0.999805      1089280      5120.00
   12783.000     0.999829      1089280      5851.43
   12799.000     0.999854      1089324      6826.67
   12815.000     0.999878      1089337      8192.00
   12847.000     0.999890      1089347      9102.22
   12863.000     0.999902      1089379     10240.00
   12863.000     0.999915      1089379     11702.86
   12871.000     0.999927      1089400     13653.33
   12871.000     0.999939      1089400     16384.00
   12879.000     0.999945      1089435     18204.44
   12879.000     0.999951      1089435     20480.00
   12879.000     0.999957      1089435     23405.71
   12879.000     0.999963      1089435     27306.67
   12879.000     0.999969      1089435     32768.00
   12887.000     0.999973      1089462     36408.89
   12887.000     0.999976      1089462     40960.00
   12887.000     0.999979      1089462     46811.43
   12887.000     0.999982      1089462     54613.33
   12887.000     0.999985      1089462     65536.00
   12887.000     0.999986      1089462     72817.78
   12887.000     0.999988      1089462     81920.00
   12887.000     0.999989      1089462     93622.86
   12887.000     0.999991      1089462    109226.67
   12887.000     0.999992      1089462    131072.00
   12887.000     0.999993      1089462    145635.56
   12887.000     0.999994      1089462    163840.00
   12887.000     0.999995      1089462    187245.71
   12887.000     0.999995      1089462    218453.33
   12887.000     0.999996      1089462    262144.00
   12887.000     0.999997      1089462    291271.11
   12887.000     0.999997      1089462    327680.00
   12895.000     0.999997      1089465    374491.43
   12895.000     1.000000      1089465          inf
#[Mean    =     9176.372, StdDeviation   =      551.501]
#[Max     =    12895.000, Total count    =      1089465]
#[Buckets =            4, SubBuckets     =         2048]
