       Value   Percentile   TotalCount 1/(1-Percentile)

      63.000     0.000000            1         1.00
     839.000     0.100000       600182         1.11
    1378.000     0.200000      1199267         1.25
    1950.000     0.300000      1799373         1.43
    2657.000     0.400000      2399683         1.67
    3513.000     0.500000      2998204         2.00
    4053.000     0.550000      3297792         2.22
    4783.000     0.600000      3598516         2.50
    5755.000     0.650000      3897987         2.86
    6975.000     0.700000      4197344         3.33
    8591.000     0.750000      4497379         4.00
    9639.000     0.775000      4647162         4.44
   10863.000     0.800000      4796749         5.00
   12271.000     0.825000      4946753         5.71
   13903.000     0.850000      5096875         6.67
   15823.000     0.875000      5246584         8.00
   16959.000     0.887500      5322115         8.89
   18255.000     0.900000      5396787        10.00
   19823.000     0.912500      5471498        11.43
   21775.000     0.925000      5546268        13.33
   24239.000     0.937500      5621384        16.00
   25679.000     0.943750      5658775        17.78
   27247.000     0.950000      5695999        20.00
   29023.000     0.956250      5733751        22.86
   31039.000     0.962500      5771012        26.67
   33471.000     0.968750      5808452        32.00
   34975.000     0.971875      5827241        35.56
   36831.000     0.975000      5845974        40.00
   39263.000     0.978125      5864687        45.71
   42751.000     0.981250      5883352        53.33
   48479.000     0.984375      5902136        64.00
   52415.000     0.985938      5911476        71.11
   56543.000     0.987500      5920861        80.00
   60287.000     0.989062      5930229        91.43
   63647.000     0.990625      5939536       106.67
   66879.000     0.992188      5948914       128.00
   68479.000     0.992969      5953592       142.22
   70143.000     0.993750      5958353       160.00
   71871.000     0.994531      5963070       182.86
   73663.000     0.995313      5967780       213.33
   75583.000     0.996094      5972449       256.00
   76607.000     0.996484      5974779       284.44
   77695.000     0.996875      5977090       320.00
   78911.000     0.997266      5979389       365.71
   80255.000     0.997656      5981702       426.67
   81791.000     0.998047      5984034       512.00
   82687.000     0.998242      5985264       568.89
   83647.000     0.998437      5986397       640.00
   84735.000     0.998633      5987587       731.43
   86015.000     0.998828      5988762       853.33
   87423.000     0.999023      5989921      1024.00
   88191.000     0.999121      5990491      1137.78
   89087.000     0.999219      5991069      1280.00
   89983.000     0.999316      5991641      1462.86
   91007.000     0.999414      5992226      1706.67
   92223.000     0.999512      5992820      2048.00
   92799.000     0.999561      5993106      2275.56
   93567.000     0.999609      5993416      2560.00
   94335.000     0.999658      5993711      2925.71
   95103.000     0.999707      5993999      3413.33
   96063.000     0.999756      5994281      4096.00
   96575.000     0.999780      5994425      4551.11
   97215.000     0.999805      5994579      5120.00
   97919.000     0.999829      5994725      5851.43
   98623.000     0.999854      5994866      6826.67
   99647.000     0.999878      5995011      8192.00
  100159.000     0.999890      5995085      9102.22
  100671.000     0.999902      5995154     10240.00
  101439.000     0.999915      5995234     11702.86
  102079.000     0.999927      5995306     13653.33
  102719.000     0.999939      5995377     16384.00
  103167.000     0.999945      5995410     18204.44
  103679.000     0.999951      5995446     20480.00
  104063.000     0.999957      5995482     23405.71
  104703.000     0.999963      5995524     27306.67
  105215.000     0.999969      5995556     32768.00
  105535.000     0.999973      5995575     36408.89
  105919.000     0.999976      5995595     40960.00
  106303.000     0.999979      5995611     46811.43
  106687.000     0.999982      5995631     54613.33
  107071.000     0.999985      5995649     65536.00
  107263.000     0.999986      5995656     72817.78
  107455.000     0.999988      5995665     81920.00
  107775.000     0.999989      5995674     93622.86
  108095.000     0.999991      5995684    109226.67
  108607.000     0.999992      5995693    131072.00
  108735.000     0.999993      5995697    145635.56
  108991.000     0.999994      5995703    163840.00
  109247.000     0.999995      5995706    187245.71
  109631.000     0.999995      5995712    218453.33
  109887.000     0.999996      5995716    262144.00
  109951.000     0.999997      5995718    291271.11
  110143.000     0.999997      5995720    327680.00
  110335.000     0.999997      5995722    374491.43
  110591.000     0.999998      5995725    436906.67
  110911.000     0.999998      5995728    524288.00
  110911.000     0.999998      5995728    582542.22
  110975.000     0.999998      5995729    655360.00
  111487.000     0.999999      5995731    748982.86
  111679.000     0.999999      5995732    873813.33
  111807.000     0.999999      5995733   1048576.00
  111807.000     0.999999      5995733   1165084.44
  111871.000     0.999999      5995734   1310720.00
  111871.000     0.999999      5995734   1497965.71
  111999.000     0.999999      5995735   1747626.67
  112063.000     1.000000      5995736   2097152.00
  112063.000     1.000000      5995736   2330168.89
  112063.000     1.000000      5995736   2621440.00
  112063.000     1.000000      5995736   2995931.43
  114047.000     1.000000      5995737   3495253.33
  114047.000     1.000000      5995737   4194304.00
  114047.000     1.000000      5995737   4660337.78
  114047.000     1.000000      5995737   5242880.00
  114047.000     1.000000      5995737   5991862.86
  114367.000     1.000000      5995738   6990506.67
  114367.000     1.000000      5995738          inf
#[Mean    =     7469.144, StdDeviation   =    10895.228]
#[Max     =   114367.000, Total count    =      5995738]
#[Buckets =            7, SubBuckets     =         2048]
