       Value   Percentile   TotalCount 1/(1-Percentile)

      48.000     0.000000            6         1.00
      59.000     0.100000       164452         1.11
      61.000     0.200000       283458         1.25
      64.000     0.300000       467082         1.43
      66.000     0.400000       575939         1.67
      69.000     0.500000       709383         2.00
      71.000     0.550000       787728         2.22
      72.000     0.600000       827815         2.50
      74.000     0.650000       905286         2.86
      76.000     0.700000       965623         3.33
      79.000     0.750000      1029686         4.00
      81.000     0.775000      1064193         4.44
      83.000     0.800000      1095066         5.00
      86.000     0.825000      1139567         5.71
      88.000     0.850000      1166487         6.67
      91.000     0.875000      1200577         8.00
      93.000     0.887500      1219025         8.89
      95.000     0.900000      1234749        10.00
      97.000     0.912500      1248075        11.43
     100.000     0.925000      1263201        13.33
     105.000     0.937500      1279969        16.00
     109.000     0.943750      1291070        17.78
     112.000     0.950000      1299634        20.00
     115.000     0.956250      1308280        22.86
     118.000     0.962500      1315863        26.67
     122.000     0.968750      1323195        32.00
     125.000     0.971875      1327481        35.56
     129.000     0.975000      1331728        40.00
     135.000     0.978125      1335858        45.71
     144.000     0.981250      1339800        53.33
     159.000     0.984375      1344169        64.00
     161.000     0.985938      1346116        71.11
     164.000     0.987500      1349282        80.00
     165.000     0.989062      1350705        91.43
     167.000     0.990625      1353102       106.67
     173.000     0.992188      1354691       128.00
     179.000     0.992969      1355735       142.22
     184.000     0.993750      1356753       160.00
     189.000     0.994531      1357985       182.86
     193.000     0.995313      1358855       213.33
     198.000     0.996094      1359906       256.00
     203.000     0.996484      1360486       284.44
     208.000     0.996875      1361020       320.00
     214.000     0.997266      1361529       365.71
     232.000     0.997656      1362022       426.67
    1085.000     0.998047      1362552       512.00
    1090.000     0.998242      1362878       568.89
    1093.000     0.998437      1363107       640.00
    1097.000     0.998633      1363401       731.43
    1100.000     0.998828      1363648       853.33
    1104.000     0.999023      1363901      1024.00
    1107.000     0.999121      1364020      1137.78
    1112.000     0.999219      1364160      1280.00
    1117.000     0.999316      1364292      1462.86
    1124.000     0.999414      1364428      1706.67
    1138.000     0.999512      1364550      2048.00
    1151.000     0.999561      1364616      2275.56
    1178.000     0.999609      1364682      2560.00
    1249.000     0.999658      1364748      2925.71
   25071.000     0.999707      1364816      3413.33
  250111.000     0.999756      1364938      4096.00
  250111.000     0.999780      1364938      4551.11
  250239.000     0.999805      1364952      5120.00
  251135.000     0.999829      1365165      5851.43
  251135.000     0.999854      1365165      6826.67
  251135.000     0.999878      1365165      8192.00
  251135.000     0.999890      1365165      9102.22
  251135.000     0.999902      1365165     10240.00
  251135.000     0.999915      1365165     11702.86
  251135.000     0.999927      1365165     13653.33
  251135.000     0.999939      1365165     16384.00
  251135.000     0.999945      1365165     18204.44
  251135.000     0.999951      1365165     20480.00
  251135.000     0.999957      1365165     23405.71
  251135.000     0.999963      1365165     27306.67
  251263.000     0.999969      1365213     32768.00
  251263.000     0.999973      1365213     36408.89
  251263.000     0.999976      1365213     40960.00
  251263.000     0.999979      1365213     46811.43
  251263.000     0.999982      1365213     54613.33
  251263.000     0.999985      1365213     65536.00
  251263.000     0.999986      1365213     72817.78
  251263.000     0.999988      1365213     81920.00
  251263.000     0.999989      1365213     93622.86
  251263.000     0.999991      1365213    109226.67
  251263.000     0.999992      1365213    131072.00
  251263.000     0.999993      1365213    145635.56
  251263.000     0.999994      1365213    163840.00
  251263.000     0.999995      1365213    187245.71
  251263.000     0.999995      1365213    218453.33
  251263.000     0.999996      1365213    262144.00
  251263.000     0.999997      1365213    291271.11
  251263.000     0.999997      1365213    327680.00
  251263.000     0.999997      1365213    374491.43
  251263.000     0.999998      1365213    436906.67
  251263.000     0.999998      1365213    524288.00
  251263.000     0.999998      1365213    582542.22
  251263.000     0.999998      1365213    655360.00
  251263.000     0.999999      1365213    748982.86
  251263.000     0.999999      1365213    873813.33
  251263.000     0.999999      1365213   1048576.00
  251263.000     0.999999      1365213   1165084.44
  251263.000     0.999999      1365213   1310720.00
  256511.000     0.999999      1365214   1497965.71
  256511.000     1.000000      1365214          inf
#[Mean    =      143.811, StdDeviation   =     4091.583]
#[Max     =   256511.000, Total count    =      1365214]
#[Buckets =            8, SubBuckets     =         2048]
