       Value   Percentile   TotalCount 1/(1-Percentile)

     104.000     0.000000            1         1.00
     802.000     0.100000       917870         1.11
    1503.000     0.200000      1834980         1.25
    2191.000     0.300000      2753009         1.43
    2755.000     0.400000      3672734         1.67
    3377.000     0.500000      4587639         2.00
    3859.000     0.550000      5047514         2.22
    4687.000     0.600000      5505806         2.50
    6151.000     0.650000      5964315         2.86
    8247.000     0.700000      6422982         3.33
   10519.000     0.750000      6881662         4.00
   11487.000     0.775000      7111687         4.44
   12199.000     0.800000      7340802         5.00
   13151.000     0.825000      7570237         5.71
   14599.000     0.850000      7799076         6.67
   18639.000     0.875000      8028796         8.00
   20175.000     0.887500      8143722         8.89
   21247.000     0.900000      8257647        10.00
   22431.000     0.912500      8373095        11.43
   23615.000     0.925000      8486889        13.33
   25311.000     0.937500      8601711        16.00
   26511.000     0.943750      8659318        17.78
   28223.000     0.950000      8716474        20.00
   30575.000     0.956250      8773480        22.86
   33727.000     0.962500      8831360        26.67
   37183.000     0.968750      8888203        32.00
   39199.000     0.971875      8916878        35.56
   41439.000     0.975000      8945771        40.00
   44319.000     0.978125      8974330        45.71
   47775.000     0.981250      9002851        53.33
   51967.000     0.984375      9031498        64.00
   54367.000     0.985938      9045825        71.11
   57151.000     0.987500      9060367        80.00
   59839.000     0.989062      9074589        91.43
   63039.000     0.990625      9088894       106.67
   67071.000     0.992188      9103277       128.00
   69631.000     0.992969      9110457       142.22
   72511.000     0.993750      9117512       160.00
   75967.000     0.994531      9124673       182.86
   79679.000     0.995313      9131838       213.33
   83071.000     0.996094      9139112       256.00
   84799.000     0.996484      9142648       284.44
   86527.000     0.996875      9146223       320.00
   88383.000     0.997266      9149781       365.71
   90495.000     0.997656      9153423       426.67
   92735.000     0.998047      9156943       512.00
   93951.000     0.998242      9158726       568.89
   95615.000     0.998437      9160551       640.00
   97471.000     0.998633      9162325       731.43
   99583.000     0.998828      9164119       853.33
  102975.000     0.999023      9165899      1024.00
  105599.000     0.999121      9166784      1137.78
  108479.000     0.999219      9167682      1280.00
  111743.000     0.999316      9168576      1462.86
  114431.000     0.999414      9169472      1706.67
  116735.000     0.999512      9170385      2048.00
  117823.000     0.999561      9170818      2275.56
  119103.000     0.999609      9171286      2560.00
  120383.000     0.999658      9171724      2925.71
  121663.000     0.999707      9172161      3413.33
  122943.000     0.999756      9172607      4096.00
  123711.000     0.999780      9172833      4551.11
  124479.000     0.999805      9173069      5120.00
  125439.000     0.999829      9173288      5851.43
  126399.000     0.999854      9173513      6826.67
  127679.000     0.999878      9173732      8192.00
  128511.000     0.999890      9173839      9102.22
  129279.000     0.999902      9173953     10240.00
  130047.000     0.999915      9174065     11702.86
  131007.000     0.999927      9174178     13653.33
  132223.000     0.999939      9174299     16384.00
  132863.000     0.999945      9174342     18204.44
  133759.000     0.999951      9174408     20480.00
  134655.000     0.999957      9174454     23405.71
  136319.000     0.999963      9174515     27306.67
  137855.000     0.999969      9174567     32768.00
  139391.000     0.999973      9174595     36408.89
  140287.000     0.999976      9174622     40960.00
  141951.000     0.999979      9174652     46811.43
  143871.000     0.999982      9174680     54613.33
  145663.000     0.999985      9174706     65536.00
  147839.000     0.999986      9174720     72817.78
  150399.000     0.999988      9174734     81920.00
  154111.000     0.999989      9174751     93622.86
  156031.000     0.999991      9174762    109226.67
  159487.000     0.999992      9174776    131072.00
  160511.000     0.999993      9174786    145635.56
  161407.000     0.999994      9174790    163840.00
  163455.000     0.999995      9174798    187245.71
  164351.000     0.999995      9174804    218453.33
  166655.000     0.999996      9174812    262144.00
  166911.000     0.999997      9174816    291271.11
  167295.000     0.999997      9174818    327680.00
  169599.000     0.999997      9174821    374491.43
  172415.000     0.999998      9174825    436906.67
  173311.000     0.999998      9174829    524288.00
  173823.000     0.999998      9174830    582542.22
  174079.000     0.999998      9174833    655360.00
  174079.000     0.999999      9174833    748982.86
  174591.000     0.999999      9174835    873813.33
  175231.000     0.999999      9174837   1048576.00
  176255.000     0.999999      9174838   1165084.44
  176511.000     0.999999      9174839   1310720.00
  176511.000     0.999999      9174839   1497965.71
  176639.000     0.999999      9174840   1747626.67
  177023.000     1.000000      9174841   2097152.00
  177407.000     1.000000      9174842   2330168.89
  177407.000     1.000000      9174842   2621440.00
  177407.000     1.000000      9174842   2995931.43
  177919.000     1.000000      9174843   3495253.33
  177919.000     1.000000      9174843   4194304.00
  178303.000     1.000000      9174844   4660337.78
  178303.000     1.000000      9174844   5242880.00
  178303.000     1.000000      9174844   5991862.86
  178303.000     1.000000      9174844   6990506.67
  178303.000     1.000000      9174844   8388608.00
  185599.000     1.000000      9174845   9320675.55
  185599.000     1.000000      9174845          inf
#[Mean    =     8146.198, StdDeviation   =    11950.282]
#[Max     =   185599.000, Total count    =      9174845]
#[Buckets =            8, SubBuckets     =         2048]
