       Value   Percentile   TotalCount 1/(1-Percentile)

      82.000     0.000000            1         1.00
     741.000     0.100000       782820         1.11
    1017.000     0.200000      1561869         1.25
    1296.000     0.300000      2342573         1.43
    1610.000     0.400000      3123143         1.67
    2003.000     0.500000      3901993         2.00
    2241.000     0.550000      4293096         2.22
    2515.000     0.600000      4683841         2.50
    2839.000     0.650000      5074187         2.86
    3235.000     0.700000      5462999         3.33
    3757.000     0.750000      5852444         4.00
    4087.000     0.775000      6048092         4.44
    4483.000     0.800000      6243854         5.00
    4971.000     0.825000      6438563         5.71
    5595.000     0.850000      6633741         6.67
    6431.000     0.875000      6827856         8.00
    7007.000     0.887500      6925802         8.89
    7751.000     0.900000      7023205        10.00
    8799.000     0.912500      7120466        11.43
   10423.000     0.925000      7217901        13.33
   13215.000     0.937500      7315607        16.00
   15383.000     0.943750      7364277        17.78
   18175.000     0.950000      7413159        20.00
   21871.000     0.956250      7461774        22.86
   27023.000     0.962500      7510630        26.67
   34015.000     0.968750      7559333        32.00
   38719.000     0.971875      7583784        35.56
   44767.000     0.975000      7608133        40.00
   52255.000     0.978125      7632459        45.71
   61247.000     0.981250      7656871        53.33
   71103.000     0.984375      7681245        64.00
   76991.000     0.985938      7693423        71.11
   85119.000     0.987500      7705652        80.00
   96191.000     0.989062      7717819        91.43
  108927.000     0.990625      7729984       106.67
  124927.000     0.992188      7742199       128.00
  133631.000     0.992969      7748336       142.22
  142335.000     0.993750      7754417       160.00
  152447.000     0.994531      7760509       182.86
  164223.000     0.995313      7766551       213.33
  175999.000     0.996094      7772699       256.00
  182911.000     0.996484      7775705       284.44
  192127.000     0.996875      7778761       320.00
  203135.000     0.997266      7781814       365.71
  213247.000     0.997656      7784860       426.67
  225535.000     0.998047      7787903       512.00
  231167.000     0.998242      7789416       568.89
  236671.000     0.998437      7790949       640.00
  244863.000     0.998633      7792466       731.43
  254463.000     0.998828      7794024       853.33
  267775.000     0.999023      7795536      1024.00
  275199.000     0.999121      7796269      1137.78
  287999.000     0.999219      7797040      1280.00
  297215.000     0.999316      7797810      1462.86
  305919.000     0.999414      7798561      1706.67
  313343.000     0.999512      7799328      2048.00
  317695.000     0.999561      7799716      2275.56
  321023.000     0.999609      7800100      2560.00
  325887.000     0.999658      7800461      2925.71
  337407.000     0.999707      7800846      3413.33
  355071.000     0.999756      7801222      4096.00
  361471.000     0.999780      7801417      4551.11
  367359.000     0.999805      7801605      5120.00
  380927.000     0.999829      7801801      5851.43
  385535.000     0.999854      7801985      6826.67
  396031.000     0.999878      7802182      8192.00
  398591.000     0.999890      7802277      9102.22
  399615.000     0.999902      7802378     10240.00
  401151.000     0.999915      7802475     11702.86
  404479.000     0.999927      7802556     13653.33
  415743.000     0.999939      7802651     16384.00
  421887.000     0.999945      7802699     18204.44
  431359.000     0.999951      7802749     20480.00
  434687.000     0.999957      7802795     23405.71
  444159.000     0.999963      7802842     27306.67
  480255.000     0.999969      7802891     32768.00
  485119.000     0.999973      7802913     36408.89
  487679.000     0.999976      7802940     40960.00
  488959.000     0.999979      7802961     46811.43
  503039.000     0.999982      7802987     54613.33
  505343.000     0.999985      7803008     65536.00
  507647.000     0.999986      7803021     72817.78
  509183.000     0.999988      7803032     81920.00
  511743.000     0.999989      7803044     93622.86
  515583.000     0.999991      7803056    109226.67
  538623.000     0.999992      7803068    131072.00
  542719.000     0.999993      7803075    145635.56
  545279.000     0.999994      7803081    163840.00
  552959.000     0.999995      7803086    187245.71
  565759.000     0.999995      7803092    218453.33
  571391.000     0.999996      7803098    262144.00
  572927.000     0.999997      7803101    291271.11
  577535.000     0.999997      7803104    327680.00
  581631.000     0.999997      7803107    374491.43
  586239.000     0.999998      7803110    436906.67
  593407.000     0.999998      7803113    524288.00
  593919.000     0.999998      7803115    582542.22
  594431.000     0.999998      7803116    655360.00
  594943.000     0.999999      7803119    748982.86
  594943.000     0.999999      7803119    873813.33
  595455.000     0.999999      7803120   1048576.00
  595967.000     0.999999      7803121   1165084.44
  596991.000     0.999999      7803123   1310720.00
  596991.000     0.999999      7803123   1497965.71
  596991.000     0.999999      7803123   1747626.67
  598015.000     1.000000      7803124   2097152.00
  598015.000     1.000000      7803124   2330168.89
  598527.000     1.000000      7803125   2621440.00
  598527.000     1.000000      7803125   2995931.43
  598527.000     1.000000      7803125   3495253.33
  599039.000     1.000000      7803127   4194304.00
  599039.000     1.000000      7803127          inf
#[Mean    =     6103.776, StdDeviation   =    20707.335]
#[Max     =   599039.000, Total count    =      7803127]
#[Buckets =           10, SubBuckets     =         2048]
