       Value   Percentile   TotalCount 1/(1-Percentile)

      90.000     0.000000            1         1.00
    1299.000     0.100000       496678         1.11
    2815.000     0.200000       993216         1.25
    4747.000     0.300000      1489989         1.43
    6823.000     0.400000      1985819         1.67
    8759.000     0.500000      2483643         2.00
    9655.000     0.550000      2732197         2.22
   10519.000     0.600000      2979333         2.50
   11375.000     0.650000      3228136         2.86
   12231.000     0.700000      3475361         3.33
   13127.000     0.750000      3723885         4.00
   13607.000     0.775000      3849202         4.44
   14111.000     0.800000      3972504         5.00
   14663.000     0.825000      4096538         5.71
   15271.000     0.850000      4220695         6.67
   15975.000     0.875000      4344343         8.00
   16383.000     0.887500      4406834         8.89
   16831.000     0.900000      4468517        10.00
   17343.000     0.912500      4530655        11.43
   17935.000     0.925000      4592327        13.33
   18655.000     0.937500      4655473        16.00
   19055.000     0.943750      4685618        17.78
   19519.000     0.950000      4717024        20.00
   20031.000     0.956250      4747645        22.86
   20623.000     0.962500      4778719        26.67
   21327.000     0.968750      4809398        32.00
   21743.000     0.971875      4825196        35.56
   22207.000     0.975000      4840735        40.00
   22735.000     0.978125      4856226        45.71
   23359.000     0.981250      4871683        53.33
   24111.000     0.984375      4886990        64.00
   24575.000     0.985938      4894941        71.11
   25087.000     0.987500      4902557        80.00
   25679.000     0.989062      4910279        91.43
   26383.000     0.990625      4918072       106.67
   27231.000     0.992188      4925704       128.00
   27759.000     0.992969      4929618       142.22
   28399.000     0.993750      4933538       160.00
   29183.000     0.994531      4937359       182.86
   30143.000     0.995313      4941235       213.33
   31359.000     0.996094      4945137       256.00
   32111.000     0.996484      4947061       284.44
   33055.000     0.996875      4949018       320.00
   34207.000     0.997266      4950910       365.71
   35839.000     0.997656      4952846       426.67
   38143.000     0.998047      4954796       512.00
   39487.000     0.998242      4955770       568.89
   40895.000     0.998437      4956732       640.00
   43167.000     0.998633      4957695       731.43
   46047.000     0.998828      4958662       853.33
   49855.000     0.999023      4959632      1024.00
   52383.000     0.999121      4960118      1137.78
   54879.000     0.999219      4960603      1280.00
   57983.000     0.999316      4961096      1462.86
   61023.000     0.999414      4961573      1706.67
   64639.000     0.999512      4962058      2048.00
   66047.000     0.999561      4962299      2275.56
   68735.000     0.999609      4962545      2560.00
   71423.000     0.999658      4962784      2925.71
   74431.000     0.999707      4963030      3413.33
   79039.000     0.999756      4963267      4096.00
   81727.000     0.999780      4963389      4551.11
   84351.000     0.999805      4963510      5120.00
   87487.000     0.999829      4963631      5851.43
   91135.000     0.999854      4963752      6826.67
   94399.000     0.999878      4963880      8192.00
   95871.000     0.999890      4963935      9102.22
   98559.000     0.999902      4963996     10240.00
  100927.000     0.999915      4964059     11702.86
  103039.000     0.999927      4964117     13653.33
  108735.000     0.999939      4964176     16384.00
  110527.000     0.999945      4964207     18204.44
  113791.000     0.999951      4964237     20480.00
  116415.000     0.999957      4964267     23405.71
  118911.000     0.999963      4964300     27306.67
  122239.000     0.999969      4964328     32768.00
  124415.000     0.999973      4964345     36408.89
  125695.000     0.999976      4964358     40960.00
  129087.000     0.999979      4964373     46811.43
  133759.000     0.999982      4964392     54613.33
  136063.000     0.999985      4964404     65536.00
  139135.000     0.999986      4964411     72817.78
  139903.000     0.999988      4964420     81920.00
  143743.000     0.999989      4964428     93622.86
  145791.000     0.999991      4964434    109226.67
  146815.000     0.999992      4964443    131072.00
  147071.000     0.999993      4964445    145635.56
  149375.000     0.999994      4964449    163840.00
  149887.000     0.999995      4964454    187245.71
  151295.000     0.999995      4964457    218453.33
  153215.000     0.999996      4964461    262144.00
  153855.000     0.999997      4964463    291271.11
  154495.000     0.999997      4964465    327680.00
  155007.000     0.999997      4964466    374491.43
  155135.000     0.999998      4964468    436906.67
  156671.000     0.999998      4964470    524288.00
  157439.000     0.999998      4964471    582542.22
  157567.000     0.999998      4964472    655360.00
  157695.000     0.999999      4964473    748982.86
  158335.000     0.999999      4964474    873813.33
  160127.000     0.999999      4964476   1048576.00
  160127.000     0.999999      4964476   1165084.44
  160127.000     0.999999      4964476   1310720.00
  160127.000     0.999999      4964476   1497965.71
  161151.000     0.999999      4964478   1747626.67
  161151.000     1.000000      4964478   2097152.00
  161151.000     1.000000      4964478   2330168.89
  161151.000     1.000000      4964478   2621440.00
  161151.000     1.000000      4964478   2995931.43
  161151.000     1.000000      4964478   3495253.33
  161151.000     1.000000      4964478   4194304.00
  161151.000     1.000000      4964478   4660337.78
  163199.000     1.000000      4964479   5242880.00
  163199.000     1.000000      4964479          inf
#[Mean    =     9082.870, StdDeviation   =     6461.208]
#[Max     =   163199.000, Total count    =      4964479]
#[Buckets =            8, SubBuckets     =         2048]
