       Value   Percentile   TotalCount 1/(1-Percentile)

      57.000     0.000000            2         1.00
      88.000     0.100000       158081         1.11
      94.000     0.200000       340530         1.25
      98.000     0.300000       480837         1.43
     103.000     0.400000       641912         1.67
     108.000     0.500000       798215         2.00
     111.000     0.550000       876902         2.22
     115.000     0.600000       960576         2.50
     119.000     0.650000      1033476         2.86
     123.000     0.700000      1107456         3.33
     128.000     0.750000      1188185         4.00
     131.000     0.775000      1227419         4.44
     134.000     0.800000      1262325         5.00
     138.000     0.825000      1301692         5.71
     143.000     0.850000      1340365         6.67
     149.000     0.875000      1378402         8.00
     152.000     0.887500      1394982         8.89
     156.000     0.900000      1414625        10.00
     161.000     0.912500      1435742        11.43
     166.000     0.925000      1453507        13.33
     173.000     0.937500      1473647        16.00
     176.000     0.943750      1481634        17.78
     181.000     0.950000      1493115        20.00
     185.000     0.956250      1501235        22.86
     191.000     0.962500      1511690        26.67
     198.000     0.968750      1521533        32.00
     202.000     0.971875      1526525        35.56
     206.000     0.975000      1530720        40.00
     211.000     0.978125      1535469        45.71
     217.000     0.981250      1540387        53.33
     224.000     0.984375      1545346        64.00
     228.000     0.985938      1547936        71.11
     232.000     0.987500      1550277        80.00
     237.000     0.989062      1552941        91.43
     242.000     0.990625      1555306       106.67
     248.000     0.992188      1557833       128.00
     251.000     0.992969      1559097       142.22
     253.000     0.993750      1559945       160.00
     257.000     0.994531      1561473       182.86
     260.000     0.995313      1562454       213.33
     265.000     0.996094      1563818       256.00
     267.000     0.996484      1564330       284.44
     270.000     0.996875      1564980       320.00
     273.000     0.997266      1565542       365.71
     276.000     0.997656      1566090       426.67
     280.000     0.998047      1566718       512.00
     282.000     0.998242      1566998       568.89
     285.000     0.998437      1567379       640.00
     287.000     0.998633      1567572       731.43
     291.000     0.998828      1567934       853.33
     295.000     0.999023      1568269      1024.00
     296.000     0.999121      1568343      1137.78
     298.000     0.999219      1568496      1280.00
     301.000     0.999316      1568683      1462.86
     304.000     0.999414      1568841      1706.67
     307.000     0.999512      1568968      2048.00
     309.000     0.999561      1569032      2275.56
     312.000     0.999609      1569134      2560.00
     314.000     0.999658      1569183      2925.71
     317.000     0.999707      1569265      3413.33
     323.000     0.999756      1569338      4096.00
     327.000     0.999780      1569383      4551.11
     330.000     0.999805      1569418      5120.00
     334.000     0.999829      1569451      5851.43
     342.000     0.999854      1569490      6826.67
     351.000     0.999878      1569529      8192.00
     357.000     0.999890      1569546      9102.22
     367.000     0.999902      1569566     10240.00
     373.000     0.999915      1569586     11702.86
     384.000     0.999927      1569604     13653.33
     401.000     0.999939      1569623     16384.00
     411.000     0.999945      1569632     18204.44
     425.000     0.999951      1569642     20480.00
     454.000     0.999957      1569651     23405.71
     477.000     0.999963      1569662     27306.67
     510.000     0.999969      1569671     32768.00
     524.000     0.999973      1569675     36408.89
     554.000     0.999976      1569680     40960.00
     585.000     0.999979      1569685     46811.43
     674.000     0.999982      1569690     54613.33
     981.000     0.999985      1569695     65536.00
    1186.000     0.999986      1569697     72817.78
    1401.000     0.999988      1569699     81920.00
    1548.000     0.999989      1569702     93622.86
    1644.000     0.999991      1569704    109226.67
    1749.000     0.999992      1569707    131072.00
    1798.000     0.999993      1569708    145635.56
    1802.000     0.999994      1569709    163840.00
    1811.000     0.999995      1569710    187245.71
    1824.000     0.999995      1569712    218453.33
    1874.000     0.999996      1569713    262144.00
    1874.000     0.999997      1569713    291271.11
    1879.000     0.999997      1569714    327680.00
    1879.000     0.999997      1569714    374491.43
    1887.000     0.999998      1569715    436906.67
    1896.000     0.999998      1569716    524288.00
    1896.000     0.999998      1569716    582542.22
    1896.000     0.999998      1569716    655360.00
    1896.000     0.999999      1569716    748982.86
    1945.000     0.999999      1569717    873813.33
    1945.000     0.999999      1569717   1048576.00
    1945.000     0.999999      1569717   1165084.44
    1945.000     0.999999      1569717   1310720.00
    1945.000     0.999999      1569717   1497965.71
    1956.000     0.999999      1569718   1747626.67
    1956.000     1.000000      1569718          inf
#[Mean    =      116.861, StdDeviation   =       32.521]
#[Max     =     1956.000, Total count    =      1569718]
#[Buckets =            1, SubBuckets     =         2048]
