       Value   Percentile   TotalCount 1/(1-Percentile)

      51.000     0.000000            1         1.00
      70.000     0.100000       261927         1.11
      73.000     0.200000       523413         1.25
      75.000     0.300000       734870         1.43
      77.000     0.400000       932382         1.67
      79.000     0.500000      1100084         2.00
      81.000     0.550000      1236647         2.22
      83.000     0.600000      1349862         2.50
      85.000     0.650000      1447934         2.86
      88.000     0.700000      1574792         3.33
      91.000     0.750000      1678838         4.00
      92.000     0.775000      1709871         4.44
      94.000     0.800000      1769056         5.00
      96.000     0.825000      1825343         5.71
      98.000     0.850000      1874382         6.67
     101.000     0.875000      1932132         8.00
     103.000     0.887500      1963114         8.89
     105.000     0.900000      1988481        10.00
     107.000     0.912500      2008375        11.43
     111.000     0.925000      2037724        13.33
     116.000     0.937500      2066257        16.00
     118.000     0.943750      2075987        17.78
     121.000     0.950000      2089214        20.00
     125.000     0.956250      2104182        22.86
     129.000     0.962500      2116163        26.67
     135.000     0.968750      2130481        32.00
     139.000     0.971875      2137986        35.56
     143.000     0.975000      2144591        40.00
     147.000     0.978125      2150421        45.71
     153.000     0.981250      2158160        53.33
     159.000     0.984375      2164314        64.00
     163.000     0.985938      2167660        71.11
     168.000     0.987500      2171023        80.00
     174.000     0.989062      2174311        91.43
     182.000     0.990625      2178037       106.67
     191.000     0.992188      2181191       128.00
     197.000     0.992969      2183065       142.22
     203.000     0.993750      2184870       160.00
     208.000     0.994531      2186413       182.86
     213.000     0.995313      2188041       213.33
     218.000     0.996094      2190011       256.00
     220.000     0.996484      2190820       284.44
     222.000     0.996875      2191617       320.00
     224.000     0.997266      2192387       365.71
     227.000     0.997656      2193452       426.67
     229.000     0.998047      2194112       512.00
     231.000     0.998242      2194688       568.89
     233.000     0.998437      2195086       640.00
     235.000     0.998633      2195505       731.43
     237.000     0.998828      2195812       853.33
     240.000     0.999023      2196195      1024.00
     243.000     0.999121      2196480      1137.78
     245.000     0.999219      2196683      1280.00
     247.000     0.999316      2196861      1462.86
     250.000     0.999414      2197098      1706.67
     253.000     0.999512      2197299      2048.00
     255.000     0.999561      2197395      2275.56
     257.000     0.999609      2197499      2560.00
     259.000     0.999658      2197594      2925.71
     262.000     0.999707      2197719      3413.33
     265.000     0.999756      2197806      4096.00
     268.000     0.999780      2197875      4551.11
     271.000     0.999805      2197919      5120.00
     274.000     0.999829      2197967      5851.43
     278.000     0.999854      2198030      6826.67
     281.000     0.999878      2198074      8192.00
     283.000     0.999890      2198107      9102.22
     285.000     0.999902      2198133     10240.00
     287.000     0.999915      2198158     11702.86
     289.000     0.999927      2198181     13653.33
     291.000     0.999939      2198209     16384.00
     293.000     0.999945      2198226     18204.44
     294.000     0.999951      2198238     20480.00
     296.000     0.999957      2198252     23405.71
     297.000     0.999963      2198260     27306.67
     301.000     0.999969      2198273     32768.00
     304.000     0.999973      2198280     36408.89
     311.000     0.999976      2198287     40960.00
     315.000     0.999979      2198294     46811.43
     318.000     0.999982      2198300     54613.33
     328.000     0.999985      2198307     65536.00
     337.000     0.999986      2198310     72817.78
     372.000     0.999988      2198314     81920.00
     403.000     0.999989      2198317     93622.86
     422.000     0.999991      2198320    109226.67
     448.000     0.999992      2198325    131072.00
     448.000     0.999993      2198325    145635.56
     457.000     0.999994      2198327    163840.00
     466.000     0.999995      2198329    187245.71
     468.000     0.999995      2198330    218453.33
     530.000     0.999996      2198333    262144.00
     530.000     0.999997      2198333    291271.11
     531.000     0.999997      2198334    327680.00
     558.000     0.999997      2198335    374491.43
     558.000     0.999998      2198335    436906.67
     560.000     0.999998      2198336    524288.00
     565.000     0.999998      2198337    582542.22
     565.000     0.999998      2198337    655360.00
     580.000     0.999999      2198338    748982.86
     580.000     0.999999      2198338    873813.33
     580.000     0.999999      2198338   1048576.00
     652.000     0.999999      2198339   1165084.44
     652.000     0.999999      2198339   1310720.00
     652.000     0.999999      2198339   1497965.71
     652.000     0.999999      2198339   1747626.67
     652.000     1.000000      2198339   2097152.00
     712.000     1.000000      2198340   2330168.89
     712.000     1.000000      2198340          inf
#[Mean    =       85.468, StdDeviation   =       20.938]
#[Max     =      712.000, Total count    =      2198340]
#[Buckets =            1, SubBuckets     =         2048]
