       Value   Percentile   TotalCount 1/(1-Percentile)

      88.000     0.000000            1         1.00
     110.000     0.100000        17950         1.11
     141.000     0.200000        32242         1.25
     156.000     0.300000        48688         1.43
     183.000     0.400000        66409         1.67
     192.000     0.500000        80329         2.00
     197.000     0.550000        90938         2.22
     198.000     0.600000        96999         2.50
     199.000     0.650000       108385         2.86
     200.000     0.700000       120347         3.33
     200.000     0.750000       120347         4.00
     201.000     0.775000       127297         4.44
     202.000     0.800000       130974         5.00
     203.000     0.825000       133864         5.71
     204.000     0.850000       136483         6.67
     206.000     0.875000       141242         8.00
     207.000     0.887500       143659         8.89
     208.000     0.900000       145925        10.00
     209.000     0.912500       147874        11.43
     210.000     0.925000       149467        13.33
     211.000     0.937500       150800        16.00
     212.000     0.943750       151937        17.78
     213.000     0.950000       152939        20.00
     214.000     0.956250       153786        22.86
     215.000     0.962500       154586        26.67
     217.000     0.968750       155881        32.00
     217.000     0.971875       155881        35.56
     218.000     0.975000       156441        40.00
     219.000     0.978125       156920        45.71
     221.000     0.981250       157618        53.33
     222.000     0.984375       157900        64.00
     223.000     0.985938       158135        71.11
     224.000     0.987500       158373        80.00
     226.000     0.989062       158762        91.43
     227.000     0.990625       158965       106.67
     228.000     0.992188       159121       128.00
     229.000     0.992969       159270       142.22
     230.000     0.993750       159383       160.00
     232.000     0.994531       159569       182.86
     233.000     0.995313       159624       213.33
     235.000     0.996094       159748       256.00
     237.000     0.996484       159829       284.44
     239.000     0.996875       159899       320.00
     241.000     0.997266       159963       365.71
     243.000     0.997656       160021       426.67
     245.000     0.998047       160068       512.00
     246.000     0.998242       160092       568.89
     249.000     0.998437       160123       640.00
     252.000     0.998633       160157       731.43
     256.000     0.998828       160193       853.33
     263.000     0.999023       160218      1024.00
     268.000     0.999121       160240      1137.78
     274.000     0.999219       160251      1280.00
     279.000     0.999316       160266      1462.86
     303.000     0.999414       160280      1706.67
     319.000     0.999512       160297      2048.00
     322.000     0.999561       160303      2275.56
     327.000     0.999609       160311      2560.00
     333.000     0.999658       160319      2925.71
     336.000     0.999707       160327      3413.33
     342.000     0.999756       160335      4096.00
     347.000     0.999780       160338      4551.11
     352.000     0.999805       160342      5120.00
     359.000     0.999829       160347      5851.43
     362.000     0.999854       160350      6826.67
     374.000     0.999878       160355      8192.00
     382.000     0.999890       160356      9102.22
     388.000     0.999902       160358     10240.00
     405.000     0.999915       160360     11702.86
     498.000     0.999927       160362     13653.33
     554.000     0.999939       160364     16384.00
     606.000     0.999945       160365     18204.44
     771.000     0.999951       160366     20480.00
     850.000     0.999957       160367     23405.71
    1202.000     0.999963       160368     27306.67
   18431.000     0.999969       160369     32768.00
   18431.000     0.999973       160369     36408.89
   19823.000     0.999976       160370     40960.00
   19823.000     0.999979       160370     46811.43
   21391.000     0.999982       160371     54613.33
   21391.000     0.999985       160371     65536.00
   21391.000     0.999986       160371     72817.78
   21439.000     0.999988       160372     81920.00
   21439.000     0.999989       160372     93622.86
   21439.000     0.999991       160372    109226.67
   21439.000     0.999992       160372    131072.00
   21439.000     0.999993       160372    145635.56
   22687.000     0.999994       160373    163840.00
   22687.000     1.000000       160373          inf
#[Mean    =      176.012, StdDeviation   =      120.793]
#[Max     =    22687.000, Total count    =       160373]
#[Buckets =            5, SubBuckets     =         2048]
