       Value   Percentile   TotalCount 1/(1-Percentile)

    2399.000     0.000000            1         1.00
    7887.000     0.100000       118796         1.11
    8055.000     0.200000       237058         1.25
    8183.000     0.300000       355376         1.43
    8303.000     0.400000       476186         1.67
    8415.000     0.500000       593414         2.00
    8471.000     0.550000       654378         2.22
    8527.000     0.600000       712038         2.50
    8591.000     0.650000       772739         2.86
    8655.000     0.700000       830791         3.33
    8727.000     0.750000       891082         4.00
    8767.000     0.775000       919185         4.44
    8807.000     0.800000       944649         5.00
    8863.000     0.825000       976053         5.71
    8927.000     0.850000      1006547         6.67
    8999.000     0.875000      1035492         8.00
    9039.000     0.887500      1049346         8.89
    9087.000     0.900000      1063456        10.00
    9143.000     0.912500      1079358        11.43
    9191.000     0.925000      1092339        13.33
    9255.000     0.937500      1108558        16.00
    9287.000     0.943750      1115933        17.78
    9319.000     0.950000      1123042        20.00
    9359.000     0.956250      1130154        22.86
    9399.000     0.962500      1137253        26.67
    9447.000     0.968750      1144322        32.00
    9479.000     0.971875      1148233        35.56
    9511.000     0.975000      1151325        40.00
    9559.000     0.978125      1155197        45.71
    9639.000     0.981250      1158681        53.33
   10007.000     0.984375      1162312        64.00
   10095.000     0.985938      1164232        71.11
   10143.000     0.987500      1166065        80.00
   10183.000     0.989062      1167821        91.43
   10223.000     0.990625      1169969       106.67
   10263.000     0.992188      1171785       128.00
   10279.000     0.992969      1172457       142.22
   10311.000     0.993750      1173613       160.00
   10335.000     0.994531      1174476       182.86
   10367.000     0.995313      1175410       213.33
   10399.000     0.996094      1176162       256.00
   10423.000     0.996484      1176633       284.44
   10463.000     0.996875      1177111       320.00
   10503.000     0.997266      1177541       365.71
   10567.000     0.997656      1177971       426.67
   10647.000     0.998047      1178502       512.00
   10671.000     0.998242      1178681       568.89
   10727.000     0.998437      1178890       640.00
   10775.000     0.998633      1179140       731.43
   10823.000     0.998828      1179382       853.33
   10879.000     0.999023      1179616      1024.00
   10927.000     0.999121      1179712      1137.78
   10975.000     0.999219      1179815      1280.00
   11039.000     0.999316      1179923      1462.86
   11199.000     0.999414      1180047      1706.67
   11367.000     0.999512      1180154      2048.00
   11463.000     0.999561      1180225      2275.56
   11599.000     0.999609      1180273      2560.00
   11783.000     0.999658      1180327      2925.71
   12087.000     0.999707      1180385      3413.33
   12407.000     0.999756      1180442      4096.00
   12567.000     0.999780      1180475      4551.11
   12823.000     0.999805      1180501      5120.00
   12975.000     0.999829      1180530      5851.43
   13071.000     0.999854      1180560      6826.67
   13367.000     0.999878      1180589      8192.00
   13463.000     0.999890      1180601      9102.22
   13503.000     0.999902      1180615     10240.00
   13631.000     0.999915      1180634     11702.86
   13687.000     0.999927      1180645     13653.33
   13711.000     0.999939      1180664     16384.00
   13823.000     0.999945      1180667     18204.44
   13879.000     0.999951      1180675     20480.00
   13887.000     0.999957      1180681     23405.71
   13895.000     0.999963      1180693     27306.67
   14087.000     0.999969      1180697     32768.00
   14095.000     0.999973      1180701     36408.89
   14103.000     0.999976      1180704     40960.00
   14111.000     0.999979      1180707     46811.43
   14271.000     0.999982      1180712     54613.33
   14271.000     0.999985      1180712     65536.00
   14279.000     0.999986      1180717     72817.78
   14279.000     0.999988      1180717     81920.00
   14287.000     0.999989      1180721     93622.86
   14287.000     0.999991      1180721    109226.67
   14287.000     0.999992      1180721    131072.00
   14295.000     0.999993      1180723    145635.56
   14295.000     0.999994      1180723    163840.00
   14343.000     0.999995      1180724    187245.71
   14359.000     0.999995      1180727    218453.33
   14359.000     0.999996      1180727    262144.00
   14359.000     0.999997      1180727    291271.11
   14359.000     0.999997      1180727    327680.00
   14359.000     0.999997      1180727    374491.43
   14367.000     0.999998      1180730    436906.67
   14367.000     1.000000      1180730          inf
#[Mean    =     8459.925, StdDeviation   =      502.868]
#[Max     =    14367.000, Total count    =      1180730]
#[Buckets =            4, SubBuckets     =         2048]
