       Value   Percentile   TotalCount 1/(1-Percentile)

     115.000     0.000000            1         1.00
     607.000     0.100000       849544         1.11
     874.000     0.200000      1697836         1.25
    1185.000     0.300000      2545712         1.43
    1546.000     0.400000      3393209         1.67
    1914.000     0.500000      4241246         2.00
    2093.000     0.550000      4664743         2.22
    2279.000     0.600000      5090220         2.50
    2489.000     0.650000      5513966         2.86
    2749.000     0.700000      5935708         3.33
    3089.000     0.750000      6360635         4.00
    3305.000     0.775000      6572332         4.44
    3567.000     0.800000      6783736         5.00
    3899.000     0.825000      6995030         5.71
    4331.000     0.850000      7206928         6.67
    4907.000     0.875000      7419713         8.00
    5263.000     0.887500      7525632         8.89
    5679.000     0.900000      7630561        10.00
    6183.000     0.912500      7736620        11.43
    6815.000     0.925000      7842994        13.33
    7667.000     0.937500      7948689        16.00
    8223.000     0.943750      8001653        17.78
    8911.000     0.950000      8054491        20.00
    9775.000     0.956250      8107478        22.86
   10951.000     0.962500      8160590        26.67
   12743.000     0.968750      8213511        32.00
   13991.000     0.971875      8239897        35.56
   15631.000     0.975000      8266319        40.00
   17935.000     0.978125      8292879        45.71
   21423.000     0.981250      8319340        53.33
   27935.000     0.984375      8345841        64.00
   32239.000     0.985938      8359074        71.11
   37599.000     0.987500      8372335        80.00
   43903.000     0.989062      8385544        91.43
   56191.000     0.990625      8398802       106.67
   78143.000     0.992188      8412049       128.00
   90047.000     0.992969      8418671       142.22
  104383.000     0.993750      8425291       160.00
  121599.000     0.994531      8431915       182.86
  158591.000     0.995313      8438536       213.33
  191487.000     0.996094      8445170       256.00
  203519.000     0.996484      8448496       284.44
  222335.000     0.996875      8451780       320.00
  242303.000     0.997266      8455100       365.71
  270591.000     0.997656      8458429       426.67
  301823.000     0.998047      8461731       512.00
  314111.000     0.998242      8463371       568.89
  332543.000     0.998437      8465040       640.00
  366847.000     0.998633      8466689       731.43
  402431.000     0.998828      8468347       853.33
  461823.000     0.999023      8469998      1024.00
  488959.000     0.999121      8470822      1137.78
  521727.000     0.999219      8471650      1280.00
  560127.000     0.999316      8472479      1462.86
  604159.000     0.999414      8473307      1706.67
  664063.000     0.999512      8474134      2048.00
  706047.000     0.999561      8474548      2275.56
  729087.000     0.999609      8474968      2560.00
  771071.000     0.999658      8475377      2925.71
  844287.000     0.999707      8475790      3413.33
  918015.000     0.999756      8476204      4096.00
  957951.000     0.999780      8476418      4551.11
  974335.000     0.999805      8476620      5120.00
 1007103.000     0.999829      8476825      5851.43
 1085439.000     0.999854      8477036      6826.67
 1208319.000     0.999878      8477239      8192.00
 1239039.000     0.999890      8477346      9102.22
 1277951.000     0.999902      8477449     10240.00
 1302527.000     0.999915      8477552     11702.86
 1354751.000     0.999927      8477660     13653.33
 1692671.000     0.999939      8477757     16384.00
 1846271.000     0.999945      8477814     18204.44
 1853439.000     0.999951      8477878     20480.00
 1866751.000     0.999957      8477915     23405.71
 1879039.000     0.999963      8477970     27306.67
 2328575.000     0.999969      8478015     32768.00
 2541567.000     0.999973      8478067     36408.89
 2541567.000     0.999976      8478067     40960.00
 2580479.000     0.999979      8478101     46811.43
 2586623.000     0.999982      8478139     54613.33
 2588671.000     0.999985      8478171     65536.00
 2588671.000     0.999986      8478171     72817.78
 2588671.000     0.999988      8478171     81920.00
 2590719.000     0.999989      8478184     93622.86
 2625535.000     0.999991      8478196    109226.67
 2631679.000     0.999992      8478210    131072.00
 2633727.000     0.999993      8478229    145635.56
 2633727.000     0.999994      8478229    163840.00
 2633727.000     0.999995      8478229    187245.71
 2637823.000     0.999995      8478236    218453.33
 2641919.000     0.999996      8478241    262144.00
 2643967.000     0.999997      8478244    291271.11
 2676735.000     0.999997      8478253    327680.00
 2676735.000     0.999997      8478253    374491.43
 2678783.000     0.999998      8478256    436906.67
 2680831.000     0.999998      8478267    524288.00
 2680831.000     0.999998      8478267    582542.22
 2680831.000     0.999998      8478267    655360.00
 2680831.000     0.999999      8478267    748982.86
 2680831.000     0.999999      8478267    873813.33
 2680831.000     0.999999      8478267   1048576.00
 2680831.000     0.999999      8478267   1165084.44
 2680831.000     0.999999      8478267   1310720.00
 2682879.000     0.999999      8478273   1497965.71
 2682879.000     1.000000      8478273          inf
#[Mean    =     4995.725, StdDeviation   =    33838.260]
#[Max     =  2682879.000, Total count    =      8478273]
#[Buckets =           12, SubBuckets     =         2048]
