       Value   Percentile   TotalCount 1/(1-Percentile)

      61.000     0.000000            1         1.00
      85.000     0.100000       167550         1.11
      90.000     0.200000       314093         1.25
      96.000     0.300000       485487         1.43
     102.000     0.400000       648681         1.67
     108.000     0.500000       791537         2.00
     112.000     0.550000       881217         2.22
     115.000     0.600000       945876         2.50
     119.000     0.650000      1025153         2.86
     124.000     0.700000      1106062         3.33
     130.000     0.750000      1178574         4.00
     134.000     0.775000      1216205         4.44
     139.000     0.800000      1257183         5.00
     144.000     0.825000      1293094         5.71
     150.000     0.850000      1331696         6.67
     157.000     0.875000      1371257         8.00
     161.000     0.887500      1391544         8.89
     165.000     0.900000      1409812        10.00
     170.000     0.912500      1429865        11.43
     175.000     0.925000      1447847        13.33
     181.000     0.937500      1466657        16.00
     185.000     0.943750      1478086        17.78
     188.000     0.950000      1486305        20.00
     192.000     0.956250      1496962        22.86
     196.000     0.962500      1507037        26.67
     199.000     0.968750      1514635        32.00
     201.000     0.971875      1519430        35.56
     204.000     0.975000      1525955        40.00
     206.000     0.978125      1529503        45.71
     209.000     0.981250      1534075        53.33
     213.000     0.984375      1539279        64.00
     215.000     0.985938      1541561        71.11
     218.000     0.987500      1544538        80.00
     220.000     0.989062      1546223        91.43
     224.000     0.990625      1549103       106.67
     228.000     0.992188      1551485       128.00
     230.000     0.992969      1552508       142.22
     233.000     0.993750      1553742       160.00
     236.000     0.994531      1554888       182.86
     240.000     0.995313      1556167       213.33
     244.000     0.996094      1557285       256.00
     246.000     0.996484      1557763       284.44
     249.000     0.996875      1558424       320.00
     252.000     0.997266      1559051       365.71
     255.000     0.997656      1559613       426.67
     259.000     0.998047      1560225       512.00
     262.000     0.998242      1560637       568.89
     264.000     0.998437      1560890       640.00
     267.000     0.998633      1561160       731.43
     270.000     0.998828      1561443       853.33
     274.000     0.999023      1561739      1024.00
     277.000     0.999121      1561930      1137.78
     279.000     0.999219      1562045      1280.00
     283.000     0.999316      1562232      1462.86
     286.000     0.999414      1562343      1706.67
     291.000     0.999512      1562523      2048.00
     293.000     0.999561      1562581      2275.56
     296.000     0.999609      1562658      2560.00
     299.000     0.999658      1562726      2925.71
     304.000     0.999707      1562801      3413.33
     311.000     0.999756      1562882      4096.00
     315.000     0.999780      1562915      4551.11
     322.000     0.999805      1562958      5120.00
     330.000     0.999829      1562996      5851.43
     345.000     0.999854      1563030      6826.67
     364.000     0.999878      1563069      8192.00
     380.000     0.999890      1563087      9102.22
     391.000     0.999902      1563107     10240.00
     412.000     0.999915      1563127     11702.86
     435.000     0.999927      1563145     13653.33
     454.000     0.999939      1563163     16384.00
     471.000     0.999945      1563173     18204.44
     479.000     0.999951      1563182     20480.00
     487.000     0.999957      1563192     23405.71
     499.000     0.999963      1563201     27306.67
     517.000     0.999969      1563212     32768.00
     529.000     0.999973      1563216     36408.89
     557.000     0.999976      1563220     40960.00
     592.000     0.999979      1563225     46811.43
     727.000     0.999982      1563230     54613.33
     864.000     0.999985      1563235     65536.00
     976.000     0.999986      1563237     72817.78
    1079.000     0.999988      1563239     81920.00
    1283.000     0.999989      1563242     93622.86
    1484.000     0.999991      1563244    109226.67
    1709.000     0.999992      1563247    131072.00
    1721.000     0.999993      1563248    145635.56
    1737.000     0.999994      1563249    163840.00
    1744.000     0.999995      1563250    187245.71
    1775.000     0.999995      1563251    218453.33
    1873.000     0.999996      1563253    262144.00
    1873.000     0.999997      1563253    291271.11
    1887.000     0.999997      1563254    327680.00
    1887.000     0.999997      1563254    374491.43
    1895.000     0.999998      1563255    436906.67
    1907.000     0.999998      1563256    524288.00
    1907.000     0.999998      1563256    582542.22
    1907.000     0.999998      1563256    655360.00
    1907.000     0.999999      1563256    748982.86
    2057.000     0.999999      1563257    873813.33
    2057.000     0.999999      1563257   1048576.00
    2057.000     0.999999      1563257   1165084.44
    2057.000     0.999999      1563257   1310720.00
    2057.000     0.999999      1563257   1497965.71
    4159.000     0.999999      1563258   1747626.67
    4159.000     1.000000      1563258          inf
#[Mean    =      116.991, StdDeviation   =       33.871]
#[Max     =     4159.000, Total count    =      1563258]
#[Buckets =            3, SubBuckets     =         2048]
