       Value   Percentile   TotalCount 1/(1-Percentile)

    6003.000     0.000000            1         1.00
   10551.000     0.100000        83774         1.11
   10783.000     0.200000       167644         1.25
   10967.000     0.300000       253702         1.43
   11135.000     0.400000       335976         1.67
   11319.000     0.500000       418459         2.00
   11447.000     0.550000       460683         2.22
   11607.000     0.600000       500266         2.50
   11863.000     0.650000       542093         2.86
   12223.000     0.700000       584291         3.33
   12671.000     0.750000       625388         4.00
   12919.000     0.775000       646293         4.44
   13175.000     0.800000       667488         5.00
   13423.000     0.825000       687771         5.71
   13703.000     0.850000       708917         6.67
   13959.000     0.875000       729788         8.00
   14095.000     0.887500       740234         8.89
   14215.000     0.900000       750338        10.00
   14367.000     0.912500       760665        11.43
   14551.000     0.925000       771218        13.33
   14775.000     0.937500       781657        16.00
   14911.000     0.943750       786784        17.78
   15063.000     0.950000       791973        20.00
   15271.000     0.956250       797240        22.86
   15591.000     0.962500       802289        26.67
   15983.000     0.968750       807499        32.00
   16143.000     0.971875       810190        35.56
   16335.000     0.975000       812801        40.00
   16511.000     0.978125       815420        45.71
   16703.000     0.981250       818006        53.33
   16879.000     0.984375       820590        64.00
   17007.000     0.985938       821870        71.11
   17119.000     0.987500       823152        80.00
   17247.000     0.989062       824452        91.43
   17439.000     0.990625       825749       106.67
   17647.000     0.992188       827116       128.00
   17743.000     0.992969       827678       142.22
   17855.000     0.993750       828353       160.00
   17999.000     0.994531       828990       182.86
   18175.000     0.995313       829642       213.33
   18415.000     0.996094       830306       256.00
   18543.000     0.996484       830608       284.44
   18719.000     0.996875       830929       320.00
   18991.000     0.997266       831293       365.71
   19327.000     0.997656       831591       426.67
   20351.000     0.998047       831904       512.00
   20863.000     0.998242       832078       568.89
   21455.000     0.998437       832230       640.00
   22159.000     0.998633       832392       731.43
   23967.000     0.998828       832555       853.33
   25247.000     0.999023       832718      1024.00
   25759.000     0.999121       832799      1137.78
   26271.000     0.999219       832883      1280.00
   26559.000     0.999316       832966      1462.86
   26831.000     0.999414       833050      1706.67
   27023.000     0.999512       833128      2048.00
   27167.000     0.999561       833167      2275.56
   27263.000     0.999609       833207      2560.00
   28095.000     0.999658       833249      2925.71
   28495.000     0.999707       833298      3413.33
   28687.000     0.999756       833331      4096.00
   28751.000     0.999780       833348      4551.11
   28863.000     0.999805       833373      5120.00
   28943.000     0.999829       833391      5851.43
   29023.000     0.999854       833411      6826.67
   29119.000     0.999878       833431      8192.00
   29183.000     0.999890       833444      9102.22
   29215.000     0.999902       833451     10240.00
   29279.000     0.999915       833460     11702.86
   29535.000     0.999927       833471     13653.33
   31263.000     0.999939       833483     16384.00
   31279.000     0.999945       833488     18204.44
   32191.000     0.999951       833492     20480.00
   32895.000     0.999957       833499     23405.71
   40639.000     0.999963       833501     27306.67
   40703.000     0.999969       833510     32768.00
   40703.000     0.999973       833510     36408.89
   40735.000     0.999976       833513     40960.00
   40767.000     0.999979       833517     46811.43
   40767.000     0.999982       833517     54613.33
   40799.000     0.999985       833521     65536.00
   40799.000     0.999986       833521     72817.78
   40799.000     0.999988       833521     81920.00
   40831.000     0.999989       833528     93622.86
   40831.000     0.999991       833528    109226.67
   40831.000     0.999992       833528    131072.00
   40831.000     0.999993       833528    145635.56
   40831.000     0.999994       833528    163840.00
   40831.000     0.999995       833528    187245.71
   40831.000     0.999995       833528    218453.33
   40831.000     0.999996       833528    262144.00
   40863.000     0.999997       833531    291271.11
   40863.000     1.000000       833531          inf
#[Mean    =    11947.553, StdDeviation   =     1673.932]
#[Max     =    40863.000, Total count    =       833531]
#[Buckets =            6, SubBuckets     =         2048]
