       Value   Percentile   TotalCount 1/(1-Percentile)

     567.000     0.000000            1         1.00
   13815.000     0.100000        74324         1.11
   13855.000     0.200000       147060         1.25
   13887.000     0.300000       228090         1.43
   13911.000     0.400000       297046         1.67
   13935.000     0.500000       368679         2.00
   13951.000     0.550000       416336         2.22
   13959.000     0.600000       439100         2.50
   13975.000     0.650000       482661         2.86
   13983.000     0.700000       503106         3.33
   13999.000     0.750000       540777         4.00
   14007.000     0.775000       558067         4.44
   14023.000     0.800000       589422         5.00
   14031.000     0.825000       603296         5.71
   14039.000     0.850000       616415         6.67
   14047.000     0.875000       628395         8.00
   14055.000     0.887500       638809         8.89
   14063.000     0.900000       648733        10.00
   14071.000     0.912500       657865        11.43
   14079.000     0.925000       665783        13.33
   14095.000     0.937500       678726        16.00
   14095.000     0.943750       678726        17.78
   14103.000     0.950000       684304        20.00
   14111.000     0.956250       689093        22.86
   14119.000     0.962500       693194        26.67
   14127.000     0.968750       696888        32.00
   14135.000     0.971875       699642        35.56
   14143.000     0.975000       702035        40.00
   14151.000     0.978125       703930        45.71
   14159.000     0.981250       705553        53.33
   14167.000     0.984375       706872        64.00
   14175.000     0.985938       708038        71.11
   14183.000     0.987500       709091        80.00
   14199.000     0.989062       710637        91.43
   14215.000     0.990625       711916       106.67
   14223.000     0.992188       712457       128.00
   14239.000     0.992969       713356       142.22
   14247.000     0.993750       713674       160.00
   14263.000     0.994531       714374       182.86
   14279.000     0.995313       714990       213.33
   14287.000     0.996094       715312       256.00
   14295.000     0.996484       715532       284.44
   14303.000     0.996875       715794       320.00
   14319.000     0.997266       716142       365.71
   14335.000     0.997656       716400       426.67
   14351.000     0.998047       716679       512.00
   14359.000     0.998242       716770       568.89
   14375.000     0.998437       716952       640.00
   14391.000     0.998633       717113       731.43
   14407.000     0.998828       717224       853.33
   14431.000     0.999023       717350      1024.00
   14447.000     0.999121       717400      1137.78
   14471.000     0.999219       717465      1280.00
   14503.000     0.999316       717547      1462.86
   14543.000     0.999414       717615      1706.67
   14575.000     0.999512       717675      2048.00
   14623.000     0.999561       717711      2275.56
   20079.000     0.999609       717749      2560.00
   21711.000     0.999658       717784      2925.71
   23167.000     0.999707       717818      3413.33
   24559.000     0.999756       717850      4096.00
   25151.000     0.999780       717868      4551.11
   26751.000     0.999805       717885      5120.00
   27551.000     0.999829       717904      5851.43
   27647.000     0.999854       717923      6826.67
   27711.000     0.999878       717941      8192.00
   27727.000     0.999890       717947      9102.22
   27743.000     0.999902       717957     10240.00
   27775.000     0.999915       717968     11702.86
   27807.000     0.999927       717979     13653.33
   27823.000     0.999939       717984     16384.00
   27839.000     0.999945       717987     18204.44
   27855.000     0.999951       717990     20480.00
   27871.000     0.999957       718001     23405.71
   27871.000     0.999963       718001     27306.67
   27903.000     0.999969       718006     32768.00
   27903.000     0.999973       718006     36408.89
   27919.000     0.999976       718010     40960.00
   27919.000     0.999979       718010     46811.43
   27935.000     0.999982       718013     54613.33
   27951.000     0.999985       718016     65536.00
   27951.000     0.999986       718016     72817.78
   27967.000     0.999988       718018     81920.00
   27967.000     0.999989       718018     93622.86
   27983.000     0.999991       718020    109226.67
   27983.000     0.999992       718020    131072.00
   27999.000     0.999993       718022    145635.56
   27999.000     0.999994       718022    163840.00
   27999.000     0.999995       718022    187245.71
   27999.000     0.999995       718022    218453.33
   28047.000     0.999996       718023    262144.00
   28047.000     0.999997       718023    291271.11
   28047.000     0.999997       718023    327680.00
   28111.000     0.999997       718025    374491.43
   28111.000     1.000000       718025          inf
#[Mean    =    13927.864, StdDeviation   =      393.051]
#[Max     =    28111.000, Total count    =       718025]
#[Buckets =            5, SubBuckets     =         2048]
