       Value   Percentile   TotalCount 1/(1-Percentile)

      64.000     0.000000            1         1.00
     540.000     0.100000       581412         1.11
     818.000     0.200000      1163361         1.25
    1139.000     0.300000      1745286         1.43
    1579.000     0.400000      2325532         1.67
    2313.000     0.500000      2906935         2.00
    2943.000     0.550000      3198063         2.22
    3905.000     0.600000      3488510         2.50
    5239.000     0.650000      3779383         2.86
    6727.000     0.700000      4070196         3.33
    8171.000     0.750000      4360392         4.00
    8871.000     0.775000      4505894         4.44
    9567.000     0.800000      4651694         5.00
   10271.000     0.825000      4797009         5.71
   10999.000     0.850000      4942582         6.67
   11775.000     0.875000      5087825         8.00
   12191.000     0.887500      5160467         8.89
   12631.000     0.900000      5232355        10.00
   13119.000     0.912500      5305648        11.43
   13647.000     0.925000      5378143        13.33
   14239.000     0.937500      5450334        16.00
   14575.000     0.943750      5487147        17.78
   14927.000     0.950000      5522930        20.00
   15327.000     0.956250      5559640        22.86
   15775.000     0.962500      5596087        26.67
   16287.000     0.968750      5632028        32.00
   16575.000     0.971875      5650374        35.56
   16895.000     0.975000      5668892        40.00
   17247.000     0.978125      5686945        45.71
   17647.000     0.981250      5705093        53.33
   18111.000     0.984375      5723205        64.00
   18367.000     0.985938      5732140        71.11
   18655.000     0.987500      5741165        80.00
   18975.000     0.989062      5750261        91.43
   19327.000     0.990625      5759156       106.67
   19759.000     0.992188      5768152       128.00
   20015.000     0.992969      5772884       142.22
   20271.000     0.993750      5777251       160.00
   20575.000     0.994531      5781906       182.86
   20911.000     0.995313      5786334       213.33
   21311.000     0.996094      5790821       256.00
   21551.000     0.996484      5793207       284.44
   21807.000     0.996875      5795431       320.00
   22079.000     0.997266      5797648       365.71
   22399.000     0.997656      5799923       426.67
   22767.000     0.998047      5802171       512.00
   22975.000     0.998242      5803303       568.89
   23231.000     0.998437      5804499       640.00
   23487.000     0.998633      5805594       731.43
   23775.000     0.998828      5806703       853.33
   24159.000     0.999023      5807881      1024.00
   24351.000     0.999121      5808411      1137.78
   24575.000     0.999219      5808989      1280.00
   24831.000     0.999316      5809540      1462.86
   25135.000     0.999414      5810114      1706.67
   25487.000     0.999512      5810670      2048.00
   25711.000     0.999561      5810977      2275.56
   25919.000     0.999609      5811256      2560.00
   26127.000     0.999658      5811522      2925.71
   26447.000     0.999707      5811814      3413.33
   26799.000     0.999756      5812089      4096.00
   27039.000     0.999780      5812235      4551.11
   27327.000     0.999805      5812376      5120.00
   27663.000     0.999829      5812520      5851.43
   28143.000     0.999854      5812662      6826.67
   28687.000     0.999878      5812798      8192.00
   29103.000     0.999890      5812870      9102.22
   29935.000     0.999902      5812942     10240.00
   30991.000     0.999915      5813012     11702.86
   32383.000     0.999927      5813082     13653.33
   33727.000     0.999939      5813153     16384.00
   35935.000     0.999945      5813190     18204.44
   37983.000     0.999951      5813224     20480.00
   41631.000     0.999957      5813260     23405.71
   44895.000     0.999963      5813295     27306.67
   46399.000     0.999969      5813330     32768.00
   46783.000     0.999973      5813348     36408.89
   47807.000     0.999976      5813366     40960.00
   48479.000     0.999979      5813383     46811.43
   49183.000     0.999982      5813401     54613.33
   49759.000     0.999985      5813420     65536.00
   50143.000     0.999986      5813428     72817.78
   50495.000     0.999988      5813437     81920.00
   50943.000     0.999989      5813445     93622.86
   51167.000     0.999991      5813454    109226.67
   51807.000     0.999992      5813463    131072.00
   52191.000     0.999993      5813468    145635.56
   52479.000     0.999994      5813473    163840.00
   52575.000     0.999995      5813476    187245.71
   52863.000     0.999995      5813481    218453.33
   53279.000     0.999996      5813485    262144.00
   53951.000     0.999997      5813488    291271.11
   54367.000     0.999997      5813490    327680.00
   54495.000     0.999997      5813492    374491.43
   55647.000     0.999998      5813494    436906.67
   59167.000     0.999998      5813496    524288.00
   64639.000     0.999998      5813498    582542.22
   65791.000     0.999998      5813499    655360.00
   65855.000     0.999999      5813500    748982.86
   66047.000     0.999999      5813501    873813.33
   66111.000     0.999999      5813502   1048576.00
   66495.000     0.999999      5813503   1165084.44
   66495.000     0.999999      5813503   1310720.00
   66623.000     0.999999      5813505   1497965.71
   66623.000     0.999999      5813505   1747626.67
   66623.000     1.000000      5813505   2097152.00
   66623.000     1.000000      5813505   2330168.89
   66623.000     1.000000      5813505   2621440.00
   66751.000     1.000000      5813506   2995931.43
   66751.000     1.000000      5813506   3495253.33
   66751.000     1.000000      5813506   4194304.00
   66751.000     1.000000      5813506   4660337.78
   66751.000     1.000000      5813506   5242880.00
   66815.000     1.000000      5813507   5991862.86
   66815.000     1.000000      5813507          inf
#[Mean    =     4835.700, StdDeviation   =     5018.025]
#[Max     =    66815.000, Total count    =      5813507]
#[Buckets =            7, SubBuckets     =         2048]
