       Value   Percentile   TotalCount 1/(1-Percentile)

    5095.000     0.000000            1         1.00
  136447.000     0.100000         8367         1.11
  136575.000     0.200000        15005         1.25
  136703.000     0.300000        22889         1.43
  136959.000     0.400000        32073         1.67
  137087.000     0.500000        36820         2.00
  137215.000     0.550000        42757         2.22
  137343.000     0.600000        49906         2.50
  137343.000     0.650000        49906         2.86
  137471.000     0.700000        56711         3.33
  137471.000     0.750000        56711         4.00
  137471.000     0.775000        56711         4.44
  137599.000     0.800000        60916         5.00
  137599.000     0.825000        60916         5.71
  137727.000     0.850000        63607         6.67
  137855.000     0.875000        64915         8.00
  137855.000     0.887500        64915         8.89
  138111.000     0.900000        65589        10.00
  138751.000     0.912500        66801        11.43
  138879.000     0.925000        67682        13.33
  139007.000     0.937500        69006        16.00
  139007.000     0.943750        69006        17.78
  139135.000     0.950000        70431        20.00
  139135.000     0.956250        70431        22.86
  139135.000     0.962500        70431        26.67
  139263.000     0.968750        71340        32.00
  139263.000     0.971875        71340        35.56
  139263.000     0.975000        71340        40.00
  139263.000     0.978125        71340        45.71
  139391.000     0.981250        71973        53.33
  139391.000     0.984375        71973        64.00
  139391.000     0.985938        71973        71.11
  139391.000     0.987500        71973        80.00
  139519.000     0.989062        72362        91.43
  139519.000     0.990625        72362       106.67
  139519.000     0.992188        72362       128.00
  139519.000     0.992969        72362       142.22
  139519.000     0.993750        72362       160.00
  139647.000     0.994531        72533       182.86
  139647.000     0.995313        72533       213.33
  139647.000     0.996094        72533       256.00
  139647.000     0.996484        72533       284.44
  140287.000     0.996875        72569       320.00
  140415.000     0.997266        72595       365.71
  140671.000     0.997656        72649       426.67
  140671.000     0.998047        72649       512.00
  140799.000     0.998242        72670       568.89
  140927.000     0.998437        72680       640.00
  141055.000     0.998633        72698       731.43
  141183.000     0.998828        72712       853.33
  141311.000     0.999023        72727      1024.00
  141311.000     0.999121        72727      1137.78
  142975.000     0.999219        72734      1280.00
  143103.000     0.999316        72743      1462.86
  143743.000     0.999414        72745      1706.67
  143871.000     0.999512        72751      2048.00
  144511.000     0.999561        72764      2275.56
  144511.000     0.999609        72764      2560.00
  144511.000     0.999658        72764      2925.71
  144639.000     0.999707        72770      3413.33
  144639.000     0.999756        72770      4096.00
  145791.000     0.999780        72771      4551.11
  145919.000     0.999805        72777      5120.00
  145919.000     0.999829        72777      5851.43
  145919.000     0.999854        72777      6826.67
  146815.000     0.999878        72782      8192.00
  146815.000     0.999890        72782      9102.22
  146815.000     0.999902        72782     10240.00
  146815.000     0.999915        72782     11702.86
  146815.000     0.999927        72782     13653.33
  146815.000     0.999939        72782     16384.00
  146943.000     0.999945        72786     18204.44
  146943.000     1.000000        72786          inf
#[Mean    =   136446.488, StdDeviation   =     7595.663]
#[Max     =   146943.000, Total count    =        72786]
#[Buckets =            8, SubBuckets     =         2048]
