       Value   Percentile   TotalCount 1/(1-Percentile)

      73.000     0.000000            1         1.00
     661.000     0.100000       268427         1.11
    1984.000     0.200000       536953         1.25
    4103.000     0.300000       805419         1.43
    6555.000     0.400000      1073762         1.67
    9735.000     0.500000      1342416         2.00
   12071.000     0.550000      1476619         2.22
   15671.000     0.600000      1610621         2.50
   22415.000     0.650000      1744930         2.86
   33151.000     0.700000      1879258         3.33
   45727.000     0.750000      2013197         4.00
   53503.000     0.775000      2080395         4.44
   60287.000     0.800000      2147435         5.00
   66495.000     0.825000      2214842         5.71
   72191.000     0.850000      2281914         6.67
   77823.000     0.875000      2349438         8.00
   80575.000     0.887500      2382821         8.89
   83583.000     0.900000      2415887        10.00
   86975.000     0.912500      2449506        11.43
   90815.000     0.925000      2483193        13.33
   95167.000     0.937500      2516783        16.00
   97471.000     0.943750      2533474        17.78
  100223.000     0.950000      2550044        20.00
  103487.000     0.956250      2567061        22.86
  107071.000     0.962500      2583697        26.67
  111423.000     0.968750      2600342        32.00
  113791.000     0.971875      2608840        35.56
  116351.000     0.975000      2617160        40.00
  119487.000     0.978125      2625638        45.71
  123135.000     0.981250      2633954        53.33
  127231.000     0.984375      2642387        64.00
  129407.000     0.985938      2646572        71.11
  131711.000     0.987500      2650697        80.00
  133887.000     0.989062      2654996        91.43
  136191.000     0.990625      2659155       106.67
  138751.000     0.992188      2663251       128.00
  140287.000     0.992969      2665388       142.22
  142207.000     0.993750      2667547       160.00
  144383.000     0.994531      2669609       182.86
  147199.000     0.995313      2671715       213.33
  150399.000     0.996094      2673820       256.00
  152191.000     0.996484      2674822       284.44
  154367.000     0.996875      2675870       320.00
  156799.000     0.997266      2676913       365.71
  159487.000     0.997656      2677955       426.67
  162303.000     0.998047      2678987       512.00
  163967.000     0.998242      2679539       568.89
  165631.000     0.998437      2680042       640.00
  167807.000     0.998633      2680580       731.43
  169983.000     0.998828      2681083       853.33
  172671.000     0.999023      2681609      1024.00
  174207.000     0.999121      2681879      1137.78
  175743.000     0.999219      2682132      1280.00
  177535.000     0.999316      2682388      1462.86
  179583.000     0.999414      2682654      1706.67
  181759.000     0.999512      2682916      2048.00
  182911.000     0.999561      2683055      2275.56
  184063.000     0.999609      2683180      2560.00
  185343.000     0.999658      2683309      2925.71
  187007.000     0.999707      2683442      3413.33
  188671.000     0.999756      2683570      4096.00
  189567.000     0.999780      2683633      4551.11
  190719.000     0.999805      2683696      5120.00
  192127.000     0.999829      2683767      5851.43
  193535.000     0.999854      2683829      6826.67
  194943.000     0.999878      2683896      8192.00
  195583.000     0.999890      2683925      9102.22
  196479.000     0.999902      2683962     10240.00
  198143.000     0.999915      2683994     11702.86
  199295.000     0.999927      2684024     13653.33
  200575.000     0.999939      2684056     16384.00
  201343.000     0.999945      2684072     18204.44
  201983.000     0.999951      2684089     20480.00
  203263.000     0.999957      2684106     23405.71
  204031.000     0.999963      2684122     27306.67
  204671.000     0.999969      2684141     32768.00
  205055.000     0.999973      2684146     36408.89
  205951.000     0.999976      2684154     40960.00
  206335.000     0.999979      2684163     46811.43
  207231.000     0.999982      2684170     54613.33
  208639.000     0.999985      2684179     65536.00
  209023.000     0.999986      2684183     72817.78
  209535.000     0.999988      2684187     81920.00
  210687.000     0.999989      2684191     93622.86
  210943.000     0.999991      2684197    109226.67
  211455.000     0.999992      2684199    131072.00
  211967.000     0.999993      2684201    145635.56
  212223.000     0.999994      2684203    163840.00
  213247.000     0.999995      2684206    187245.71
  215039.000     0.999995      2684208    218453.33
  216191.000     0.999996      2684209    262144.00
  216319.000     0.999997      2684210    291271.11
  216831.000     0.999997      2684211    327680.00
  217215.000     0.999997      2684212    374491.43
  217727.000     0.999998      2684213    436906.67
  218623.000     0.999998      2684214    524288.00
  218879.000     0.999998      2684215    582542.22
  218879.000     0.999998      2684215    655360.00
  219007.000     0.999999      2684218    748982.86
  219007.000     0.999999      2684218    873813.33
  219007.000     0.999999      2684218   1048576.00
  219007.000     0.999999      2684218   1165084.44
  219007.000     0.999999      2684218   1310720.00
  219007.000     0.999999      2684218   1497965.71
  219007.000     0.999999      2684218   1747626.67
  219007.000     1.000000      2684218   2097152.00
  219007.000     1.000000      2684218   2330168.89
  219007.000     1.000000      2684218   2621440.00
  219135.000     1.000000      2684219   2995931.43
  219135.000     1.000000      2684219          inf
#[Mean    =    27794.322, StdDeviation   =    34981.755]
#[Max     =   219135.000, Total count    =      2684219]
#[Buckets =            8, SubBuckets     =         2048]
