       Value   Percentile   TotalCount 1/(1-Percentile)

     492.000     0.000000            1         1.00
   80703.000     0.100000        34549         1.11
  103231.000     0.200000        69095         1.25
  108927.000     0.300000       103627         1.43
  130111.000     0.400000       137920         1.67
  205567.000     0.500000       172433         2.00
  211455.000     0.550000       189758         2.22
  218751.000     0.600000       207031         2.50
  231935.000     0.650000       224104         2.86
  266751.000     0.700000       241392         3.33
  306431.000     0.750000       258778         4.00
  312319.000     0.775000       267483         4.44
  318463.000     0.800000       275933         5.00
  327679.000     0.825000       284511         5.71
  334079.000     0.850000       293297         6.67
  355583.000     0.875000       301702         8.00
  397567.000     0.900000       310297        10.00
  416255.000     0.912500       314671        11.43
  426239.000     0.925000       318956        13.33
  438527.000     0.937500       323348        16.00
  443135.000     0.943750       325489        17.78
  450815.000     0.950000       327549        20.00
  467711.000     0.956250       329698        22.86
  482559.000     0.962500       331846        26.67
  501759.000     0.968750       334004        32.00
  510975.000     0.971875       335071        35.56
  520959.000     0.975000       336166        40.00
  530431.000     0.978125       337325        45.71
  536575.000     0.981250       338332        53.33
  545791.000     0.984375       339453        64.00
  550399.000     0.987500       340527        80.00
  554495.000     0.989063       341052        91.43
  562175.000     0.990625       341548       106.67
  575487.000     0.992188       342111       128.00
  591359.000     0.993750       342636       160.00
  601599.000     0.994531       342883       182.86
  612351.000     0.995313       343152       213.33
  626175.000     0.996094       343423       256.00
  634367.000     0.996484       343557       284.44
  645631.000     0.996875       343701       320.00
  655871.000     0.997266       343825       365.71
  662015.000     0.997656       343959       426.67
  668671.000     0.998047       344100       512.00
  672255.000     0.998242       344167       568.89
  686079.000     0.998437       344231       640.00
  698367.000     0.998633       344298       731.43
  728575.000     0.998828       344364       853.33
  749055.000     0.999023       344432      1024.00
  752639.000     0.999121       344477      1137.78
  754687.000     0.999219       344498      1280.00
  780287.000     0.999316       344532      1462.86
  801279.000     0.999414       344565      1706.67
  829439.000     0.999512       344601      2048.00
  842239.000     0.999561       344616      2275.56
  860159.000     0.999609       344633      2560.00
  881663.000     0.999658       344651      2925.71
  896511.000     0.999707       344667      3413.33
  908287.000     0.999756       344684      4096.00
  924671.000     0.999805       344701      5120.00
  931839.000     0.999829       344709      5851.43
  950271.000     0.999854       344718      6826.67
  958975.000     0.999878       344725      8192.00
  973311.000     0.999902       344734     10240.00
  979967.000     0.999915       344741     11702.86
  980479.000     0.999927       344743     13653.33
  985087.000     0.999939       344747     16384.00
 1021951.000     0.999951       344751     20480.00
 1026047.000     0.999957       344754     23405.71
 1050623.000     0.999963       344755     27306.67
 1091583.000     0.999969       344761     32768.00
 1091583.000     0.999973       344761     36408.89
 1091583.000     0.999976       344761     40960.00
 1091583.000     0.999979       344761     46811.43
 1091583.000     0.999982       344761     54613.33
 1112063.000     0.999985       344763     65536.00
 1112063.000     0.999986       344763     72817.78
 1112063.000     0.999988       344763     81920.00
 1134591.000     0.999989       344767     93622.86
 1134591.000     1.000000       344767          inf
#[Mean    =   210498.928, StdDeviation   =   129276.347]
#[Max     =  1134591.000, Total count    =       344767]
#[Buckets =           11, SubBuckets     =         2048]
