       Value   Percentile   TotalCount 1/(1-Percentile)

     118.000     0.000000            2         1.00
     763.000     0.100000      1006112         1.11
    1109.000     0.200000      2012016         1.25
    1417.000     0.300000      3014820         1.43
    1775.000     0.400000      4020187         1.67
    2343.000     0.500000      5026324         2.00
    2773.000     0.550000      5526495         2.22
    3395.000     0.600000      6029234         2.50
    4335.000     0.650000      6531719         2.86
    5591.000     0.700000      7034431         3.33
    7259.000     0.750000      7536717         4.00
    8359.000     0.775000      7788778         4.44
    9607.000     0.800000      8039097         5.00
   11007.000     0.825000      8290976         5.71
   12591.000     0.850000      8541498         6.67
   14431.000     0.875000      8792374         8.00
   15495.000     0.887500      8918046         8.89
   16687.000     0.900000      9043769        10.00
   18015.000     0.912500      9168957        11.43
   19583.000     0.925000      9295066        13.33
   21423.000     0.937500      9421034        16.00
   22479.000     0.943750      9483140        17.78
   23663.000     0.950000      9545899        20.00
   25007.000     0.956250      9608929        22.86
   26559.000     0.962500      9671548        26.67
   28415.000     0.968750      9734334        32.00
   29487.000     0.971875      9765559        35.56
   30735.000     0.975000      9796911        40.00
   32175.000     0.978125      9828581        45.71
   33855.000     0.981250      9859842        53.33
   35903.000     0.984375      9891137        64.00
   37151.000     0.985938      9906858        71.11
   38591.000     0.987500      9922629        80.00
   40351.000     0.989062      9938460        91.43
   42431.000     0.990625      9954013       106.67
   45119.000     0.992188      9969770       128.00
   46719.000     0.992969      9977455       142.22
   48639.000     0.993750      9985302       160.00
   51039.000     0.994531      9993146       182.86
   53983.000     0.995313     10001046       213.33
   57599.000     0.996094     10008900       256.00
   59743.000     0.996484     10012780       284.44
   62271.000     0.996875     10016711       320.00
   65311.000     0.997266     10020630       365.71
   68991.000     0.997656     10024578       426.67
   75647.000     0.998047     10028473       512.00
   80831.000     0.998242     10030445       568.89
   89407.000     0.998437     10032397       640.00
  102143.000     0.998633     10034366       731.43
  119359.000     0.998828     10036321       853.33
  163455.000     0.999023     10038284      1024.00
  183679.000     0.999121     10039265      1137.78
  230143.000     0.999219     10040246      1280.00
  252927.000     0.999316     10041234      1462.86
  308991.000     0.999414     10042210      1706.67
  362751.000     0.999512     10043192      2048.00
  378879.000     0.999561     10043683      2275.56
  400383.000     0.999609     10044174      2560.00
  483327.000     0.999658     10044662      2925.71
  614399.000     0.999707     10045153      3413.33
  827391.000     0.999756     10045643      4096.00
  892927.000     0.999780     10045890      4551.11
 1123327.000     0.999805     10046142      5120.00
 1513471.000     0.999829     10046380      5851.43
 1574911.000     0.999854     10046625      6826.67
 1594367.000     0.999878     10046871      8192.00
 1616895.000     0.999890     10046993      9102.22
 1655807.000     0.999902     10047115     10240.00
 1899519.000     0.999915     10047239     11702.86
 2113535.000     0.999927     10047366     13653.33
 2160639.000     0.999939     10047483     16384.00
 2258943.000     0.999945     10047545     18204.44
 2340863.000     0.999951     10047608     20480.00
 2359295.000     0.999957     10047673     23405.71
 2437119.000     0.999963     10047729     27306.67
 2908159.000     0.999969     10047790     32768.00
 3102719.000     0.999973     10047828     36408.89
 3106815.000     0.999976     10047862     40960.00
 3219455.000     0.999979     10047882     46811.43
 3231743.000     0.999982     10047915     54613.33
 3297279.000     0.999985     10047944     65536.00
 3440639.000     0.999986     10047959     72817.78
 3446783.000     0.999988     10047975     81920.00
 3649535.000     0.999989     10047989     93622.86
 3842047.000     0.999991     10048008    109226.67
 3887103.000     0.999992     10048020    131072.00
 4003839.000     0.999993     10048028    145635.56
 4077567.000     0.999994     10048035    163840.00
 4083711.000     0.999995     10048045    187245.71
 4087807.000     0.999995     10048052    218453.33
 4089855.000     0.999996     10048064    262144.00
 4089855.000     0.999997     10048064    291271.11
 4091903.000     0.999997     10048090    327680.00
 4091903.000     0.999997     10048090    374491.43
 4091903.000     0.999998     10048090    436906.67
 4091903.000     0.999998     10048090    524288.00
 4091903.000     0.999998     10048090    582542.22
 4091903.000     0.999998     10048090    655360.00
 4091903.000     0.999999     10048090    748982.86
 4091903.000     0.999999     10048090    873813.33
 4091903.000     0.999999     10048090   1048576.00
 4091903.000     0.999999     10048090   1165084.44
 4091903.000     0.999999     10048090   1310720.00
 4091903.000     0.999999     10048090   1497965.71
 4093951.000     0.999999     10048096   1747626.67
 4093951.000     1.000000     10048096          inf
#[Mean    =     6759.009, StdDeviation   =    33712.794]
#[Max     =  4093951.000, Total count    =     10048096]
#[Buckets =           12, SubBuckets     =         2048]
