       Value   Percentile   TotalCount 1/(1-Percentile)

      98.000     0.000000            1         1.00
     647.000     0.100000       756823         1.11
     943.000     0.200000      1510827         1.25
    1254.000     0.300000      2265149         1.43
    1610.000     0.400000      3019027         1.67
    2019.000     0.500000      3774625         2.00
    2229.000     0.550000      4151431         2.22
    2443.000     0.600000      4528447         2.50
    2671.000     0.650000      4905524         2.86
    2937.000     0.700000      5284406         3.33
    3273.000     0.750000      5661686         4.00
    3483.000     0.775000      5849345         4.44
    3737.000     0.800000      6038775         5.00
    4049.000     0.825000      6226670         5.71
    4455.000     0.850000      6415787         6.67
    4991.000     0.875000      6603796         8.00
    5327.000     0.887500      6698838         8.89
    5719.000     0.900000      6792309        10.00
    6203.000     0.912500      6887160        11.43
    6795.000     0.925000      6980867        13.33
    7579.000     0.937500      7075183        16.00
    8079.000     0.943750      7122319        17.78
    8695.000     0.950000      7169529        20.00
    9479.000     0.956250      7216937        22.86
   10535.000     0.962500      7263981        26.67
   12143.000     0.968750      7311077        32.00
   13295.000     0.971875      7334611        35.56
   14959.000     0.975000      7358202        40.00
   17567.000     0.978125      7381836        45.71
   22863.000     0.981250      7405320        53.33
   31823.000     0.984375      7428905        64.00
   37631.000     0.985938      7440705        71.11
   45087.000     0.987500      7452504        80.00
   54527.000     0.989062      7464263        91.43
   67263.000     0.990625      7476070       106.67
   82495.000     0.992188      7487882       128.00
   89855.000     0.992969      7493779       142.22
   97983.000     0.993750      7499653       160.00
  110399.000     0.994531      7505543       182.86
  126399.000     0.995313      7511435       213.33
  145151.000     0.996094      7517346       256.00
  160255.000     0.996484      7520308       284.44
  174975.000     0.996875      7523223       320.00
  193407.000     0.997266      7526186       365.71
  214143.000     0.997656      7529133       426.67
  240127.000     0.998047      7532065       512.00
  260351.000     0.998242      7533545       568.89
  276735.000     0.998437      7535029       640.00
  297471.000     0.998633      7536490       731.43
  318975.000     0.998828      7537978       853.33
  338175.000     0.999023      7539451      1024.00
  354303.000     0.999121      7540196      1137.78
  374015.000     0.999219      7540918      1280.00
  396287.000     0.999316      7541652      1462.86
  438015.000     0.999414      7542391      1706.67
  476415.000     0.999512      7543125      2048.00
  511743.000     0.999561      7543494      2275.56
  547327.000     0.999609      7543862      2560.00
  578047.000     0.999658      7544230      2925.71
  595455.000     0.999707      7544596      3413.33
  675839.000     0.999756      7544962      4096.00
  715263.000     0.999780      7545150      4551.11
  750079.000     0.999805      7545338      5120.00
  773119.000     0.999829      7545517      5851.43
  823295.000     0.999854      7545699      6826.67
  983039.000     0.999878      7545884      8192.00
 1016831.000     0.999890      7545976      9102.22
 1032703.000     0.999902      7546070     10240.00
 1057791.000     0.999915      7546162     11702.86
 1082367.000     0.999927      7546262     13653.33
 1086463.000     0.999939      7546346     16384.00
 1090559.000     0.999945      7546393     18204.44
 1093631.000     0.999951      7546449     20480.00
 1098751.000     0.999957      7546497     23405.71
 1116159.000     0.999963      7546540     27306.67
 1121279.000     0.999969      7546584     32768.00
 1175551.000     0.999973      7546598     36408.89
 1219583.000     0.999976      7546622     40960.00
 1223679.000     0.999979      7546643     46811.43
 1332223.000     0.999982      7546667     54613.33
 1668095.000     0.999985      7546695     65536.00
 1669119.000     0.999986      7546703     72817.78
 1671167.000     0.999988      7546716     81920.00
 1673215.000     0.999989      7546724     93622.86
 1872895.000     0.999991      7546749    109226.67
 1872895.000     0.999992      7546749    131072.00
 1873919.000     0.999993      7546779    145635.56
 1873919.000     0.999994      7546779    163840.00
 1873919.000     0.999995      7546779    187245.71
 1873919.000     0.999995      7546779    218453.33
 1873919.000     0.999996      7546779    262144.00
 1873919.000     0.999997      7546779    291271.11
 1874943.000     0.999997      7546794    327680.00
 1874943.000     0.999997      7546794    374491.43
 1874943.000     0.999998      7546794    436906.67
 1874943.000     0.999998      7546794    524288.00
 1874943.000     0.999998      7546794    582542.22
 1874943.000     0.999998      7546794    655360.00
 1874943.000     0.999999      7546794    748982.86
 1875967.000     0.999999      7546798    873813.33
 1875967.000     0.999999      7546798   1048576.00
 1875967.000     0.999999      7546798   1165084.44
 1876991.000     0.999999      7546800   1310720.00
 1876991.000     0.999999      7546800   1497965.71
 1876991.000     0.999999      7546800   1747626.67
 1878015.000     1.000000      7546804   2097152.00
 1878015.000     1.000000      7546804          inf
#[Mean    =     4691.694, StdDeviation   =    24924.709]
#[Max     =  1878015.000, Total count    =      7546804]
#[Buckets =           11, SubBuckets     =         2048]
