       Value   Percentile   TotalCount 1/(1-Percentile)

     109.000     0.000000            1         1.00
     871.000     0.100000       864254         1.11
    1115.000     0.200000      1729481         1.25
    1344.000     0.300000      2593511         1.43
    1595.000     0.400000      3457079         1.67
    1892.000     0.500000      4321832         2.00
    2069.000     0.550000      4753223         2.22
    2279.000     0.600000      5188000         2.50
    2533.000     0.650000      5619692         2.86
    2861.000     0.700000      6049384         3.33
    3317.000     0.750000      6482177         4.00
    3623.000     0.775000      6698367         4.44
    4005.000     0.800000      6913394         5.00
    4511.000     0.825000      7130273         5.71
    5211.000     0.850000      7345918         6.67
    6243.000     0.875000      7561761         8.00
    6983.000     0.887500      7669591         8.89
    7967.000     0.900000      7777600        10.00
    9295.000     0.912500      7885656        11.43
   11087.000     0.925000      7993825        13.33
   13415.000     0.937500      8101846        16.00
   14831.000     0.943750      8155642        17.78
   16527.000     0.950000      8210088        20.00
   18463.000     0.956250      8263647        22.86
   20831.000     0.962500      8317719        26.67
   23775.000     0.968750      8371688        32.00
   25615.000     0.971875      8398701        35.56
   27743.000     0.975000      8425777        40.00
   30271.000     0.978125      8452731        45.71
   33375.000     0.981250      8479680        53.33
   37375.000     0.984375      8506719        64.00
   39775.000     0.985938      8520228        71.11
   42623.000     0.987500      8533757        80.00
   45919.000     0.989062      8547284        91.43
   49503.000     0.990625      8560788       106.67
   54239.000     0.992188      8574279       128.00
   56831.000     0.992969      8580951       142.22
   60031.000     0.993750      8587744       160.00
   63487.000     0.994531      8594509       182.86
   67391.000     0.995313      8601249       213.33
   72063.000     0.996094      8608021       256.00
   75071.000     0.996484      8611365       284.44
   79103.000     0.996875      8614756       320.00
   83647.000     0.997266      8618116       365.71
   90367.000     0.997656      8621466       426.67
   97727.000     0.998047      8624841       512.00
  101695.000     0.998242      8626541       568.89
  105663.000     0.998437      8628231       640.00
  111935.000     0.998633      8629902       731.43
  118783.000     0.998828      8631598       853.33
  127935.000     0.999023      8633282      1024.00
  133375.000     0.999121      8634121      1137.78
  141823.000     0.999219      8634968      1280.00
  155647.000     0.999316      8635806      1462.86
  175487.000     0.999414      8636651      1706.67
  205823.000     0.999512      8637493      2048.00
  227967.000     0.999561      8637920      2275.56
  240767.000     0.999609      8638337      2560.00
  250495.000     0.999658      8638760      2925.71
  330751.000     0.999707      8639182      3413.33
  376831.000     0.999756      8639604      4096.00
  407039.000     0.999780      8639817      4551.11
  435967.000     0.999805      8640034      5120.00
  495103.000     0.999829      8640236      5851.43
 1078271.000     0.999854      8640446      6826.67
 1419263.000     0.999878      8640658      8192.00
 1456127.000     0.999890      8640763      9102.22
 1619967.000     0.999902      8640873     10240.00
 1635327.000     0.999915      8640979     11702.86
 1736703.000     0.999927      8641079     13653.33
 2224127.000     0.999939      8641187     16384.00
 2355199.000     0.999945      8641247     18204.44
 2519039.000     0.999951      8641291     20480.00
 3381247.000     0.999957      8641355     23405.71
 3530751.000     0.999963      8641397     27306.67
 5197823.000     0.999969      8641451     32768.00
 6209535.000     0.999973      8641490     36408.89
 6356991.000     0.999976      8641541     40960.00
 6356991.000     0.999979      8641541     46811.43
 6361087.000     0.999982      8641565     54613.33
 7737343.000     0.999985      8641582     65536.00
 7966719.000     0.999986      8641594     72817.78
 8179711.000     0.999988      8641621     81920.00
 8179711.000     0.999989      8641621     93622.86
 8183807.000     0.999991      8641644    109226.67
 9682943.000     0.999992      8641660    131072.00
 9682943.000     0.999993      8641660    145635.56
 9682943.000     0.999994      8641660    163840.00
 9699327.000     0.999995      8641674    187245.71
 9699327.000     0.999995      8641674    218453.33
 9707519.000     0.999996      8641692    262144.00
 9707519.000     0.999997      8641692    291271.11
 9707519.000     0.999997      8641692    327680.00
 9707519.000     0.999997      8641692    374491.43
 9707519.000     0.999998      8641692    436906.67
 9732095.000     0.999998      8641697    524288.00
 9732095.000     0.999998      8641697    582542.22
 9740287.000     0.999998      8641710    655360.00
 9740287.000     0.999999      8641710    748982.86
 9740287.000     0.999999      8641710    873813.33
 9740287.000     0.999999      8641710   1048576.00
 9740287.000     0.999999      8641710   1165084.44
 9740287.000     0.999999      8641710   1310720.00
 9740287.000     0.999999      8641710   1497965.71
 9740287.000     0.999999      8641710   1747626.67
 9740287.000     1.000000      8641710   2097152.00
 9740287.000     1.000000      8641710   2330168.89
 9740287.000     1.000000      8641710   2621440.00
 9740287.000     1.000000      8641710   2995931.43
 9740287.000     1.000000      8641710   3495253.33
 9740287.000     1.000000      8641710   4194304.00
 9740287.000     1.000000      8641710   4660337.78
 9740287.000     1.000000      8641710   5242880.00
 9740287.000     1.000000      8641710   5991862.86
 9740287.000     1.000000      8641710   6990506.67
 9740287.000     1.000000      8641710   8388608.00
 9748479.000     1.000000      8641711   9320675.55
 9748479.000     1.000000      8641711          inf
#[Mean    =     4862.580, StdDeviation   =    49679.197]
#[Max     =  9748479.000, Total count    =      8641711]
#[Buckets =           14, SubBuckets     =         2048]
