       Value   Percentile   TotalCount 1/(1-Percentile)

      83.000     0.000000            1         1.00
     300.000     0.100000       973721         1.11
     661.000     0.200000      1941787         1.25
    1634.000     0.300000      2912064         1.43
    2599.000     0.400000      3884130         1.67
    3761.000     0.500000      4854343         2.00
    4619.000     0.550000      5340476         2.22
    5735.000     0.600000      5824418         2.50
    7175.000     0.650000      6310378         2.86
    8903.000     0.700000      6796426         3.33
   11023.000     0.750000      7280188         4.00
   12215.000     0.775000      7522858         4.44
   13519.000     0.800000      7765655         5.00
   14943.000     0.825000      8009116         5.71
   16527.000     0.850000      8251632         6.67
   18287.000     0.875000      8494483         8.00
   19279.000     0.887500      8615837         8.89
   20351.000     0.900000      8736435        10.00
   21551.000     0.912500      8857727        11.43
   22895.000     0.925000      8979813        13.33
   24415.000     0.937500      9100583        16.00
   25279.000     0.943750      9161220        17.78
   26223.000     0.950000      9221741        20.00
   27263.000     0.956250      9282316        22.86
   28463.000     0.962500      9343272        26.67
   29839.000     0.968750      9403505        32.00
   30639.000     0.971875      9433603        35.56
   31567.000     0.975000      9464392        40.00
   32591.000     0.978125      9494431        45.71
   33759.000     0.981250      9524849        53.33
   35231.000     0.984375      9555307        64.00
   36095.000     0.985938      9570161        71.11
   37151.000     0.987500      9585343        80.00
   38399.000     0.989062      9600642        91.43
   39935.000     0.990625      9615817       106.67
   41823.000     0.992188      9630823       128.00
   43039.000     0.992969      9638466       142.22
   44479.000     0.993750      9645969       160.00
   46239.000     0.994531      9653585       182.86
   48319.000     0.995313      9661138       213.33
   51103.000     0.996094      9668677       256.00
   52607.000     0.996484      9672536       284.44
   54271.000     0.996875      9676303       320.00
   56223.000     0.997266      9680072       365.71
   58431.000     0.997656      9683855       426.67
   61375.000     0.998047      9687632       512.00
   63167.000     0.998242      9689550       568.89
   65247.000     0.998437      9691445       640.00
   67647.000     0.998633      9693322       731.43
   70463.000     0.998828      9695228       853.33
   73983.000     0.999023      9697131      1024.00
   76863.000     0.999121      9698068      1137.78
   81663.000     0.999219      9699009      1280.00
   88255.000     0.999316      9699956      1462.86
   98047.000     0.999414      9700903      1706.67
  108735.000     0.999512      9701850      2048.00
  116031.000     0.999561      9702324      2275.56
  121215.000     0.999609      9702798      2560.00
  126911.000     0.999658      9703272      2925.71
  135935.000     0.999707      9703746      3413.33
  187263.000     0.999756      9704219      4096.00
  194687.000     0.999780      9704455      4551.11
  260479.000     0.999805      9704692      5120.00
  336639.000     0.999829      9704933      5851.43
  371199.000     0.999854      9705166      6826.67
  384511.000     0.999878      9705409      8192.00
  386815.000     0.999890      9705527      9102.22
  391935.000     0.999902      9705640     10240.00
  548863.000     0.999915      9705759     11702.86
  567295.000     0.999927      9705880     13653.33
  577023.000     0.999939      9705999     16384.00
  580607.000     0.999945      9706063     18204.44
  582655.000     0.999951      9706118     20480.00
  585727.000     0.999957      9706181     23405.71
  587263.000     0.999963      9706241     27306.67
  589311.000     0.999969      9706295     32768.00
  591359.000     0.999973      9706321     36408.89
  593407.000     0.999976      9706356     40960.00
  594431.000     0.999979      9706380     46811.43
  595967.000     0.999982      9706418     54613.33
  597503.000     0.999985      9706452     65536.00
  598015.000     0.999986      9706465     72817.78
  598527.000     0.999988      9706477     81920.00
  599039.000     0.999989      9706489     93622.86
  599551.000     0.999991      9706508    109226.67
  600063.000     0.999992      9706522    131072.00
  600063.000     0.999993      9706522    145635.56
  600575.000     0.999994      9706533    163840.00
  601087.000     0.999995      9706542    187245.71
  601599.000     0.999995      9706548    218453.33
  602111.000     0.999996      9706564    262144.00
  602111.000     0.999997      9706564    291271.11
  602111.000     0.999997      9706564    327680.00
  602111.000     0.999997      9706564    374491.43
  602623.000     0.999998      9706571    436906.67
  602623.000     0.999998      9706571    524288.00
  602623.000     0.999998      9706571    582542.22
  603135.000     0.999998      9706583    655360.00
  603135.000     0.999999      9706583    748982.86
  603135.000     0.999999      9706583    873813.33
  603135.000     0.999999      9706583   1048576.00
  603135.000     0.999999      9706583   1165084.44
  603135.000     0.999999      9706583   1310720.00
  603135.000     0.999999      9706583   1497965.71
  603135.000     0.999999      9706583   1747626.67
  603135.000     1.000000      9706583   2097152.00
  603135.000     1.000000      9706583   2330168.89
  603647.000     1.000000      9706587   2621440.00
  603647.000     1.000000      9706587          inf
#[Mean    =     7666.340, StdDeviation   =    11499.589]
#[Max     =   603647.000, Total count    =      9706587]
#[Buckets =           10, SubBuckets     =         2048]
