       Value   Percentile   TotalCount 1/(1-Percentile)

     686.000     0.000000            1         1.00
   13479.000     0.100000        79120         1.11
   13535.000     0.200000       147823         1.25
   13583.000     0.300000       221493         1.43
   13631.000     0.400000       306307         1.67
   13663.000     0.500000       373564         2.00
   13679.000     0.550000       409959         2.22
   13695.000     0.600000       443129         2.50
   13719.000     0.650000       490036         2.86
   13735.000     0.700000       522722         3.33
   13751.000     0.750000       553792         4.00
   13759.000     0.775000       568374         4.44
   13775.000     0.800000       594972         5.00
   13783.000     0.825000       608154         5.71
   13799.000     0.850000       631778         6.67
   13807.000     0.875000       642583         8.00
   13815.000     0.887500       652116         8.89
   13823.000     0.900000       661309        10.00
   13831.000     0.912500       669917        11.43
   13847.000     0.925000       684526        13.33
   13855.000     0.937500       690750        16.00
   13863.000     0.943750       697150        17.78
   13863.000     0.950000       697150        20.00
   13871.000     0.956250       703212        22.86
   13879.000     0.962500       707886        26.67
   13887.000     0.968750       712011        32.00
   13895.000     0.971875       715584        35.56
   13895.000     0.975000       715584        40.00
   13903.000     0.978125       718734        45.71
   13911.000     0.981250       721362        53.33
   13919.000     0.984375       723283        64.00
   13919.000     0.985938       723283        71.11
   13927.000     0.987500       724767        80.00
   13935.000     0.989062       726078        91.43
   13943.000     0.990625       727337       106.67
   13943.000     0.992188       727337       128.00
   13951.000     0.992969       728324       142.22
   13959.000     0.993750       729009       160.00
   13967.000     0.994531       730004       182.86
   13967.000     0.995313       730004       213.33
   13975.000     0.996094       730740       256.00
   13975.000     0.996484       730740       284.44
   13975.000     0.996875       730740       320.00
   13983.000     0.997266       731231       365.71
   13991.000     0.997656       731433       426.67
   13999.000     0.998047       731664       512.00
   14007.000     0.998242       731855       568.89
   14015.000     0.998437       732067       640.00
   14015.000     0.998633       732067       731.43
   14023.000     0.998828       732309       853.33
   14023.000     0.999023       732309      1024.00
   14031.000     0.999121       732494      1137.78
   14031.000     0.999219       732494      1280.00
   14039.000     0.999316       732635      1462.86
   14039.000     0.999414       732635      1706.67
   14047.000     0.999512       732777      2048.00
   14047.000     0.999561       732777      2275.56
   14047.000     0.999609       732777      2560.00
   14047.000     0.999658       732777      2925.71
   14055.000     0.999707       732822      3413.33
   14071.000     0.999756       732841      4096.00
   14103.000     0.999780       732866      4551.11
   23183.000     0.999805       732877      5120.00
   24047.000     0.999829       732896      5851.43
   24383.000     0.999854       732913      6826.67
   26895.000     0.999878       732930      8192.00
   26991.000     0.999890       732940      9102.22
   27071.000     0.999902       732948     10240.00
   27247.000     0.999915       732959     11702.86
   27327.000     0.999927       732966     13653.33
   27391.000     0.999939       732977     16384.00
   27407.000     0.999945       732982     18204.44
   27455.000     0.999951       732992     20480.00
   27455.000     0.999957       732992     23405.71
   27471.000     0.999963       732993     27306.67
   27519.000     0.999969       733001     32768.00
   27519.000     0.999973       733001     36408.89
   27535.000     0.999976       733004     40960.00
   27535.000     0.999979       733004     46811.43
   27567.000     0.999982       733007     54613.33
   27583.000     0.999985       733012     65536.00
   27583.000     0.999986       733012     72817.78
   27583.000     0.999988       733012     81920.00
   27583.000     0.999989       733012     93622.86
   27599.000     0.999991       733013    109226.67
   27615.000     0.999992       733014    131072.00
   27615.000     0.999993       733014    145635.56
   27631.000     0.999994       733015    163840.00
   27647.000     0.999995       733017    187245.71
   27647.000     0.999995       733017    218453.33
   27647.000     0.999996       733017    262144.00
   27647.000     0.999997       733017    291271.11
   27647.000     0.999997       733017    327680.00
   27679.000     0.999997       733019    374491.43
   27679.000     1.000000       733019          inf
#[Mean    =    13641.505, StdDeviation   =      374.460]
#[Max     =    27679.000, Total count    =       733019]
#[Buckets =            5, SubBuckets     =         2048]
