       Value   Percentile   TotalCount 1/(1-Percentile)

     115.000     0.000000            1         1.00
     375.000     0.100000       334657         1.11
     469.000     0.200000       670070         1.25
     628.000     0.300000      1003012         1.43
    1918.000     0.400000      1335711         1.67
    7611.000     0.500000      1669767         2.00
    9751.000     0.550000      1836894         2.22
   12911.000     0.600000      2003591         2.50
   18591.000     0.650000      2170842         2.86
   24975.000     0.700000      2337695         3.33
   29519.000     0.750000      2504497         4.00
   35167.000     0.775000      2588078         4.44
   37055.000     0.800000      2672826         5.00
   40863.000     0.825000      2755012         5.71
   44959.000     0.850000      2839106         6.67
   49695.000     0.875000      2922338         8.00
   51871.000     0.887500      2963638         8.89
   55999.000     0.900000      3005418        10.00
   58495.000     0.912500      3047649        11.43
   63967.000     0.925000      3088871        13.33
   77503.000     0.937500      3130748        16.00
   85375.000     0.943750      3151579        17.78
   93439.000     0.950000      3172430        20.00
  105279.000     0.956250      3193199        22.86
  114559.000     0.962500      3214119        26.67
  127551.000     0.968750      3234928        32.00
  136575.000     0.971875      3245448        35.56
  143871.000     0.975000      3255875        40.00
  152191.000     0.978125      3266381        45.71
  159999.000     0.981250      3276754        53.33
  168703.000     0.984375      3287119        64.00
  174207.000     0.985938      3292328        71.11
  181503.000     0.987500      3297539        80.00
  187647.000     0.989062      3302779        91.43
  193279.000     0.990625      3308019       106.67
  200575.000     0.992188      3313208       128.00
  204159.000     0.992969      3315878       142.22
  208511.000     0.993750      3318415       160.00
  213247.000     0.994531      3321026       182.86
  218111.000     0.995313      3323652       213.33
  225791.000     0.996094      3326248       256.00
  231551.000     0.996484      3327548       284.44
  236031.000     0.996875      3328841       320.00
  240639.000     0.997266      3330163       365.71
  245631.000     0.997656      3331447       426.67
  252159.000     0.998047      3332749       512.00
  256127.000     0.998242      3333412       568.89
  261759.000     0.998437      3334053       640.00
  268031.000     0.998633      3334720       731.43
  281343.000     0.998828      3335358       853.33
  294911.000     0.999023      3336041      1024.00
  297471.000     0.999121      3336341      1137.78
  303103.000     0.999219      3336669      1280.00
  306943.000     0.999316      3336989      1462.86
  313855.000     0.999414      3337316      1706.67
  318719.000     0.999512      3337661      2048.00
  320255.000     0.999561      3337811      2275.56
  322047.000     0.999609      3337977      2560.00
  323583.000     0.999658      3338131      2925.71
  325631.000     0.999707      3338310      3413.33
  327935.000     0.999756      3338469      4096.00
  329471.000     0.999780      3338542      4551.11
  331263.000     0.999805      3338623      5120.00
  333055.000     0.999829      3338705      5851.43
  334847.000     0.999854      3338787      6826.67
  336383.000     0.999878      3338876      8192.00
  337151.000     0.999890      3338915      9102.22
  338175.000     0.999902      3338946     10240.00
  342527.000     0.999915      3338991     11702.86
  344319.000     0.999927      3339033     13653.33
  345855.000     0.999939      3339068     16384.00
  347391.000     0.999945      3339088     18204.44
  348927.000     0.999951      3339107     20480.00
  350463.000     0.999957      3339128     23405.71
  352511.000     0.999963      3339151     27306.67
  355839.000     0.999969      3339169     32768.00
  356863.000     0.999973      3339179     36408.89
  361471.000     0.999976      3339189     40960.00
  367103.000     0.999979      3339199     46811.43
  369919.000     0.999982      3339209     54613.33
  377343.000     0.999985      3339220     65536.00
  379647.000     0.999986      3339225     72817.78
  382463.000     0.999988      3339230     81920.00
  385023.000     0.999989      3339235     93622.86
  386559.000     0.999991      3339240    109226.67
  387839.000     0.999992      3339245    131072.00
  393471.000     0.999993      3339248    145635.56
  401663.000     0.999994      3339250    163840.00
  408063.000     0.999995      3339253    187245.71
  411135.000     0.999995      3339255    218453.33
  415999.000     0.999996      3339258    262144.00
  417791.000     0.999997      3339259    291271.11
  418047.000     0.999997      3339260    327680.00
  418815.000     0.999997      3339263    374491.43
  418815.000     0.999998      3339263    436906.67
  419583.000     0.999998      3339264    524288.00
  420095.000     0.999998      3339265    582542.22
  420095.000     0.999998      3339265    655360.00
  420863.000     0.999999      3339267    748982.86
  420863.000     0.999999      3339267    873813.33
  420863.000     0.999999      3339267   1048576.00
  422143.000     0.999999      3339269   1165084.44
  422143.000     0.999999      3339269   1310720.00
  422143.000     0.999999      3339269   1497965.71
  422143.000     0.999999      3339269   1747626.67
  422143.000     1.000000      3339269   2097152.00
  422143.000     1.000000      3339269   2330168.89
  422143.000     1.000000      3339269   2621440.00
  422143.000     1.000000      3339269   2995931.43
  422399.000     1.000000      3339270   3495253.33
  422399.000     1.000000      3339270          inf
#[Mean    =    22243.989, StdDeviation   =    37277.225]
#[Max     =   422399.000, Total count    =      3339270]
#[Buckets =            9, SubBuckets     =         2048]
