       Value   Percentile   TotalCount 1/(1-Percentile)

      51.000     0.000000            1         1.00
      69.000     0.100000       280506         1.11
      71.000     0.200000       457635         1.25
      74.000     0.300000       759506         1.43
      76.000     0.400000       943365         1.67
      79.000     0.500000      1171562         2.00
      81.000     0.550000      1298634         2.22
      83.000     0.600000      1411731         2.50
      85.000     0.650000      1516910         2.86
      87.000     0.700000      1617228         3.33
      89.000     0.750000      1711789         4.00
      90.000     0.775000      1755847         4.44
      92.000     0.800000      1835627         5.00
      93.000     0.825000      1871746         5.71
      95.000     0.850000      1935209         6.67
      97.000     0.875000      1989197         8.00
      98.000     0.887500      2012585         8.89
     100.000     0.900000      2053049        10.00
     101.000     0.912500      2070369        11.43
     103.000     0.925000      2100004        13.33
     105.000     0.937500      2123648        16.00
     107.000     0.943750      2142522        17.78
     109.000     0.950000      2158076        20.00
     111.000     0.956250      2171023        22.86
     113.000     0.962500      2181361        26.67
     116.000     0.968750      2194089        32.00
     118.000     0.971875      2201045        35.56
     121.000     0.975000      2210037        40.00
     123.000     0.978125      2215527        45.71
     126.000     0.981250      2223072        53.33
     129.000     0.984375      2230445        64.00
     130.000     0.985938      2232787        71.11
     132.000     0.987500      2237205        80.00
     134.000     0.989062      2241104        91.43
     136.000     0.990625      2244458       106.67
     138.000     0.992188      2247240       128.00
     139.000     0.992969      2248376       142.22
     141.000     0.993750      2250450       160.00
     143.000     0.994531      2252335       182.86
     145.000     0.995313      2253854       213.33
     148.000     0.996094      2255811       256.00
     149.000     0.996484      2256352       284.44
     151.000     0.996875      2257253       320.00
     153.000     0.997266      2258133       365.71
     156.000     0.997656      2259172       426.67
     158.000     0.998047      2259754       512.00
     160.000     0.998242      2260303       568.89
     162.000     0.998437      2260741       640.00
     164.000     0.998633      2261093       731.43
     167.000     0.998828      2261617       853.33
     170.000     0.999023      2262017      1024.00
     172.000     0.999121      2262249      1137.78
     174.000     0.999219      2262458      1280.00
     176.000     0.999316      2262687      1462.86
     178.000     0.999414      2262871      1706.67
     181.000     0.999512      2263106      2048.00
     182.000     0.999561      2263165      2275.56
     184.000     0.999609      2263295      2560.00
     186.000     0.999658      2263396      2925.71
     189.000     0.999707      2263533      3413.33
     192.000     0.999756      2263622      4096.00
     193.000     0.999780      2263669      4551.11
     195.000     0.999805      2263732      5120.00
     197.000     0.999829      2263784      5851.43
     199.000     0.999854      2263829      6826.67
     202.000     0.999878      2263882      8192.00
     204.000     0.999890      2263922      9102.22
     205.000     0.999902      2263939     10240.00
     207.000     0.999915      2263967     11702.86
     210.000     0.999927      2264002     13653.33
     212.000     0.999939      2264025     16384.00
     214.000     0.999945      2264040     18204.44
     216.000     0.999951      2264052     20480.00
     219.000     0.999957      2264065     23405.71
     222.000     0.999963      2264075     27306.67
     224.000     0.999969      2264088     32768.00
     229.000     0.999973      2264095     36408.89
     232.000     0.999976      2264103     40960.00
     237.000     0.999979      2264112     46811.43
     240.000     0.999982      2264116     54613.33
     245.000     0.999985      2264123     65536.00
     249.000     0.999986      2264126     72817.78
     260.000     0.999988      2264130     81920.00
     393.000     0.999989      2264133     93622.86
     466.000     0.999991      2264137    109226.67
     560.000     0.999992      2264140    131072.00
     605.000     0.999993      2264142    145635.56
     630.000     0.999994      2264144    163840.00
     634.000     0.999995      2264145    187245.71
     644.000     0.999995      2264147    218453.33
     663.000     0.999996      2264149    262144.00
     664.000     0.999997      2264150    291271.11
     666.000     0.999997      2264151    327680.00
     666.000     0.999997      2264151    374491.43
     690.000     0.999998      2264152    436906.67
     701.000     0.999998      2264153    524288.00
     724.000     0.999998      2264155    582542.22
     724.000     0.999998      2264155    655360.00
     724.000     0.999999      2264155    748982.86
     724.000     0.999999      2264155    873813.33
     724.000     0.999999      2264155   1048576.00
     753.000     0.999999      2264156   1165084.44
     753.000     0.999999      2264156   1310720.00
     753.000     0.999999      2264156   1497965.71
     753.000     0.999999      2264156   1747626.67
     753.000     1.000000      2264156   2097152.00
     824.000     1.000000      2264157   2330168.89
     824.000     1.000000      2264157          inf
#[Mean    =       82.505, StdDeviation   =       14.528]
#[Max     =      824.000, Total count    =      2264157]
#[Buckets =            1, SubBuckets     =         2048]
