       Value   Percentile   TotalCount 1/(1-Percentile)

      47.000     0.000000            2         1.00
      62.000     0.100000        45238         1.11
      76.000     0.200000        55767         1.25
      82.000     0.300000        85749         1.43
      99.000     0.400000       111638         1.67
     102.000     0.500000       156319         2.00
     102.000     0.550000       156319         2.22
     106.000     0.600000       169225         2.50
     116.000     0.650000       181270         2.86
     126.000     0.700000       197239         3.33
     127.000     0.750000       211813         4.00
     128.000     0.775000       226560         4.44
     128.000     0.800000       226560         5.00
     129.000     0.825000       245389         5.71
     129.000     0.850000       245389         6.67
     129.000     0.875000       245389         8.00
     130.000     0.887500       256274         8.89
     130.000     0.900000       256274        10.00
     130.000     0.912500       256274        11.43
     131.000     0.925000       260075        13.33
     132.000     0.937500       262498        16.00
     133.000     0.943750       264635        17.78
     134.000     0.950000       266671        20.00
     134.000     0.956250       266671        22.86
     135.000     0.962500       268565        26.67
     136.000     0.968750       270254        32.00
     137.000     0.971875       271564        35.56
     138.000     0.975000       272592        40.00
     138.000     0.978125       272592        45.71
     139.000     0.981250       273502        53.33
     140.000     0.984375       274299        64.00
     141.000     0.985938       274983        71.11
     142.000     0.987500       275442        80.00
     143.000     0.989062       275759        91.43
     145.000     0.990625       276141       106.67
     148.000     0.992188       276449       128.00
     152.000     0.992969       276694       142.22
     155.000     0.993750       276874       160.00
     164.000     0.994531       277097       182.86
     168.000     0.995313       277348       213.33
     170.000     0.996094       277544       256.00
     171.000     0.996484       277703       284.44
     172.000     0.996875       277851       320.00
     172.000     0.997266       277851       365.71
     174.000     0.997656       278028       426.67
     175.000     0.998047       278065       512.00
     178.000     0.998242       278130       568.89
     182.000     0.998437       278180       640.00
     188.000     0.998633       278231       731.43
     199.000     0.998828       278285       853.33
     205.000     0.999023       278340      1024.00
     208.000     0.999121       278364      1137.78
     211.000     0.999219       278391      1280.00
     219.000     0.999316       278417      1462.86
     226.000     0.999414       278444      1706.67
     228.000     0.999512       278481      2048.00
     229.000     0.999561       278499      2275.56
     229.000     0.999609       278499      2560.00
     231.000     0.999658       278513      2925.71
     239.000     0.999707       278526      3413.33
     246.000     0.999756       278542      4096.00
     247.000     0.999780       278548      4551.11
     250.000     0.999805       278553      5120.00
     255.000     0.999829       278560      5851.43
     261.000     0.999854       278567      6826.67
     264.000     0.999878       278573      8192.00
     267.000     0.999890       278580      9102.22
     267.000     0.999902       278580     10240.00
     268.000     0.999915       278584     11702.86
     269.000     0.999927       278587     13653.33
     271.000     0.999939       278592     16384.00
     271.000     0.999945       278592     18204.44
     273.000     0.999951       278595     20480.00
     274.000     0.999957       278596     23405.71
     278.000     0.999963       278597     27306.67
     280.000     0.999969       278599     32768.00
     281.000     0.999973       278600     36408.89
     285.000     0.999976       278601     40960.00
     296.000     0.999979       278602     46811.43
     296.000     0.999982       278602     54613.33
     311.000     0.999985       278603     65536.00
     371.000     0.999986       278604     72817.78
     371.000     0.999988       278604     81920.00
     386.000     0.999989       278605     93622.86
     386.000     0.999991       278605    109226.67
     386.000     0.999992       278605    131072.00
     407.000     0.999993       278606    145635.56
     407.000     0.999994       278606    163840.00
     407.000     0.999995       278606    187245.71
     407.000     0.999995       278606    218453.33
     407.000     0.999996       278606    262144.00
     587.000     0.999997       278607    291271.11
     587.000     1.000000       278607          inf
#[Mean    =      100.671, StdDeviation   =       26.247]
#[Max     =      587.000, Total count    =       278607]
#[Buckets =            1, SubBuckets     =         2048]
