       Value   Percentile   TotalCount 1/(1-Percentile)

     123.000     0.000000            1         1.00
    2805.000     0.100000       286553         1.11
    5975.000     0.200000       573092         1.25
    9431.000     0.300000       859725         1.43
   12543.000     0.400000      1146056         1.67
   15879.000     0.500000      1432655         2.00
   17855.000     0.550000      1576330         2.22
   19999.000     0.600000      1719913         2.50
   22479.000     0.650000      1862634         2.86
   25679.000     0.700000      2005998         3.33
   29791.000     0.750000      2148895         4.00
   32079.000     0.775000      2220642         4.44
   34783.000     0.800000      2292602         5.00
   38015.000     0.825000      2364304         5.71
   42335.000     0.850000      2435772         6.67
   48351.000     0.875000      2507282         8.00
   51295.000     0.887500      2542949         8.89
   54175.000     0.900000      2578854        10.00
   57183.000     0.912500      2614469        11.43
   61023.000     0.925000      2650500        13.33
   68415.000     0.937500      2686049        16.00
   75967.000     0.943750      2703957        17.78
   85567.000     0.950000      2721927        20.00
  113535.000     0.956250      2739789        22.86
  125823.000     0.962500      2757727        26.67
  137343.000     0.968750      2775584        32.00
  142207.000     0.971875      2784571        35.56
  145791.000     0.975000      2793661        40.00
  150911.000     0.978125      2802545        45.71
  157311.000     0.981250      2811494        53.33
  162431.000     0.984375      2820440        64.00
  164991.000     0.985938      2824920        71.11
  168191.000     0.987500      2829391        80.00
  173055.000     0.989062      2833785        91.43
  181119.000     0.990625      2838282       106.67
  187775.000     0.992188      2842789       128.00
  191487.000     0.992969      2845014       142.22
  196223.000     0.993750      2847251       160.00
  199807.000     0.994531      2849507       182.86
  202751.000     0.995313      2851788       213.33
  205311.000     0.996094      2853937       256.00
  206847.000     0.996484      2855136       284.44
  208383.000     0.996875      2856220       320.00
  210303.000     0.997266      2857322       365.71
  212863.000     0.997656      2858412       426.67
  216319.000     0.998047      2859533       512.00
  217983.000     0.998242      2860096       568.89
  220287.000     0.998437      2860651       640.00
  222847.000     0.998633      2861211       731.43
  225919.000     0.998828      2861770       853.33
  230015.000     0.999023      2862314      1024.00
  232575.000     0.999121      2862596      1137.78
  236159.000     0.999219      2862874      1280.00
  240383.000     0.999316      2863154      1462.86
  244735.000     0.999414      2863440      1706.67
  250879.000     0.999512      2863715      2048.00
  254975.000     0.999561      2863853      2275.56
  258303.000     0.999609      2863994      2560.00
  261759.000     0.999658      2864134      2925.71
  266495.000     0.999707      2864273      3413.33
  271871.000     0.999756      2864413      4096.00
  276223.000     0.999780      2864487      4551.11
  279551.000     0.999805      2864565      5120.00
  284159.000     0.999829      2864622      5851.43
  289279.000     0.999854      2864692      6826.67
  294143.000     0.999878      2864763      8192.00
  297727.000     0.999890      2864798      9102.22
  301567.000     0.999902      2864834     10240.00
  304383.000     0.999915      2864871     11702.86
  308479.000     0.999927      2864905     13653.33
  313599.000     0.999939      2864937     16384.00
  314623.000     0.999945      2864954     18204.44
  318207.000     0.999951      2864978     20480.00
  319999.000     0.999957      2864989     23405.71
  323583.000     0.999963      2865007     27306.67
  325119.000     0.999969      2865024     32768.00
  328447.000     0.999973      2865033     36408.89
  333055.000     0.999976      2865042     40960.00
  338687.000     0.999979      2865051     46811.43
  347647.000     0.999982      2865059     54613.33
  351743.000     0.999985      2865068     65536.00
  355327.000     0.999986      2865073     72817.78
  357887.000     0.999988      2865081     81920.00
  357887.000     0.999989      2865081     93622.86
  359935.000     0.999991      2865085    109226.67
  361471.000     0.999992      2865090    131072.00
  362239.000     0.999993      2865092    145635.56
  363007.000     0.999994      2865094    163840.00
  363775.000     0.999995      2865096    187245.71
  364799.000     0.999995      2865098    218453.33
  365567.000     0.999996      2865101    262144.00
  368383.000     0.999997      2865102    291271.11
  369151.000     0.999997      2865104    327680.00
  369151.000     0.999997      2865104    374491.43
  370943.000     0.999998      2865105    436906.67
  372991.000     0.999998      2865106    524288.00
  375551.000     0.999998      2865107    582542.22
  375551.000     0.999998      2865107    655360.00
  377599.000     0.999999      2865108    748982.86
  377599.000     0.999999      2865108    873813.33
  379391.000     0.999999      2865109   1048576.00
  379391.000     0.999999      2865109   1165084.44
  379391.000     0.999999      2865109   1310720.00
  380927.000     0.999999      2865111   1497965.71
  380927.000     1.000000      2865111          inf
#[Mean    =    25928.229, StdDeviation   =    33614.885]
#[Max     =   380927.000, Total count    =      2865111]
#[Buckets =            9, SubBuckets     =         2048]
