       Value   Percentile   TotalCount 1/(1-Percentile)

      81.000     0.000000            2         1.00
     108.000     0.100000        17590         1.11
     119.000     0.200000        34421         1.25
     141.000     0.300000        50414         1.43
     171.000     0.400000        66789         1.67
     184.000     0.500000        83508         2.00
     187.000     0.550000        92649         2.22
     194.000     0.600000       100805         2.50
     197.000     0.650000       108911         2.86
     199.000     0.700000       117880         3.33
     201.000     0.750000       133868         4.00
     201.000     0.775000       133868         4.44
     201.000     0.800000       133868         5.00
     202.000     0.825000       141141         5.71
     203.000     0.850000       144986         6.67
     204.000     0.875000       147526         8.00
     205.000     0.887500       149642         8.89
     206.000     0.900000       151479        10.00
     207.000     0.912500       153291        11.43
     208.000     0.925000       155131        13.33
     209.000     0.937500       156834        16.00
     210.000     0.943750       158258        17.78
     211.000     0.950000       159422        20.00
     212.000     0.956250       160334        22.86
     213.000     0.962500       161042        26.67
     215.000     0.968750       162330        32.00
     215.000     0.971875       162330        35.56
     216.000     0.975000       162924        40.00
     217.000     0.978125       163446        45.71
     218.000     0.981250       163928        53.33
     220.000     0.984375       164715        64.00
     220.000     0.985938       164715        71.11
     221.000     0.987500       165033        80.00
     222.000     0.989062       165270        91.43
     223.000     0.990625       165481       106.67
     225.000     0.992188       165802       128.00
     225.000     0.992969       165802       142.22
     226.000     0.993750       165957       160.00
     227.000     0.994531       166062       182.86
     229.000     0.995313       166250       213.33
     230.000     0.996094       166335       256.00
     231.000     0.996484       166402       284.44
     232.000     0.996875       166448       320.00
     234.000     0.997266       166530       365.71
     236.000     0.997656       166603       426.67
     237.000     0.998047       166643       512.00
     239.000     0.998242       166686       568.89
     240.000     0.998437       166714       640.00
     243.000     0.998633       166742       731.43
     245.000     0.998828       166770       853.33
     249.000     0.999023       166806      1024.00
     251.000     0.999121       166818      1137.78
     253.000     0.999219       166835      1280.00
     256.000     0.999316       166854      1462.86
     259.000     0.999414       166868      1706.67
     264.000     0.999512       166882      2048.00
     266.000     0.999561       166892      2275.56
     268.000     0.999609       166901      2560.00
     270.000     0.999658       166906      2925.71
     274.000     0.999707       166915      3413.33
     285.000     0.999756       166924      4096.00
     290.000     0.999780       166927      4551.11
     320.000     0.999805       166931      5120.00
     359.000     0.999829       166935      5851.43
     414.000     0.999854       166939      6826.67
     449.000     0.999878       166943      8192.00
     523.000     0.999890       166945      9102.22
     694.000     0.999902       166947     10240.00
     779.000     0.999915       166949     11702.86
     830.000     0.999927       166951     13653.33
     936.000     0.999939       166953     16384.00
     957.000     0.999945       166954     18204.44
     964.000     0.999951       166955     20480.00
     966.000     0.999957       166956     23405.71
     998.000     0.999963       166957     27306.67
    1353.000     0.999969       166958     32768.00
   17311.000     0.999973       166959     36408.89
   17311.000     0.999976       166959     40960.00
   17759.000     0.999979       166960     46811.43
   17759.000     0.999982       166960     54613.33
   22607.000     0.999985       166961     65536.00
   22607.000     0.999986       166961     72817.78
   22607.000     0.999988       166961     81920.00
   22799.000     0.999989       166962     93622.86
   22799.000     0.999991       166962    109226.67
   22799.000     0.999992       166962    131072.00
   22799.000     0.999993       166962    145635.56
   22799.000     0.999994       166962    163840.00
   23087.000     0.999995       166963    187245.71
   23087.000     1.000000       166963          inf
#[Mean    =      168.674, StdDeviation   =      120.085]
#[Max     =    23087.000, Total count    =       166963]
#[Buckets =            5, SubBuckets     =         2048]
