       Value   Percentile   TotalCount 1/(1-Percentile)

      64.000     0.000000            1         1.00
     535.000     0.100000       566966         1.11
     814.000     0.200000      1132895         1.25
    1141.000     0.300000      1699564         1.43
    1590.000     0.400000      2264852         1.67
    2339.000     0.500000      2830764         2.00
    2983.000     0.550000      3113959         2.22
    4003.000     0.600000      3396973         2.50
    5487.000     0.650000      3679773         2.86
    7179.000     0.700000      3963100         3.33
    8767.000     0.750000      4246626         4.00
    9519.000     0.775000      4387371         4.44
   10271.000     0.800000      4529573         5.00
   11023.000     0.825000      4670617         5.71
   11807.000     0.850000      4812246         6.67
   12647.000     0.875000      4954419         8.00
   13095.000     0.887500      5025312         8.89
   13567.000     0.900000      5095893        10.00
   14079.000     0.912500      5166699        11.43
   14631.000     0.925000      5236844        13.33
   15263.000     0.937500      5307722        16.00
   15607.000     0.943750      5343070        17.78
   15983.000     0.950000      5378162        20.00
   16415.000     0.956250      5414559        22.86
   16879.000     0.962500      5449249        26.67
   17423.000     0.968750      5484562        32.00
   17727.000     0.971875      5501797        35.56
   18079.000     0.975000      5519694        40.00
   18463.000     0.978125      5537205        45.71
   18911.000     0.981250      5555001        53.33
   19455.000     0.984375      5572903        64.00
   19759.000     0.985938      5581496        71.11
   20111.000     0.987500      5590476        80.00
   20511.000     0.989062      5599277        91.43
   20975.000     0.990625      5608096       106.67
   21535.000     0.992188      5616803       128.00
   21887.000     0.992969      5621359       142.22
   22271.000     0.993750      5625720       160.00
   22703.000     0.994531      5630077       182.86
   23263.000     0.995313      5634473       213.33
   23983.000     0.996094      5638897       256.00
   24447.000     0.996484      5641173       284.44
   25007.000     0.996875      5643321       320.00
   25743.000     0.997266      5645528       365.71
   26879.000     0.997656      5647750       426.67
   29439.000     0.998047      5649950       512.00
   34303.000     0.998242      5651048       568.89
   43327.000     0.998437      5652154       640.00
   55775.000     0.998633      5653261       731.43
   71871.000     0.998828      5654364       853.33
   91839.000     0.999023      5655470      1024.00
  100543.000     0.999121      5656022      1137.78
  107199.000     0.999219      5656575      1280.00
  116799.000     0.999316      5657132      1462.86
  123711.000     0.999414      5657683      1706.67
  130431.000     0.999512      5658233      2048.00
  134399.000     0.999561      5658514      2275.56
  138367.000     0.999609      5658795      2560.00
  142719.000     0.999658      5659064      2925.71
  147711.000     0.999707      5659340      3413.33
  152063.000     0.999756      5659618      4096.00
  154623.000     0.999780      5659757      4551.11
  157439.000     0.999805      5659893      5120.00
  159871.000     0.999829      5660030      5851.43
  162431.000     0.999854      5660171      6826.67
  164863.000     0.999878      5660309      8192.00
  166015.000     0.999890      5660376      9102.22
  167423.000     0.999902      5660448     10240.00
  168703.000     0.999915      5660521     11702.86
  170111.000     0.999927      5660586     13653.33
  171647.000     0.999939      5660658     16384.00
  172415.000     0.999945      5660692     18204.44
  173695.000     0.999951      5660723     20480.00
  175103.000     0.999957      5660758     23405.71
  177791.000     0.999963      5660798     27306.67
  179839.000     0.999969      5660825     32768.00
  181247.000     0.999973      5660845     36408.89
  182399.000     0.999976      5660860     40960.00
  183935.000     0.999979      5660878     46811.43
  186367.000     0.999982      5660895     54613.33
  188031.000     0.999985      5660911     65536.00
  188927.000     0.999986      5660921     72817.78
  189183.000     0.999988      5660931     81920.00
  190207.000     0.999989      5660937     93622.86
  191487.000     0.999991      5660946    109226.67
  193023.000     0.999992      5660954    131072.00
  194047.000     0.999993      5660959    145635.56
  194943.000     0.999994      5660963    163840.00
  195967.000     0.999995      5660967    187245.71
  197375.000     0.999995      5660972    218453.33
  198399.000     0.999996      5660976    262144.00
  198783.000     0.999997      5660978    291271.11
  199039.000     0.999997      5660981    327680.00
  199679.000     0.999997      5660982    374491.43
  200959.000     0.999998      5660986    436906.67
  201599.000     0.999998      5660987    524288.00
  201983.000     0.999998      5660988    582542.22
  202111.000     0.999998      5660989    655360.00
  202239.000     0.999999      5660993    748982.86
  202239.000     0.999999      5660993    873813.33
  202239.000     0.999999      5660993   1048576.00
  202239.000     0.999999      5660993   1165084.44
  202239.000     0.999999      5660993   1310720.00
  205823.000     0.999999      5660994   1497965.71
  205823.000     0.999999      5660994   1747626.67
  206591.000     1.000000      5660995   2097152.00
  206591.000     1.000000      5660995   2330168.89
  206591.000     1.000000      5660995   2621440.00
  208511.000     1.000000      5660996   2995931.43
  208511.000     1.000000      5660996   3495253.33
  208511.000     1.000000      5660996   4194304.00
  208511.000     1.000000      5660996   4660337.78
  208511.000     1.000000      5660996   5242880.00
  209535.000     1.000000      5660997   5991862.86
  209535.000     1.000000      5660997          inf
#[Mean    =     5256.300, StdDeviation   =     6906.452]
#[Max     =   209535.000, Total count    =      5660997]
#[Buckets =            8, SubBuckets     =         2048]
