       Value   Percentile   TotalCount 1/(1-Percentile)

      36.000     0.000000            6         1.00
      51.000     0.100000        54014         1.11
      52.000     0.200000       252370         1.25
      52.000     0.300000       252370         1.43
      52.000     0.400000       252370         1.67
      53.000     0.500000       487714         2.00
      53.000     0.550000       487714         2.22
      53.000     0.600000       487714         2.50
      53.000     0.650000       487714         2.86
      53.000     0.700000       487714         3.33
      53.000     0.750000       487714         4.00
      53.000     0.775000       487714         4.44
      53.000     0.800000       487714         5.00
      53.000     0.825000       487714         5.71
      53.000     0.850000       487714         6.67
      53.000     0.875000       487714         8.00
      53.000     0.887500       487714         8.89
      53.000     0.900000       487714        10.00
      53.000     0.912500       487714        11.43
      53.000     0.925000       487714        13.33
      54.000     0.937500       520714        16.00
      54.000     0.943750       520714        17.78
      54.000     0.950000       520714        20.00
      54.000     0.956250       520714        22.86
      54.000     0.962500       520714        26.67
      54.000     0.968750       520714        32.00
      54.000     0.971875       520714        35.56
      54.000     0.975000       520714        40.00
      54.000     0.978125       520714        45.71
      54.000     0.981250       520714        53.33
      54.000     0.984375       520714        64.00
      54.000     0.985938       520714        71.11
      54.000     0.987500       520714        80.00
      54.000     0.989062       520714        91.43
      55.000     0.990625       523449       106.67
      55.000     0.992188       523449       128.00
      55.000     0.992969       523449       142.22
      55.000     0.993750       523449       160.00
      55.000     0.994531       523449       182.86
      55.000     0.995313       523449       213.33
      56.000     0.996094       524743       256.00
      56.000     0.996484       524743       284.44
      56.000     0.996875       524743       320.00
      56.000     0.997266       524743       365.71
      56.000     0.997656       524743       426.67
      56.000     0.998047       524743       512.00
      56.000     0.998242       524743       568.89
      57.000     0.998437       525350       640.00
      57.000     0.998633       525350       731.43
      57.000     0.998828       525350       853.33
      57.000     0.999023       525350      1024.00
      57.000     0.999121       525350      1137.78
      57.000     0.999219       525350      1280.00
      57.000     0.999316       525350      1462.86
      57.000     0.999414       525350      1706.67
      58.000     0.999512       525549      2048.00
      58.000     0.999561       525549      2275.56
      58.000     0.999609       525549      2560.00
      58.000     0.999658       525549      2925.71
      58.000     0.999707       525549      3413.33
      58.000     0.999756       525549      4096.00
      58.000     0.999780       525549      4551.11
      58.000     0.999805       525549      5120.00
      59.000     0.999829       525604      5851.43
      59.000     0.999854       525604      6826.67
      59.000     0.999878       525604      8192.00
      59.000     0.999890       525604      9102.22
      59.000     0.999902       525604     10240.00
      59.000     0.999915       525604     11702.86
      60.000     0.999927       525621     13653.33
      60.000     0.999939       525621     16384.00
      60.000     0.999945       525621     18204.44
      60.000     0.999951       525621     20480.00
      61.000     0.999957       525625     23405.71
      62.000     0.999963       525627     27306.67
      64.000     0.999969       525632     32768.00
      64.000     0.999973       525632     36408.89
      66.000     0.999976       525638     40960.00
      66.000     0.999979       525638     46811.43
      66.000     0.999982       525638     54613.33
      66.000     0.999985       525638     65536.00
      67.000     0.999986       525639     72817.78
      68.000     0.999988       525640     81920.00
      70.000     0.999989       525641     93622.86
      72.000     0.999991       525642    109226.67
      72.000     0.999992       525642    131072.00
      73.000     0.999993       525643    145635.56
      73.000     0.999994       525643    163840.00
      78.000     0.999995       525644    187245.71
      78.000     0.999995       525644    218453.33
      78.000     0.999996       525644    262144.00
      96.000     0.999997       525645    291271.11
      96.000     0.999997       525645    327680.00
      96.000     0.999997       525645    374491.43
      96.000     0.999998       525645    436906.67
      96.000     0.999998       525645    524288.00
     336.000     0.999998       525646    582542.22
     336.000     1.000000       525646          inf
#[Mean    =       51.793, StdDeviation   =        2.886]
#[Max     =      336.000, Total count    =       525646]
#[Buckets =            1, SubBuckets     =         2048]
