       Value   Percentile   TotalCount 1/(1-Percentile)

      66.000     0.000000            1         1.00
     561.000     0.100000       577340         1.11
     848.000     0.200000      1154792         1.25
    1178.000     0.300000      1732404         1.43
    1624.000     0.400000      2308150         1.67
    2355.000     0.500000      2885067         2.00
    2955.000     0.550000      3173956         2.22
    3853.000     0.600000      3462250         2.50
    5115.000     0.650000      3750738         2.86
    6567.000     0.700000      4039133         3.33
    8003.000     0.750000      4327964         4.00
    8703.000     0.775000      4472080         4.44
    9407.000     0.800000      4616699         5.00
   10127.000     0.825000      4761783         5.71
   10863.000     0.850000      4905351         6.67
   11655.000     0.875000      5049596         8.00
   12079.000     0.887500      5121360         8.89
   12527.000     0.900000      5193326        10.00
   13015.000     0.912500      5266020        11.43
   13543.000     0.925000      5337863        13.33
   14135.000     0.937500      5409704        16.00
   14463.000     0.943750      5445697        17.78
   14823.000     0.950000      5482269        20.00
   15215.000     0.956250      5518013        22.86
   15647.000     0.962500      5553848        26.67
   16151.000     0.968750      5589943        32.00
   16447.000     0.971875      5608679        35.56
   16751.000     0.975000      5626427        40.00
   17087.000     0.978125      5643999        45.71
   17471.000     0.981250      5662040        53.33
   17919.000     0.984375      5679953        64.00
   18175.000     0.985938      5689003        71.11
   18463.000     0.987500      5698255        80.00
   18783.000     0.989062      5707200        91.43
   19135.000     0.990625      5716137       106.67
   19551.000     0.992188      5725071       128.00
   19791.000     0.992969      5729574       142.22
   20063.000     0.993750      5734139       160.00
   20367.000     0.994531      5738643       182.86
   20719.000     0.995313      5743139       213.33
   21119.000     0.996094      5747635       256.00
   21343.000     0.996484      5749841       284.44
   21599.000     0.996875      5752052       320.00
   21903.000     0.997266      5754361       365.71
   22239.000     0.997656      5756658       426.67
   22623.000     0.998047      5758811       512.00
   22863.000     0.998242      5759933       568.89
   23135.000     0.998437      5761099       640.00
   23439.000     0.998633      5762219       731.43
   23791.000     0.998828      5763347       853.33
   24223.000     0.999023      5764468      1024.00
   24463.000     0.999121      5765008      1137.78
   24751.000     0.999219      5765583      1280.00
   25087.000     0.999316      5766148      1462.86
   25471.000     0.999414      5766710      1706.67
   26015.000     0.999512      5767267      2048.00
   26367.000     0.999561      5767546      2275.56
   26783.000     0.999609      5767825      2560.00
   27455.000     0.999658      5768106      2925.71
   28655.000     0.999707      5768386      3413.33
   31327.000     0.999756      5768666      4096.00
   35871.000     0.999780      5768807      4551.11
   41215.000     0.999805      5768949      5120.00
   49535.000     0.999829      5769088      5851.43
   52319.000     0.999854      5769233      6826.67
   54687.000     0.999878      5769371      8192.00
   55871.000     0.999890      5769441      9102.22
   57055.000     0.999902      5769513     10240.00
   58047.000     0.999915      5769583     11702.86
   58815.000     0.999927      5769652     13653.33
   59839.000     0.999939      5769724     16384.00
   60319.000     0.999945      5769758     18204.44
   60831.000     0.999951      5769793     20480.00
   61599.000     0.999957      5769829     23405.71
   62527.000     0.999963      5769863     27306.67
   63071.000     0.999969      5769900     32768.00
   63519.000     0.999973      5769920     36408.89
   64063.000     0.999976      5769934     40960.00
   64575.000     0.999979      5769951     46811.43
   65215.000     0.999982      5769970     54613.33
   65663.000     0.999985      5769987     65536.00
   65855.000     0.999986      5769996     72817.78
   66175.000     0.999988      5770004     81920.00
   66559.000     0.999989      5770016     93622.86
   67135.000     0.999991      5770022    109226.67
   67775.000     0.999992      5770030    131072.00
   68287.000     0.999993      5770036    145635.56
   68543.000     0.999994      5770042    163840.00
   68671.000     0.999995      5770047    187245.71
   68735.000     0.999995      5770049    218453.33
   68863.000     0.999996      5770053    262144.00
   69055.000     0.999997      5770055    291271.11
   69311.000     0.999997      5770058    327680.00
   69375.000     0.999997      5770059    374491.43
   69503.000     0.999998      5770061    436906.67
   71679.000     0.999998      5770063    524288.00
   74111.000     0.999998      5770065    582542.22
   74175.000     0.999998      5770066    655360.00
   74623.000     0.999999      5770067    748982.86
   74751.000     0.999999      5770069    873813.33
   74751.000     0.999999      5770069   1048576.00
   74879.000     0.999999      5770070   1165084.44
   74879.000     0.999999      5770070   1310720.00
   75007.000     0.999999      5770072   1497965.71
   75007.000     0.999999      5770072   1747626.67
   75007.000     1.000000      5770072   2097152.00
   75007.000     1.000000      5770072   2330168.89
   75007.000     1.000000      5770072   2621440.00
   75263.000     1.000000      5770073   2995931.43
   75263.000     1.000000      5770073   3495253.33
   75263.000     1.000000      5770073   4194304.00
   75263.000     1.000000      5770073   4660337.78
   75263.000     1.000000      5770073   5242880.00
   75839.000     1.000000      5770074   5991862.86
   75839.000     1.000000      5770074          inf
#[Mean    =     4804.013, StdDeviation   =     4989.651]
#[Max     =    75839.000, Total count    =      5770074]
#[Buckets =            7, SubBuckets     =         2048]
