       Value   Percentile   TotalCount 1/(1-Percentile)

     136.000     0.000000            1         1.00
    1339.000     0.100000       270936         1.11
    2089.000     0.200000       541724         1.25
    2875.000     0.300000       812562         1.43
    3813.000     0.400000      1083265         1.67
    5219.000     0.500000      1354043         2.00
    6355.000     0.550000      1489048         2.22
    8011.000     0.600000      1624582         2.50
   10471.000     0.650000      1759718         2.86
   14047.000     0.700000      1895318         3.33
   18879.000     0.750000      2030559         4.00
   22031.000     0.775000      2098209         4.44
   25999.000     0.800000      2165894         5.00
   31631.000     0.825000      2233608         5.71
   39391.000     0.850000      2301382         6.67
   49247.000     0.875000      2368844         8.00
   55231.000     0.887500      2402686         8.89
   62111.000     0.900000      2436596        10.00
   70015.000     0.912500      2470424        11.43
   79295.000     0.925000      2504352        13.33
   90943.000     0.937500      2538143        16.00
   98239.000     0.943750      2554966        17.78
  107711.000     0.950000      2571973        20.00
  119295.000     0.956250      2588826        22.86
  132863.000     0.962500      2605757        26.67
  149247.000     0.968750      2622675        32.00
  158591.000     0.971875      2631199        35.56
  169087.000     0.975000      2639576        40.00
  181375.000     0.978125      2648081        45.71
  196735.000     0.981250      2656493        53.33
  214399.000     0.984375      2664986        64.00
  225407.000     0.985938      2669221        71.11
  238591.000     0.987500      2673421        80.00
  253695.000     0.989062      2677655        91.43
  271871.000     0.990625      2681908       106.67
  291071.000     0.992188      2686113       128.00
  302591.000     0.992969      2688236       142.22
  315903.000     0.993750      2690344       160.00
  331263.000     0.994531      2692473       182.86
  347903.000     0.995313      2694559       213.33
  371711.000     0.996094      2696695       256.00
  384511.000     0.996484      2697745       284.44
  399359.000     0.996875      2698810       320.00
  412927.000     0.997266      2699849       365.71
  429311.000     0.997656      2700914       426.67
  446719.000     0.998047      2701977       512.00
  456191.000     0.998242      2702491       568.89
  467199.000     0.998437      2703017       640.00
  482815.000     0.998633      2703549       731.43
  502527.000     0.998828      2704073       853.33
  526335.000     0.999023      2704612      1024.00
  539135.000     0.999121      2704866      1137.78
  555007.000     0.999219      2705136      1280.00
  568831.000     0.999316      2705396      1462.86
  591871.000     0.999414      2705661      1706.67
  628223.000     0.999512      2705927      2048.00
  678399.000     0.999561      2706056      2275.56
  698879.000     0.999609      2706196      2560.00
  710143.000     0.999658      2706320      2925.71
  723455.000     0.999707      2706456      3413.33
  734719.000     0.999756      2706591      4096.00
  739327.000     0.999780      2706651      4551.11
  745983.000     0.999805      2706718      5120.00
  753663.000     0.999829      2706784      5851.43
  760831.000     0.999854      2706852      6826.67
  767999.000     0.999878      2706915      8192.00
  773631.000     0.999890      2706950      9102.22
  779263.000     0.999902      2706984     10240.00
  783359.000     0.999915      2707017     11702.86
  787967.000     0.999927      2707048     13653.33
  794111.000     0.999939      2707080     16384.00
  807423.000     0.999945      2707097     18204.44
  825855.000     0.999951      2707115     20480.00
  834047.000     0.999957      2707134     23405.71
  838143.000     0.999963      2707147     27306.67
  843263.000     0.999969      2707164     32768.00
  844287.000     0.999973      2707171     36408.89
  846335.000     0.999976      2707179     40960.00
  848895.000     0.999979      2707189     46811.43
  851967.000     0.999982      2707197     54613.33
  855551.000     0.999985      2707204     65536.00
  856575.000     0.999986      2707210     72817.78
  858111.000     0.999988      2707213     81920.00
  860671.000     0.999989      2707218     93622.86
  863231.000     0.999991      2707221    109226.67
  863743.000     0.999992      2707226    131072.00
  864255.000     0.999993      2707228    145635.56
  864767.000     0.999994      2707230    163840.00
  866303.000     0.999995      2707232    187245.71
  866815.000     0.999995      2707233    218453.33
  867327.000     0.999996      2707235    262144.00
  867839.000     0.999997      2707236    291271.11
  868351.000     0.999997      2707237    327680.00
  869375.000     0.999997      2707238    374491.43
  870911.000     0.999998      2707239    436906.67
  872447.000     0.999998      2707240    524288.00
  873471.000     0.999998      2707242    582542.22
  873471.000     0.999998      2707242    655360.00
  873471.000     0.999999      2707242    748982.86
  873471.000     0.999999      2707242    873813.33
  875519.000     0.999999      2707243   1048576.00
  875519.000     0.999999      2707243   1165084.44
  875519.000     0.999999      2707243   1310720.00
  881663.000     0.999999      2707244   1497965.71
  881663.000     0.999999      2707244   1747626.67
  881663.000     1.000000      2707244   2097152.00
  881663.000     1.000000      2707244   2330168.89
  881663.000     1.000000      2707244   2621440.00
  882687.000     1.000000      2707245   2995931.43
  882687.000     1.000000      2707245          inf
#[Mean    =    23310.962, StdDeviation   =    51983.098]
#[Max     =   882687.000, Total count    =      2707245]
#[Buckets =           10, SubBuckets     =         2048]
