       Value   Percentile   TotalCount 1/(1-Percentile)

      65.000     0.000000            1         1.00
     714.000     0.100000       566984         1.11
    1088.000     0.200000      1131248         1.25
    1492.000     0.300000      1696847         1.43
    1967.000     0.400000      2263089         1.67
    2555.000     0.500000      2828686         2.00
    2907.000     0.550000      3111146         2.22
    3313.000     0.600000      3393988         2.50
    3785.000     0.650000      3676972         2.86
    4343.000     0.700000      3960619         3.33
    5003.000     0.750000      4242524         4.00
    5387.000     0.775000      4384395         4.44
    5807.000     0.800000      4525121         5.00
    6275.000     0.825000      4666897         5.71
    6803.000     0.850000      4808449         6.67
    7403.000     0.875000      4949533         8.00
    7739.000     0.887500      5019889         8.89
    8107.000     0.900000      5090863        10.00
    8511.000     0.912500      5161694        11.43
    8967.000     0.925000      5232507        13.33
    9487.000     0.937500      5303155        16.00
    9783.000     0.943750      5338336        17.78
   10111.000     0.950000      5373834        20.00
   10471.000     0.956250      5408876        22.86
   10879.000     0.962500      5444276        26.67
   11351.000     0.968750      5479751        32.00
   11615.000     0.971875      5497187        35.56
   11903.000     0.975000      5514736        40.00
   12223.000     0.978125      5532356        45.71
   12591.000     0.981250      5550328        53.33
   13007.000     0.984375      5567736        64.00
   13247.000     0.985938      5576581        71.11
   13527.000     0.987500      5585504        80.00
   13831.000     0.989062      5594291        91.43
   14183.000     0.990625      5603236       106.67
   14583.000     0.992188      5612053       128.00
   14815.000     0.992969      5616359       142.22
   15087.000     0.993750      5620819       160.00
   15383.000     0.994531      5625241       182.86
   15711.000     0.995313      5629605       213.33
   16103.000     0.996094      5634056       256.00
   16319.000     0.996484      5636219       284.44
   16575.000     0.996875      5638519       320.00
   16847.000     0.997266      5640683       365.71
   17167.000     0.997656      5642847       426.67
   17551.000     0.998047      5645051       512.00
   17775.000     0.998242      5646190       568.89
   18015.000     0.998437      5647276       640.00
   18303.000     0.998633      5648391       731.43
   18639.000     0.998828      5649455       853.33
   19055.000     0.999023      5650544      1024.00
   19295.000     0.999121      5651099      1137.78
   19583.000     0.999219      5651649      1280.00
   19919.000     0.999316      5652224      1462.86
   20271.000     0.999414      5652755      1706.67
   20719.000     0.999512      5653308      2048.00
   21007.000     0.999561      5653584      2275.56
   21343.000     0.999609      5653856      2560.00
   21727.000     0.999658      5654136      2925.71
   22239.000     0.999707      5654416      3413.33
   23007.000     0.999756      5654689      4096.00
   23519.000     0.999780      5654824      4551.11
   24143.000     0.999805      5654961      5120.00
   25215.000     0.999829      5655101      5851.43
   26975.000     0.999854      5655237      6826.67
   29151.000     0.999878      5655375      8192.00
   31679.000     0.999890      5655444      9102.22
   37855.000     0.999902      5655513     10240.00
   40799.000     0.999915      5655583     11702.86
   42847.000     0.999927      5655651     13653.33
   46111.000     0.999939      5655720     16384.00
   47423.000     0.999945      5655755     18204.44
   48703.000     0.999951      5655789     20480.00
   49983.000     0.999957      5655825     23405.71
   50911.000     0.999963      5655858     27306.67
   52223.000     0.999969      5655893     32768.00
   52927.000     0.999973      5655910     36408.89
   53343.000     0.999976      5655929     40960.00
   53567.000     0.999979      5655947     46811.43
   53887.000     0.999982      5655963     54613.33
   54079.000     0.999985      5655979     65536.00
   54367.000     0.999986      5655988     72817.78
   54623.000     0.999988      5655996     81920.00
   55263.000     0.999989      5656005     93622.86
   55935.000     0.999991      5656014    109226.67
   56799.000     0.999992      5656022    131072.00
   61215.000     0.999993      5656027    145635.56
   64735.000     0.999994      5656031    163840.00
   70463.000     0.999995      5656035    187245.71
   70911.000     0.999995      5656041    218453.33
   71551.000     0.999996      5656044    262144.00
   71807.000     0.999997      5656046    291271.11
   71935.000     0.999997      5656048    327680.00
   72063.000     0.999997      5656050    374491.43
   72383.000     0.999998      5656053    436906.67
   72703.000     0.999998      5656055    524288.00
   72767.000     0.999998      5656056    582542.22
   72895.000     0.999998      5656058    655360.00
   72895.000     0.999999      5656058    748982.86
   72959.000     0.999999      5656059    873813.33
   73151.000     0.999999      5656060   1048576.00
   73535.000     0.999999      5656061   1165084.44
   73535.000     0.999999      5656061   1310720.00
   73663.000     0.999999      5656062   1497965.71
   73663.000     0.999999      5656062   1747626.67
   73791.000     1.000000      5656063   2097152.00
   73791.000     1.000000      5656063   2330168.89
   73791.000     1.000000      5656063   2621440.00
   74303.000     1.000000      5656064   2995931.43
   74303.000     1.000000      5656064   3495253.33
   74303.000     1.000000      5656064   4194304.00
   74303.000     1.000000      5656064   4660337.78
   74303.000     1.000000      5656064   5242880.00
   74687.000     1.000000      5656065   5991862.86
   74687.000     1.000000      5656065          inf
#[Mean    =     3605.348, StdDeviation   =     3175.636]
#[Max     =    74687.000, Total count    =      5656065]
#[Buckets =            7, SubBuckets     =         2048]
