       Value   Percentile   TotalCount 1/(1-Percentile)

     100.000     0.000000            1         1.00
     562.000     0.100000       801900         1.11
     809.000     0.200000      1603811         1.25
    1082.000     0.300000      2406269         1.43
    1412.000     0.400000      3208703         1.67
    1825.000     0.500000      4008798         2.00
    2059.000     0.550000      4411263         2.22
    2303.000     0.600000      4810751         2.50
    2571.000     0.650000      5211434         2.86
    2881.000     0.700000      5612955         3.33
    3257.000     0.750000      6013478         4.00
    3485.000     0.775000      6213481         4.44
    3755.000     0.800000      6414579         5.00
    4083.000     0.825000      6614301         5.71
    4499.000     0.850000      6815808         6.67
    5019.000     0.875000      7016071         8.00
    5331.000     0.887500      7116010         8.89
    5683.000     0.900000      7215391        10.00
    6103.000     0.912500      7315812        11.43
    6619.000     0.925000      7416127        13.33
    7287.000     0.937500      7516145        16.00
    7711.000     0.943750      7566246        17.78
    8223.000     0.950000      7616081        20.00
    8887.000     0.956250      7666714        22.86
    9735.000     0.962500      7716587        26.67
   10911.000     0.968750      7766580        32.00
   11727.000     0.971875      7791617        35.56
   12799.000     0.975000      7816520        40.00
   14703.000     0.978125      7841551        45.71
   18383.000     0.981250      7866606        53.33
   26191.000     0.984375      7891687        64.00
   31695.000     0.985938      7904196        71.11
   37983.000     0.987500      7916717        80.00
   45375.000     0.989062      7929232        91.43
   56319.000     0.990625      7941786       106.67
   68287.000     0.992188      7954305       128.00
   76479.000     0.992969      7960571       142.22
   85311.000     0.993750      7966840       160.00
   95743.000     0.994531      7973076       182.86
  109183.000     0.995313      7979340       213.33
  125695.000     0.996094      7985611       256.00
  137855.000     0.996484      7988765       284.44
  152191.000     0.996875      7991897       320.00
  167039.000     0.997266      7995012       365.71
  182911.000     0.997656      7998130       426.67
  204287.000     0.998047      8001262       512.00
  217599.000     0.998242      8002833       568.89
  230911.000     0.998437      8004401       640.00
  249343.000     0.998633      8005970       731.43
  263935.000     0.998828      8007527       853.33
  291583.000     0.999023      8009089      1024.00
  305151.000     0.999121      8009879      1137.78
  320511.000     0.999219      8010658      1280.00
  340735.000     0.999316      8011438      1462.86
  365823.000     0.999414      8012236      1706.67
  414463.000     0.999512      8013003      2048.00
  439807.000     0.999561      8013396      2275.56
  459519.000     0.999609      8013794      2560.00
  484607.000     0.999658      8014180      2925.71
  573439.000     0.999707      8014572      3413.33
  685055.000     0.999756      8014962      4096.00
  730111.000     0.999780      8015165      4551.11
  869887.000     0.999805      8015357      5120.00
  883711.000     0.999829      8015549      5851.43
  917503.000     0.999854      8015745      6826.67
  935935.000     0.999878      8015946      8192.00
  943615.000     0.999890      8016038      9102.22
 1013247.000     0.999902      8016142     10240.00
 1046527.000     0.999915      8016240     11702.86
 1094655.000     0.999927      8016331     13653.33
 1111039.000     0.999939      8016433     16384.00
 1114111.000     0.999945      8016484     18204.44
 1118207.000     0.999951      8016532     20480.00
 1158143.000     0.999957      8016575     23405.71
 1412095.000     0.999963      8016625     27306.67
 1499135.000     0.999969      8016673     32768.00
 1517567.000     0.999973      8016699     36408.89
 1550335.000     0.999976      8016729     40960.00
 1733631.000     0.999979      8016755     46811.43
 1799167.000     0.999982      8016781     54613.33
 1949695.000     0.999985      8016805     65536.00
 1950719.000     0.999986      8016815     72817.78
 1952767.000     0.999988      8016832     81920.00
 1952767.000     0.999989      8016832     93622.86
 1954815.000     0.999991      8016849    109226.67
 1956863.000     0.999992      8016863    131072.00
 1956863.000     0.999993      8016863    145635.56
 1957887.000     0.999994      8016869    163840.00
 1998847.000     0.999995      8016888    187245.71
 1998847.000     0.999995      8016888    218453.33
 1998847.000     0.999996      8016888    262144.00
 1999871.000     0.999997      8016910    291271.11
 1999871.000     0.999997      8016910    327680.00
 1999871.000     0.999997      8016910    374491.43
 1999871.000     0.999998      8016910    436906.67
 1999871.000     0.999998      8016910    524288.00
 1999871.000     0.999998      8016910    582542.22
 1999871.000     0.999998      8016910    655360.00
 1999871.000     0.999999      8016910    748982.86
 1999871.000     0.999999      8016910    873813.33
 1999871.000     0.999999      8016910   1048576.00
 2000895.000     0.999999      8016917   1165084.44
 2000895.000     1.000000      8016917          inf
#[Mean    =     4282.602, StdDeviation   =    23959.097]
#[Max     =  2000895.000, Total count    =      8016917]
#[Buckets =           11, SubBuckets     =         2048]
