       Value   Percentile   TotalCount 1/(1-Percentile)

      86.000     0.000000            1         1.00
     115.000     0.100000         6259         1.11
     126.000     0.200000        12996         1.25
     136.000     0.300000        19021         1.43
     142.000     0.400000        25786         1.67
     153.000     0.500000        32601         2.00
     155.000     0.550000        34713         2.22
     159.000     0.600000        38559         2.50
     160.000     0.650000        41043         2.86
     161.000     0.700000        43906         3.33
     163.000     0.750000        49104         4.00
     163.000     0.775000        49104         4.44
     164.000     0.800000        50704         5.00
     165.000     0.825000        51841         5.71
     168.000     0.850000        53548         6.67
     171.000     0.875000        55118         8.00
     172.000     0.887500        55709         8.89
     174.000     0.900000        56652        10.00
     175.000     0.912500        57231        11.43
     176.000     0.925000        58091        13.33
     177.000     0.937500        59204        16.00
     177.000     0.943750        59204        17.78
     178.000     0.950000        60173        20.00
     178.000     0.956250        60173        22.86
     179.000     0.962500        60728        26.67
     179.000     0.968750        60728        32.00
     180.000     0.971875        61019        35.56
     180.000     0.975000        61019        40.00
     182.000     0.978125        61261        45.71
     184.000     0.981250        61422        53.33
     186.000     0.984375        61598        64.00
     187.000     0.985938        61702        71.11
     188.000     0.987500        61796        80.00
     189.000     0.989062        61880        91.43
     191.000     0.990625        62009       106.67
     193.000     0.992188        62095       128.00
     194.000     0.992969        62137       142.22
     195.000     0.993750        62171       160.00
     197.000     0.994531        62209       182.86
     199.000     0.995313        62255       213.33
     201.000     0.996094        62321       256.00
     202.000     0.996484        62352       284.44
     202.000     0.996875        62352       320.00
     203.000     0.997266        62380       365.71
     204.000     0.997656        62404       426.67
     205.000     0.998047        62427       512.00
     206.000     0.998242        62448       568.89
     207.000     0.998437        62469       640.00
     207.000     0.998633        62469       731.43
     208.000     0.998828        62482       853.33
     209.000     0.999023        62492      1024.00
     210.000     0.999121        62501      1137.78
     210.000     0.999219        62501      1280.00
     211.000     0.999316        62505      1462.86
     213.000     0.999414        62518      1706.67
     213.000     0.999512        62518      2048.00
     214.000     0.999561        62520      2275.56
     215.000     0.999609        62523      2560.00
     216.000     0.999658        62526      2925.71
     217.000     0.999707        62529      3413.33
     219.000     0.999756        62532      4096.00
     221.000     0.999780        62534      4551.11
     222.000     0.999805        62535      5120.00
     240.000     0.999829        62537      5851.43
     244.000     0.999854        62538      6826.67
     328.000     0.999878        62540      8192.00
     330.000     0.999890        62541      9102.22
     330.000     0.999902        62541     10240.00
     368.000     0.999915        62542     11702.86
     460.000     0.999927        62543     13653.33
     682.000     0.999939        62544     16384.00
     682.000     0.999945        62544     18204.44
     682.000     0.999951        62544     20480.00
     988.000     0.999957        62545     23405.71
     988.000     0.999963        62545     27306.67
    1281.000     0.999969        62546     32768.00
    1281.000     0.999973        62546     36408.89
    1281.000     0.999976        62546     40960.00
    1281.000     0.999979        62546     46811.43
    1281.000     0.999982        62546     54613.33
    2125.000     0.999985        62547     65536.00
    2125.000     1.000000        62547          inf
#[Mean    =      147.715, StdDeviation   =       23.712]
#[Max     =     2125.000, Total count    =        62547]
#[Buckets =            2, SubBuckets     =         2048]
