       Value   Percentile   TotalCount 1/(1-Percentile)

      87.000     0.000000            1         1.00
     404.000     0.100000       807869         1.11
     522.000     0.200000      1610691         1.25
     636.000     0.300000      2415643         1.43
     767.000     0.400000      3220497         1.67
     939.000     0.500000      4021592         2.00
    1055.000     0.550000      4422480         2.22
    1205.000     0.600000      4822683         2.50
    1407.000     0.650000      5225120         2.86
    1679.000     0.700000      5626893         3.33
    2041.000     0.750000      6028282         4.00
    2265.000     0.775000      6229209         4.44
    2527.000     0.800000      6430860         5.00
    2843.000     0.825000      6631464         5.71
    3235.000     0.850000      6832109         6.67
    3739.000     0.875000      7032855         8.00
    4049.000     0.887500      7133377         8.89
    4411.000     0.900000      7234017        10.00
    4843.000     0.912500      7334090        11.43
    5379.000     0.925000      7434909        13.33
    6071.000     0.937500      7534855        16.00
    6523.000     0.943750      7585299        17.78
    7067.000     0.950000      7635313        20.00
    7755.000     0.956250      7685528        22.86
    8671.000     0.962500      7736019        26.67
    9959.000     0.968750      7785940        32.00
   10887.000     0.971875      7811048        35.56
   12183.000     0.975000      7836204        40.00
   14199.000     0.978125      7861265        45.71
   17935.000     0.981250      7886398        53.33
   26431.000     0.984375      7911512        64.00
   33151.000     0.985938      7924077        71.11
   41151.000     0.987500      7936630        80.00
   52479.000     0.989062      7949175        91.43
   65919.000     0.990625      7961740       106.67
   82175.000     0.992188      7974294       128.00
   93695.000     0.992969      7980593       142.22
  104831.000     0.993750      7986846       160.00
  115583.000     0.994531      7993133       182.86
  131071.000     0.995313      7999413       213.33
  153855.000     0.996094      8005693       256.00
  164095.000     0.996484      8008822       284.44
  174591.000     0.996875      8011986       320.00
  186623.000     0.997266      8015112       365.71
  198655.000     0.997656      8018243       426.67
  220287.000     0.998047      8021397       512.00
  230271.000     0.998242      8022957       568.89
  238975.000     0.998437      8024528       640.00
  251647.000     0.998633      8026097       731.43
  265727.000     0.998828      8027673       853.33
  275967.000     0.999023      8029244      1024.00
  282879.000     0.999121      8030015      1137.78
  294399.000     0.999219      8030802      1280.00
  309503.000     0.999316      8031582      1462.86
  319231.000     0.999414      8032381      1706.67
  337151.000     0.999512      8033153      2048.00
  346367.000     0.999561      8033544      2275.56
  353535.000     0.999609      8033950      2560.00
  365823.000     0.999658      8034335      2925.71
  379391.000     0.999707      8034729      3413.33
  391167.000     0.999756      8035121      4096.00
  399871.000     0.999780      8035312      4551.11
  420351.000     0.999805      8035508      5120.00
  437247.000     0.999829      8035702      5851.43
  450047.000     0.999854      8035906      6826.67
  456447.000     0.999878      8036094      8192.00
  465663.000     0.999890      8036194      9102.22
  498431.000     0.999902      8036291     10240.00
  553471.000     0.999915      8036391     11702.86
  620543.000     0.999927      8036496     13653.33
  651263.000     0.999939      8036585     16384.00
  663039.000     0.999945      8036643     18204.44
  703487.000     0.999951      8036684     20480.00
  710655.000     0.999957      8036746     23405.71
  722431.000     0.999963      8036781     27306.67
  784895.000     0.999969      8036832     32768.00
  799231.000     0.999973      8036855     36408.89
  852991.000     0.999976      8036881     40960.00
  856575.000     0.999979      8036904     46811.43
  923647.000     0.999982      8036938     54613.33
 1054719.000     0.999985      8036954     65536.00
 1058815.000     0.999986      8036965     72817.78
 1061887.000     0.999988      8036980     81920.00
 1063935.000     0.999989      8036992     93622.86
 1065983.000     0.999991      8037004    109226.67
 1069055.000     0.999992      8037016    131072.00
 1070079.000     0.999993      8037024    145635.56
 1071103.000     0.999994      8037028    163840.00
 1072127.000     0.999995      8037034    187245.71
 1073151.000     0.999995      8037040    218453.33
 1074175.000     0.999996      8037047    262144.00
 1075199.000     0.999997      8037051    291271.11
 1075199.000     0.999997      8037051    327680.00
 1076223.000     0.999997      8037055    374491.43
 1077247.000     0.999998      8037059    436906.67
 1153023.000     0.999998      8037060    524288.00
 1201151.000     0.999998      8037064    582542.22
 1201151.000     0.999998      8037064    655360.00
 1202175.000     0.999999      8037070    748982.86
 1202175.000     0.999999      8037070    873813.33
 1202175.000     0.999999      8037070   1048576.00
 1202175.000     0.999999      8037070   1165084.44
 1202175.000     0.999999      8037070   1310720.00
 1202175.000     0.999999      8037070   1497965.71
 1203199.000     0.999999      8037075   1747626.67
 1203199.000     1.000000      8037075          inf
#[Mean    =     3524.363, StdDeviation   =    18830.964]
#[Max     =  1203199.000, Total count    =      8037075]
#[Buckets =           11, SubBuckets     =         2048]
