       Value   Percentile   TotalCount 1/(1-Percentile)

    3131.000     0.000000            1         1.00
    7939.000     0.100000       118538         1.11
    8091.000     0.200000       233466         1.25
    8207.000     0.300000       352831         1.43
    8303.000     0.400000       468666         1.67
    8399.000     0.500000       583095         2.00
    8455.000     0.550000       648248         2.22
    8511.000     0.600000       705731         2.50
    8567.000     0.650000       758653         2.86
    8647.000     0.700000       817023         3.33
    8767.000     0.750000       875056         4.00
    8855.000     0.775000       903829         4.44
    8951.000     0.800000       933291         5.00
    9055.000     0.825000       962411         5.71
    9183.000     0.850000       992083         6.67
    9367.000     0.875000      1020217         8.00
    9575.000     0.887500      1035064         8.89
    9695.000     0.900000      1050195        10.00
    9767.000     0.912500      1064968        11.43
    9823.000     0.925000      1078474        13.33
    9887.000     0.937500      1093812        16.00
    9919.000     0.943750      1101633        17.78
    9951.000     0.950000      1107993        20.00
    9991.000     0.956250      1115281        22.86
   10047.000     0.962500      1122655        26.67
   10143.000     0.968750      1129490        32.00
   10223.000     0.971875      1133247        35.56
   10295.000     0.975000      1137144        40.00
   10343.000     0.978125      1140613        45.71
   10391.000     0.981250      1143997        53.33
   10439.000     0.984375      1148015        64.00
   10463.000     0.985938      1150143        71.11
   10479.000     0.987500      1151437        80.00
   10503.000     0.989062      1153143        91.43
   10535.000     0.990625      1155183       106.67
   10567.000     0.992188      1156850       128.00
   10591.000     0.992969      1157873       142.22
   10615.000     0.993750      1158700       160.00
   10647.000     0.994531      1159693       182.86
   10679.000     0.995313      1160557       213.33
   10719.000     0.996094      1161408       256.00
   10751.000     0.996484      1161776       284.44
   10791.000     0.996875      1162253       320.00
   10823.000     0.997266      1162688       365.71
   10871.000     0.997656      1163131       426.67
   10919.000     0.998047      1163597       512.00
   10951.000     0.998242      1163817       568.89
   10983.000     0.998437      1164033       640.00
   11015.000     0.998633      1164273       731.43
   11063.000     0.998828      1164469       853.33
   11143.000     0.999023      1164714      1024.00
   11191.000     0.999121      1164814      1137.78
   11223.000     0.999219      1164927      1280.00
   11271.000     0.999316      1165043      1462.86
   11375.000     0.999414      1165154      1706.67
   11671.000     0.999512      1165267      2048.00
   11775.000     0.999561      1165322      2275.56
   11879.000     0.999609      1165379      2560.00
   12103.000     0.999658      1165435      2925.71
   12559.000     0.999707      1165496      3413.33
   13087.000     0.999756      1165549      4096.00
   13247.000     0.999780      1165577      4551.11
   13423.000     0.999805      1165606      5120.00
   13599.000     0.999829      1165634      5851.43
   13839.000     0.999854      1165663      6826.67
   13951.000     0.999878      1165694      8192.00
   14095.000     0.999890      1165709      9102.22
   14127.000     0.999902      1165721     10240.00
   14215.000     0.999915      1165734     11702.86
   14239.000     0.999927      1165756     13653.33
   14343.000     0.999939      1165763     16384.00
   14351.000     0.999945      1165771     18204.44
   14359.000     0.999951      1165777     20480.00
   14375.000     0.999957      1165786     23405.71
   14391.000     0.999963      1165794     27306.67
   14447.000     0.999969      1165798     32768.00
   14455.000     0.999973      1165801     36408.89
   14623.000     0.999976      1165805     40960.00
   14639.000     0.999979      1165809     46811.43
   14647.000     0.999982      1165818     54613.33
   14647.000     0.999985      1165818     65536.00
   14647.000     0.999986      1165818     72817.78
   14655.000     0.999988      1165824     81920.00
   14655.000     0.999989      1165824     93622.86
   14655.000     0.999991      1165824    109226.67
   14663.000     0.999992      1165827    131072.00
   14663.000     0.999993      1165827    145635.56
   14663.000     0.999994      1165827    163840.00
   14663.000     0.999995      1165827    187245.71
   14671.000     0.999995      1165829    218453.33
   14671.000     0.999996      1165829    262144.00
   14671.000     0.999997      1165829    291271.11
   14679.000     0.999997      1165831    327680.00
   14679.000     0.999997      1165831    374491.43
   14679.000     0.999998      1165831    436906.67
   14679.000     0.999998      1165831    524288.00
   14679.000     0.999998      1165831    582542.22
   14687.000     0.999998      1165833    655360.00
   14687.000     1.000000      1165833          inf
#[Mean    =     8566.377, StdDeviation   =      649.847]
#[Max     =    14687.000, Total count    =      1165833]
#[Buckets =            4, SubBuckets     =         2048]
