       Value   Percentile   TotalCount 1/(1-Percentile)

      66.000     0.000000            1         1.00
     622.000     0.100000       847228         1.11
    1081.000     0.200000      1693395         1.25
    1587.000     0.300000      2539573         1.43
    2313.000     0.400000      3386035         1.67
    3549.000     0.500000      4231778         2.00
    4239.000     0.550000      4654848         2.22
    4847.000     0.600000      5079394         2.50
    5387.000     0.650000      5501079         2.86
    5907.000     0.700000      5926639         3.33
    6423.000     0.750000      6348402         4.00
    6695.000     0.775000      6561415         4.44
    6979.000     0.800000      6771968         5.00
    7283.000     0.825000      6982532         5.71
    7619.000     0.850000      7193686         6.67
    8007.000     0.875000      7405044         8.00
    8231.000     0.887500      7511543         8.89
    8479.000     0.900000      7617140        10.00
    8759.000     0.912500      7722638        11.43
    9087.000     0.925000      7829055        13.33
    9479.000     0.937500      7934978        16.00
    9703.000     0.943750      7986742        17.78
    9967.000     0.950000      8040815        20.00
   10263.000     0.956250      8093736        22.86
   10607.000     0.962500      8145982        26.67
   11023.000     0.968750      8198485        32.00
   11271.000     0.971875      8225094        35.56
   11551.000     0.975000      8251351        40.00
   11879.000     0.978125      8277717        45.71
   12271.000     0.981250      8304343        53.33
   12743.000     0.984375      8330723        64.00
   13015.000     0.985938      8343805        71.11
   13327.000     0.987500      8357113        80.00
   13679.000     0.989062      8370438        91.43
   14087.000     0.990625      8383539       106.67
   14583.000     0.992188      8396814       128.00
   14871.000     0.992969      8403341       142.22
   15207.000     0.993750      8409940       160.00
   15607.000     0.994531      8416539       182.86
   16095.000     0.995313      8423126       213.33
   16751.000     0.996094      8429828       256.00
   17183.000     0.996484      8433122       284.44
   17695.000     0.996875      8436363       320.00
   18367.000     0.997266      8439635       365.71
   19263.000     0.997656      8442980       426.67
   20415.000     0.998047      8446252       512.00
   21119.000     0.998242      8447933       568.89
   21887.000     0.998437      8449549       640.00
   22735.000     0.998633      8451221       731.43
   23663.000     0.998828      8452873       853.33
   24703.000     0.999023      8454518      1024.00
   25279.000     0.999121      8455346      1137.78
   25855.000     0.999219      8456181      1280.00
   26463.000     0.999316      8456988      1462.86
   27151.000     0.999414      8457831      1706.67
   27919.000     0.999512      8458646      2048.00
   28319.000     0.999561      8459055      2275.56
   28799.000     0.999609      8459475      2560.00
   29343.000     0.999658      8459894      2925.71
   29887.000     0.999707      8460297      3413.33
   30527.000     0.999756      8460711      4096.00
   30879.000     0.999780      8460915      4551.11
   31263.000     0.999805      8461119      5120.00
   31679.000     0.999829      8461326      5851.43
   32159.000     0.999854      8461532      6826.67
   32703.000     0.999878      8461739      8192.00
   33087.000     0.999890      8461848      9102.22
   33439.000     0.999902      8461950     10240.00
   33855.000     0.999915      8462053     11702.86
   34271.000     0.999927      8462157     13653.33
   34719.000     0.999939      8462256     16384.00
   34975.000     0.999945      8462308     18204.44
   35359.000     0.999951      8462361     20480.00
   35679.000     0.999957      8462410     23405.71
   36031.000     0.999963      8462464     27306.67
   36511.000     0.999969      8462519     32768.00
   36639.000     0.999973      8462542     36408.89
   36799.000     0.999976      8462565     40960.00
   37119.000     0.999979      8462592     46811.43
   37439.000     0.999982      8462618     54613.33
   37855.000     0.999985      8462643     65536.00
   38079.000     0.999986      8462655     72817.78
   38335.000     0.999988      8462668     81920.00
   38719.000     0.999989      8462685     93622.86
   38911.000     0.999991      8462696    109226.67
   39135.000     0.999992      8462708    131072.00
   39263.000     0.999993      8462713    145635.56
   39551.000     0.999994      8462720    163840.00
   39743.000     0.999995      8462726    187245.71
   40095.000     0.999995      8462733    218453.33
   40383.000     0.999996      8462739    262144.00
   40511.000     0.999997      8462742    291271.11
   40607.000     0.999997      8462746    327680.00
   40671.000     0.999997      8462751    374491.43
   40767.000     0.999998      8462752    436906.67
   40991.000     0.999998      8462756    524288.00
   41087.000     0.999998      8462757    582542.22
   41279.000     0.999998      8462759    655360.00
   41343.000     0.999999      8462760    748982.86
   41375.000     0.999999      8462762    873813.33
   41439.000     0.999999      8462763   1048576.00
   41471.000     0.999999      8462764   1165084.44
   41631.000     0.999999      8462765   1310720.00
   41663.000     0.999999      8462767   1497965.71
   41663.000     0.999999      8462767   1747626.67
   41663.000     1.000000      8462767   2097152.00
   41855.000     1.000000      8462770   2330168.89
   41855.000     1.000000      8462770   2621440.00
   41855.000     1.000000      8462770   2995931.43
   41855.000     1.000000      8462770   3495253.33
   41855.000     1.000000      8462770   4194304.00
   41855.000     1.000000      8462770   4660337.78
   41855.000     1.000000      8462770   5242880.00
   41855.000     1.000000      8462770   5991862.86
   41855.000     1.000000      8462770   6990506.67
   41855.000     1.000000      8462770   8388608.00
   42431.000     1.000000      8462771   9320675.55
   42431.000     1.000000      8462771          inf
#[Mean    =     4196.359, StdDeviation   =     3365.382]
#[Max     =    42431.000, Total count    =      8462771]
#[Buckets =            6, SubBuckets     =         2048]
