       Value   Percentile   TotalCount 1/(1-Percentile)

     159.000     0.000000            1         1.00
    1506.000     0.100000       353036         1.11
    2787.000     0.200000       706332         1.25
    4191.000     0.300000      1058948         1.43
    8087.000     0.400000      1411626         1.67
   16263.000     0.500000      1764625         2.00
   19423.000     0.550000      1941190         2.22
   24831.000     0.600000      2117491         2.50
   27711.000     0.650000      2294815         2.86
   29903.000     0.700000      2470600         3.33
   32591.000     0.750000      2646896         4.00
   33919.000     0.775000      2736896         4.44
   35231.000     0.800000      2823201         5.00
   36895.000     0.825000      2911598         5.71
   39615.000     0.850000      3000097         6.67
   44031.000     0.875000      3088083         8.00
   46399.000     0.887500      3132183         8.89
   48767.000     0.900000      3176151        10.00
   51199.000     0.912500      3220223        11.43
   53759.000     0.925000      3264702        13.33
   56575.000     0.937500      3308446        16.00
   58239.000     0.943750      3330843        17.78
   59999.000     0.950000      3352552        20.00
   62015.000     0.956250      3374845        22.86
   64223.000     0.962500      3396872        26.67
   66815.000     0.968750      3419088        32.00
   68287.000     0.971875      3429716        35.56
   70143.000     0.975000      3440771        40.00
   72639.000     0.978125      3451980        45.71
   76031.000     0.981250      3462861        53.33
   80575.000     0.984375      3473919        64.00
   83135.000     0.985938      3479464        71.11
   85695.000     0.987500      3484883        80.00
   88383.000     0.989062      3490369        91.43
   91327.000     0.990625      3495902       106.67
   94911.000     0.992188      3501408       128.00
   97087.000     0.992969      3504219       142.22
   99519.000     0.993750      3506962       160.00
  102271.000     0.994531      3509671       182.86
  105279.000     0.995313      3512449       213.33
  108159.000     0.996094      3515210       256.00
  109695.000     0.996484      3516619       284.44
  111103.000     0.996875      3517995       320.00
  112575.000     0.997266      3519311       365.71
  114303.000     0.997656      3520714       426.67
  116031.000     0.998047      3522074       512.00
  116991.000     0.998242      3522768       568.89
  118079.000     0.998437      3523459       640.00
  119295.000     0.998633      3524136       731.43
  120831.000     0.998828      3524834       853.33
  122559.000     0.999023      3525522      1024.00
  123775.000     0.999121      3525866      1137.78
  125439.000     0.999219      3526217      1280.00
  127679.000     0.999316      3526557      1462.86
  130303.000     0.999414      3526892      1706.67
  134143.000     0.999512      3527245      2048.00
  136575.000     0.999561      3527411      2275.56
  139903.000     0.999609      3527584      2560.00
  144127.000     0.999658      3527755      2925.71
  152447.000     0.999707      3527926      3413.33
  250879.000     0.999756      3528098      4096.00
  278527.000     0.999780      3528185      4551.11
  290303.000     0.999805      3528271      5120.00
  297983.000     0.999829      3528356      5851.43
  305663.000     0.999854      3528445      6826.67
  313599.000     0.999878      3528530      8192.00
  317439.000     0.999890      3528573      9102.22
  320767.000     0.999902      3528618     10240.00
  323839.000     0.999915      3528662     11702.86
  325887.000     0.999927      3528703     13653.33
  328191.000     0.999939      3528750     16384.00
  328959.000     0.999945      3528770     18204.44
  329727.000     0.999951      3528788     20480.00
  331263.000     0.999957      3528809     23405.71
  332799.000     0.999963      3528832     27306.67
  334335.000     0.999969      3528852     32768.00
  335615.000     0.999973      3528864     36408.89
  336127.000     0.999976      3528875     40960.00
  336895.000     0.999979      3528885     46811.43
  337919.000     0.999982      3528895     54613.33
  339199.000     0.999985      3528906     65536.00
  339967.000     0.999986      3528911     72817.78
  340223.000     0.999988      3528916     81920.00
  340991.000     0.999989      3528926     93622.86
  341247.000     0.999991      3528927    109226.67
  342527.000     0.999992      3528934    131072.00
  343039.000     0.999993      3528935    145635.56
  343295.000     0.999994      3528938    163840.00
  344063.000     0.999995      3528943    187245.71
  344063.000     0.999995      3528943    218453.33
  344575.000     0.999996      3528947    262144.00
  344575.000     0.999997      3528947    291271.11
  346111.000     0.999997      3528950    327680.00
  346111.000     0.999997      3528950    374491.43
  346623.000     0.999998      3528951    436906.67
  347135.000     0.999998      3528955    524288.00
  347135.000     0.999998      3528955    582542.22
  347135.000     0.999998      3528955    655360.00
  347135.000     0.999999      3528955    748982.86
  347135.000     0.999999      3528955    873813.33
  349183.000     0.999999      3528957   1048576.00
  349183.000     0.999999      3528957   1165084.44
  349183.000     0.999999      3528957   1310720.00
  349183.000     0.999999      3528957   1497965.71
  349183.000     0.999999      3528957   1747626.67
  349439.000     1.000000      3528958   2097152.00
  349439.000     1.000000      3528958   2330168.89
  349439.000     1.000000      3528958   2621440.00
  349439.000     1.000000      3528958   2995931.43
  349439.000     1.000000      3528958   3495253.33
  349695.000     1.000000      3528959   4194304.00
  349695.000     1.000000      3528959          inf
#[Mean    =    21139.508, StdDeviation   =    21000.638]
#[Max     =   349695.000, Total count    =      3528959]
#[Buckets =            9, SubBuckets     =         2048]
