       Value   Percentile   TotalCount 1/(1-Percentile)

     114.000     0.000000            1         1.00
     860.000     0.100000       338694         1.11
    1358.000     0.200000       677472         1.25
    2177.000     0.300000      1015445         1.43
    4299.000     0.400000      1353902         1.67
   10151.000     0.500000      1692397         2.00
   13855.000     0.550000      1861611         2.22
   18031.000     0.600000      2030905         2.50
   22463.000     0.650000      2199974         2.86
   26655.000     0.700000      2369354         3.33
   30575.000     0.750000      2538857         4.00
   32303.000     0.775000      2623767         4.44
   33951.000     0.800000      2708640         5.00
   35775.000     0.825000      2792245         5.71
   38143.000     0.850000      2877295         6.67
   42111.000     0.875000      2961896         8.00
   44927.000     0.887500      3003811         8.89
   48095.000     0.900000      3046267        10.00
   51551.000     0.912500      3088498        11.43
   55551.000     0.925000      3130902        13.33
   59967.000     0.937500      3173050        16.00
   62495.000     0.943750      3194375        17.78
   65407.000     0.950000      3215299        20.00
   69567.000     0.956250      3236452        22.86
   77311.000     0.962500      3257624        26.67
   89663.000     0.968750      3278805        32.00
   98367.000     0.971875      3289374        35.56
  111231.000     0.975000      3299903        40.00
  129535.000     0.978125      3310502        45.71
  150655.000     0.981250      3321080        53.33
  172671.000     0.984375      3331654        64.00
  184319.000     0.985938      3336929        71.11
  196991.000     0.987500      3342223        80.00
  209023.000     0.989062      3347551        91.43
  220159.000     0.990625      3352796       106.67
  232831.000     0.992188      3358097       128.00
  242431.000     0.992969      3360739       142.22
  252415.000     0.993750      3363386       160.00
  263167.000     0.994531      3366016       182.86
  275199.000     0.995313      3368709       213.33
  289279.000     0.996094      3371321       256.00
  297727.000     0.996484      3372646       284.44
  307455.000     0.996875      3373941       320.00
  317183.000     0.997266      3375267       365.71
  328447.000     0.997656      3376619       426.67
  336383.000     0.998047      3377908       512.00
  342015.000     0.998242      3378569       568.89
  348159.000     0.998437      3379249       640.00
  354303.000     0.998633      3379894       731.43
  363775.000     0.998828      3380551       853.33
  372991.000     0.999023      3381217      1024.00
  375807.000     0.999121      3381548      1137.78
  379135.000     0.999219      3381881      1280.00
  382975.000     0.999316      3382209      1462.86
  387327.000     0.999414      3382540      1706.67
  392191.000     0.999512      3382872      2048.00
  395007.000     0.999561      3383039      2275.56
  398591.000     0.999609      3383192      2560.00
  402943.000     0.999658      3383364      2925.71
  407039.000     0.999707      3383523      3413.33
  410367.000     0.999756      3383691      4096.00
  412671.000     0.999780      3383772      4551.11
  415999.000     0.999805      3383856      5120.00
  422143.000     0.999829      3383936      5851.43
  427775.000     0.999854      3384021      6826.67
  439295.000     0.999878      3384100      8192.00
  441599.000     0.999890      3384143      9102.22
  444927.000     0.999902      3384187     10240.00
  447487.000     0.999915      3384225     11702.86
  451583.000     0.999927      3384266     13653.33
  454399.000     0.999939      3384314     16384.00
  455167.000     0.999945      3384329     18204.44
  456959.000     0.999951      3384352     20480.00
  460031.000     0.999957      3384369     23405.71
  462847.000     0.999963      3384392     27306.67
  475135.000     0.999969      3384410     32768.00
  488447.000     0.999973      3384421     36408.89
  498431.000     0.999976      3384433     40960.00
  500223.000     0.999979      3384441     46811.43
  503295.000     0.999982      3384454     54613.33
  504575.000     0.999985      3384464     65536.00
  504831.000     0.999986      3384467     72817.78
  505599.000     0.999988      3384476     81920.00
  505855.000     0.999989      3384478     93622.86
  506623.000     0.999991      3384483    109226.67
  507391.000     0.999992      3384489    131072.00
  507647.000     0.999993      3384491    145635.56
  508159.000     0.999994      3384494    163840.00
  508415.000     0.999995      3384495    187245.71
  508671.000     0.999995      3384498    218453.33
  509183.000     0.999996      3384501    262144.00
  509439.000     0.999997      3384502    291271.11
  510207.000     0.999997      3384504    327680.00
  510207.000     0.999997      3384504    374491.43
  510719.000     0.999998      3384508    436906.67
  510719.000     0.999998      3384508    524288.00
  510719.000     0.999998      3384508    582542.22
  510719.000     0.999998      3384508    655360.00
  510975.000     0.999999      3384510    748982.86
  510975.000     0.999999      3384510    873813.33
  510975.000     0.999999      3384510   1048576.00
  511231.000     0.999999      3384511   1165084.44
  511231.000     0.999999      3384511   1310720.00
  511231.000     0.999999      3384511   1497965.71
  511487.000     0.999999      3384512   1747626.67
  511487.000     1.000000      3384512   2097152.00
  511487.000     1.000000      3384512   2330168.89
  511487.000     1.000000      3384512   2621440.00
  511487.000     1.000000      3384512   2995931.43
  511743.000     1.000000      3384513   3495253.33
  511743.000     1.000000      3384513          inf
#[Mean    =    21989.939, StdDeviation   =    37540.853]
#[Max     =   511743.000, Total count    =      3384513]
#[Buckets =            9, SubBuckets     =         2048]
