       Value   Percentile   TotalCount 1/(1-Percentile)

     152.000     0.000000            1         1.00
     567.000     0.100000       347289         1.11
    1040.000     0.200000       694064         1.25
    2411.000     0.300000      1040595         1.43
    4975.000     0.400000      1387526         1.67
    8271.000     0.500000      1734649         2.00
   10223.000     0.550000      1907951         2.22
   12487.000     0.600000      2081496         2.50
   15079.000     0.650000      2254870         2.86
   18287.000     0.700000      2428081         3.33
   22831.000     0.750000      2601659         4.00
   25359.000     0.775000      2688631         4.44
   27951.000     0.800000      2775139         5.00
   31055.000     0.825000      2861977         5.71
   34271.000     0.850000      2948477         6.67
   38047.000     0.875000      3035606         8.00
   40191.000     0.887500      3078868         8.89
   43295.000     0.900000      3121987        10.00
   47455.000     0.912500      3165263        11.43
   53919.000     0.925000      3208596        13.33
   63775.000     0.937500      3251894        16.00
   69887.000     0.943750      3273637        17.78
   77311.000     0.950000      3295281        20.00
   86143.000     0.956250      3316921        22.86
   96959.000     0.962500      3338583        26.67
  111679.000     0.968750      3360320        32.00
  121087.000     0.971875      3371092        35.56
  131455.000     0.975000      3381923        40.00
  142591.000     0.978125      3392791        45.71
  156799.000     0.981250      3403600        53.33
  174079.000     0.984375      3414501        64.00
  183551.000     0.985938      3419899        71.11
  195327.000     0.987500      3425321        80.00
  209663.000     0.989062      3430697        91.43
  229503.000     0.990625      3436138       106.67
  252927.000     0.992188      3441553       128.00
  267263.000     0.992969      3444271       142.22
  284159.000     0.993750      3446984       160.00
  302847.000     0.994531      3449689       182.86
  327167.000     0.995313      3452391       213.33
  359167.000     0.996094      3455088       256.00
  382975.000     0.996484      3456447       284.44
  408063.000     0.996875      3457813       320.00
  434687.000     0.997266      3459153       365.71
  468735.000     0.997656      3460516       426.67
  516351.000     0.998047      3461861       512.00
  545791.000     0.998242      3462550       568.89
  574975.000     0.998437      3463219       640.00
  602111.000     0.998633      3463903       731.43
  640511.000     0.998828      3464571       853.33
  691711.000     0.999023      3465253      1024.00
  730623.000     0.999121      3465590      1137.78
  769023.000     0.999219      3465929      1280.00
  801279.000     0.999316      3466265      1462.86
  846847.000     0.999414      3466604      1706.67
  891903.000     0.999512      3466943      2048.00
  936959.000     0.999561      3467112      2275.56
  996863.000     0.999609      3467284      2560.00
 1037311.000     0.999658      3467452      2925.71
 1081343.000     0.999707      3467621      3413.33
 1117183.000     0.999756      3467798      4096.00
 1140735.000     0.999780      3467878      4551.11
 1167359.000     0.999805      3467960      5120.00
 1204223.000     0.999829      3468043      5851.43
 1266687.000     0.999854      3468127      6826.67
 1323007.000     0.999878      3468212      8192.00
 1352703.000     0.999890      3468256      9102.22
 1388543.000     0.999902      3468298     10240.00
 1425407.000     0.999915      3468339     11702.86
 1477631.000     0.999927      3468381     13653.33
 1525759.000     0.999939      3468424     16384.00
 1548287.000     0.999945      3468445     18204.44
 1588223.000     0.999951      3468468     20480.00
 1603583.000     0.999957      3468487     23405.71
 1672191.000     0.999963      3468508     27306.67
 1711103.000     0.999969      3468530     32768.00
 1746943.000     0.999973      3468540     36408.89
 1760255.000     0.999976      3468551     40960.00
 1794047.000     0.999979      3468561     46811.43
 1880063.000     0.999982      3468573     54613.33
 1898495.000     0.999985      3468583     65536.00
 1910783.000     0.999986      3468588     72817.78
 1940479.000     0.999988      3468593     81920.00
 1975295.000     0.999989      3468598     93622.86
 2001919.000     0.999991      3468604    109226.67
 2021375.000     0.999992      3468609    131072.00
 2047999.000     0.999993      3468613    145635.56
 2053119.000     0.999994      3468614    163840.00
 2209791.000     0.999995      3468617    187245.71
 2279423.000     0.999995      3468620    218453.33
 2293759.000     0.999996      3468622    262144.00
 2303999.000     0.999997      3468624    291271.11
 2308095.000     0.999997      3468625    327680.00
 2310143.000     0.999997      3468626    374491.43
 2330623.000     0.999998      3468628    436906.67
 2340863.000     0.999998      3468629    524288.00
 2353151.000     0.999998      3468630    582542.22
 2353151.000     0.999998      3468630    655360.00
 2355199.000     0.999999      3468631    748982.86
 2445311.000     0.999999      3468632    873813.33
 2445311.000     0.999999      3468632   1048576.00
 2457599.000     0.999999      3468633   1165084.44
 2457599.000     0.999999      3468633   1310720.00
 2457599.000     0.999999      3468633   1497965.71
 2471935.000     0.999999      3468634   1747626.67
 2471935.000     1.000000      3468634   2097152.00
 2471935.000     1.000000      3468634   2330168.89
 2471935.000     1.000000      3468634   2621440.00
 2471935.000     1.000000      3468634   2995931.43
 2473983.000     1.000000      3468635   3495253.33
 2473983.000     1.000000      3468635          inf
#[Mean    =    21454.669, StdDeviation   =    53107.436]
#[Max     =  2473983.000, Total count    =      3468635]
#[Buckets =           12, SubBuckets     =         2048]
