       Value   Percentile   TotalCount 1/(1-Percentile)

      76.000     0.000000            1         1.00
    1850.000     0.100000      1308167         1.11
    2022.000     0.200000      2617706         1.25
    2181.000     0.300000      3917723         1.43
    2385.000     0.400000      5222144         1.67
    2659.000     0.500000      6527007         2.00
    2811.000     0.550000      7181294         2.22
    2983.000     0.600000      7833680         2.50
    3187.000     0.650000      8482043         2.86
    3437.000     0.700000      9135828         3.33
    3729.000     0.750000      9787626         4.00
    3907.000     0.775000     10114853         4.44
    4151.000     0.800000     10441229         5.00
    4555.000     0.825000     10766652         5.71
    5331.000     0.850000     11091963         6.67
    7115.000     0.875000     11418219         8.00
    8663.000     0.887500     11581198         8.89
   11223.000     0.900000     11744458        10.00
   13919.000     0.912500     11907754        11.43
   16447.000     0.925000     12071452        13.33
   19167.000     0.937500     12233873        16.00
   21119.000     0.943750     12315264        17.78
   23663.000     0.950000     12397116        20.00
   26751.000     0.956250     12478456        22.86
   30095.000     0.962500     12560102        26.67
   34335.000     0.968750     12641700        32.00
   36703.000     0.971875     12682323        35.56
   39359.000     0.975000     12723278        40.00
   42879.000     0.978125     12763920        45.71
   47647.000     0.981250     12804574        53.33
   51967.000     0.984375     12845527        64.00
   53343.000     0.985938     12865848        71.11
   54719.000     0.987500     12886247        80.00
   56767.000     0.989062     12906667        91.43
   59903.000     0.990625     12926951       106.67
   62975.000     0.992188     12947367       128.00
   64511.000     0.992969     12957474       142.22
   66623.000     0.993750     12967725       160.00
   69695.000     0.994531     12977975       182.86
   72831.000     0.995313     12988157       213.33
   75391.000     0.996094     12998225       256.00
   76863.000     0.996484     13003397       284.44
   78847.000     0.996875     13008412       320.00
   81471.000     0.997266     13013559       365.71
   84479.000     0.997656     13018600       426.67
   88511.000     0.998047     13023658       512.00
   91391.000     0.998242     13026258       568.89
   93631.000     0.998437     13028808       640.00
   95935.000     0.998633     13031331       731.43
   98559.000     0.998828     13033873       853.33
  102079.000     0.999023     13036415      1024.00
  104255.000     0.999121     13037701      1137.78
  106687.000     0.999219     13038957      1280.00
  109887.000     0.999316     13040241      1462.86
  113023.000     0.999414     13041502      1706.67
  117119.000     0.999512     13042779      2048.00
  120575.000     0.999561     13043407      2275.56
  123391.000     0.999609     13044045      2560.00
  126335.000     0.999658     13044688      2925.71
  129343.000     0.999707     13045319      3413.33
  131583.000     0.999756     13045973      4096.00
  132479.000     0.999780     13046290      4551.11
  133503.000     0.999805     13046617      5120.00
  134655.000     0.999829     13046922      5851.43
  137215.000     0.999854     13047235      6826.67
  142207.000     0.999878     13047550      8192.00
  145663.000     0.999890     13047711      9102.22
  148863.000     0.999902     13047873     10240.00
  150655.000     0.999915     13048031     11702.86
  152063.000     0.999927     13048192     13653.33
  153599.000     0.999939     13048355     16384.00
  154367.000     0.999945     13048429     18204.44
  155647.000     0.999951     13048507     20480.00
  157951.000     0.999957     13048583     23405.71
  162047.000     0.999963     13048663     27306.67
  169855.000     0.999969     13048742     32768.00
  177791.000     0.999973     13048783     36408.89
  181247.000     0.999976     13048823     40960.00
  186111.000     0.999979     13048862     46811.43
  190591.000     0.999982     13048903     54613.33
  199807.000     0.999985     13048941     65536.00
  202751.000     0.999986     13048961     72817.78
  210175.000     0.999988     13048981     81920.00
  217983.000     0.999989     13049001     93622.86
  227071.000     0.999991     13049021    109226.67
  236799.000     0.999992     13049041    131072.00
  245119.000     0.999993     13049051    145635.56
  246399.000     0.999994     13049061    163840.00
  248703.000     0.999995     13049071    187245.71
  249983.000     0.999995     13049081    218453.33
  251519.000     0.999996     13049092    262144.00
  251903.000     0.999997     13049096    291271.11
  252543.000     0.999997     13049101    327680.00
  253055.000     0.999997     13049106    374491.43
  253823.000     0.999998     13049111    436906.67
  257535.000     0.999998     13049116    524288.00
  261247.000     0.999998     13049118    582542.22
  265727.000     0.999998     13049121    655360.00
  266495.000     0.999999     13049123    748982.86
  272383.000     0.999999     13049126    873813.33
  273151.000     0.999999     13049128   1048576.00
  274175.000     0.999999     13049129   1165084.44
  283647.000     0.999999     13049131   1310720.00
  289791.000     0.999999     13049132   1497965.71
  291071.000     0.999999     13049133   1747626.67
  291327.000     1.000000     13049134   2097152.00
  292095.000     1.000000     13049135   2330168.89
  292607.000     1.000000     13049136   2621440.00
  292607.000     1.000000     13049136   2995931.43
  292863.000     1.000000     13049137   3495253.33
  292863.000     1.000000     13049137   4194304.00
  293375.000     1.000000     13049138   4660337.78
  293375.000     1.000000     13049138   5242880.00
  293375.000     1.000000     13049138   5991862.86
  293887.000     1.000000     13049139   6990506.67
  293887.000     1.000000     13049139   8388608.00
  293887.000     1.000000     13049139   9320675.55
  293887.000     1.000000     13049139  10485760.00
  293887.000     1.000000     13049139  11983725.71
  294143.000     1.000000     13049140  13981013.34
  294143.000     1.000000     13049140          inf
#[Mean    =     5734.176, StdDeviation   =    10703.504]
#[Max     =   294143.000, Total count    =     13049140]
#[Buckets =            9, SubBuckets     =         2048]
