       Value   Percentile   TotalCount 1/(1-Percentile)

    1152.000     0.000000            1         1.00
    8123.000     0.100000       119031         1.11
    8303.000     0.200000       247271         1.25
    8367.000     0.300000       374890         1.43
    8407.000     0.400000       498877         1.67
    8431.000     0.500000       591207         2.00
    8447.000     0.550000       655451         2.22
    8463.000     0.600000       718942         2.50
    8479.000     0.650000       779778         2.86
    8495.000     0.700000       835597         3.33
    8519.000     0.750000       906786         4.00
    8527.000     0.775000       926833         4.44
    8543.000     0.800000       960846         5.00
    8551.000     0.825000       975957         5.71
    8575.000     0.850000      1013802         6.67
    8591.000     0.875000      1035363         8.00
    8607.000     0.887500      1052573         8.89
    8623.000     0.900000      1066677        10.00
    8639.000     0.912500      1079161        11.43
    8663.000     0.925000      1093946        13.33
    8703.000     0.937500      1108477        16.00
    8735.000     0.943750      1116484        17.78
    8783.000     0.950000      1124252        20.00
    8855.000     0.956250      1130852        22.86
    8967.000     0.962500      1138415        26.67
    9983.000     0.968750      1145343        32.00
   10495.000     0.971875      1149086        35.56
   10735.000     0.975000      1152773        40.00
   10911.000     0.978125      1156455        45.71
   11047.000     0.981250      1160160        53.33
   11159.000     0.984375      1164052        64.00
   11199.000     0.985938      1165808        71.11
   11239.000     0.987500      1167884        80.00
   11271.000     0.989062      1169813        91.43
   11295.000     0.990625      1171300       106.67
   11327.000     0.992188      1173145       128.00
   11343.000     0.992969      1173984       142.22
   11359.000     0.993750      1174903       160.00
   11375.000     0.994531      1175824       182.86
   11399.000     0.995313      1177056       213.33
   11415.000     0.996094      1177811       256.00
   11423.000     0.996484      1178159       284.44
   11439.000     0.996875      1178811       320.00
   11447.000     0.997266      1179101       365.71
   11463.000     0.997656      1179505       426.67
   11479.000     0.998047      1179954       512.00
   11495.000     0.998242      1180322       568.89
   11503.000     0.998437      1180503       640.00
   11519.000     0.998633      1180695       731.43
   11535.000     0.998828      1180916       853.33
   11559.000     0.999023      1181132      1024.00
   11575.000     0.999121      1181241      1137.78
   11591.000     0.999219      1181345      1280.00
   11623.000     0.999316      1181453      1462.86
   11687.000     0.999414      1181593      1706.67
   11743.000     0.999512      1181691      2048.00
   11775.000     0.999561      1181753      2275.56
   11823.000     0.999609      1181807      2560.00
   11927.000     0.999658      1181865      2925.71
   12151.000     0.999707      1181915      3413.33
   12551.000     0.999756      1181974      4096.00
   13143.000     0.999780      1182009      4551.11
   13183.000     0.999805      1182034      5120.00
   13255.000     0.999829      1182074      5851.43
   13263.000     0.999854      1182092      6826.67
   13807.000     0.999878      1182127      8192.00
   13855.000     0.999890      1182134      9102.22
   13879.000     0.999902      1182147     10240.00
   13959.000     0.999915      1182166     11702.86
   13991.000     0.999927      1182174     13653.33
   14039.000     0.999939      1182202     16384.00
   14039.000     0.999945      1182202     18204.44
   14047.000     0.999951      1182232     20480.00
   14047.000     0.999957      1182232     23405.71
   14047.000     0.999963      1182232     27306.67
   14047.000     0.999969      1182232     32768.00
   14047.000     0.999973      1182232     36408.89
   14047.000     0.999976      1182232     40960.00
   14087.000     0.999979      1182248     46811.43
   14087.000     0.999982      1182248     54613.33
   14087.000     0.999985      1182248     65536.00
   14087.000     0.999986      1182248     72817.78
   14087.000     0.999988      1182248     81920.00
   14087.000     0.999989      1182248     93622.86
   14095.000     0.999991      1182260    109226.67
   14095.000     1.000000      1182260          inf
#[Mean    =     8455.795, StdDeviation   =      578.507]
#[Max     =    14095.000, Total count    =      1182260]
#[Buckets =            4, SubBuckets     =         2048]
