       Value   Percentile   TotalCount 1/(1-Percentile)

      91.000     0.000000           11         1.00
     117.000     0.100000         6845         1.11
     127.000     0.200000        12901         1.25
     135.000     0.300000        18751         1.43
     141.000     0.400000        24953         1.67
     157.000     0.500000        31845         2.00
     159.000     0.550000        35237         2.22
     160.000     0.600000        38161         2.50
     161.000     0.650000        41574         2.86
     162.000     0.700000        44737         3.33
     163.000     0.750000        46792         4.00
     165.000     0.775000        48916         4.44
     166.000     0.800000        49815         5.00
     168.000     0.825000        51893         5.71
     169.000     0.850000        52972         6.67
     171.000     0.875000        54926         8.00
     172.000     0.887500        55702         8.89
     173.000     0.900000        56391        10.00
     174.000     0.912500        56946        11.43
     176.000     0.925000        57976        13.33
     177.000     0.937500        58697        16.00
     177.000     0.943750        58697        17.78
     178.000     0.950000        59497        20.00
     178.000     0.956250        59497        22.86
     179.000     0.962500        60145        26.67
     180.000     0.968750        60516        32.00
     180.000     0.971875        60516        35.56
     181.000     0.975000        60752        40.00
     181.000     0.978125        60752        45.71
     183.000     0.981250        61020        53.33
     184.000     0.984375        61151        64.00
     185.000     0.985938        61250        71.11
     187.000     0.987500        61414        80.00
     188.000     0.989062        61517        91.43
     188.000     0.990625        61517       106.67
     190.000     0.992188        61656       128.00
     191.000     0.992969        61702       142.22
     192.000     0.993750        61735       160.00
     194.000     0.994531        61785       182.86
     196.000     0.995313        61825       213.33
     198.000     0.996094        61863       256.00
     199.000     0.996484        61896       284.44
     200.000     0.996875        61918       320.00
     201.000     0.997266        61951       365.71
     202.000     0.997656        61966       426.67
     203.000     0.998047        61983       512.00
     204.000     0.998242        62002       568.89
     204.000     0.998437        62002       640.00
     206.000     0.998633        62025       731.43
     207.000     0.998828        62036       853.33
     208.000     0.999023        62044      1024.00
     209.000     0.999121        62047      1137.78
     211.000     0.999219        62051      1280.00
     213.000     0.999316        62058      1462.86
     214.000     0.999414        62064      1706.67
     216.000     0.999512        62071      2048.00
     217.000     0.999561        62072      2275.56
     220.000     0.999609        62075      2560.00
     231.000     0.999658        62078      2925.71
     259.000     0.999707        62081      3413.33
     288.000     0.999756        62084      4096.00
     294.000     0.999780        62086      4551.11
     298.000     0.999805        62087      5120.00
     349.000     0.999829        62089      5851.43
     402.000     0.999854        62090      6826.67
     411.000     0.999878        62092      8192.00
     432.000     0.999890        62093      9102.22
     432.000     0.999902        62093     10240.00
     480.000     0.999915        62094     11702.86
     487.000     0.999927        62095     13653.33
     608.000     0.999939        62096     16384.00
     608.000     0.999945        62096     18204.44
     608.000     0.999951        62096     20480.00
     975.000     0.999957        62097     23405.71
     975.000     0.999963        62097     27306.67
    1300.000     0.999969        62098     32768.00
    1300.000     0.999973        62098     36408.89
    1300.000     0.999976        62098     40960.00
    1300.000     0.999979        62098     46811.43
    1300.000     0.999982        62098     54613.33
    2307.000     0.999985        62099     65536.00
    2307.000     1.000000        62099          inf
#[Mean    =      148.555, StdDeviation   =       24.110]
#[Max     =     2307.000, Total count    =        62099]
#[Buckets =            2, SubBuckets     =         2048]
