       Value   Percentile   TotalCount 1/(1-Percentile)

      77.000     0.000000            1         1.00
      86.000     0.100000        19111         1.11
      98.000     0.200000        35685         1.25
     137.000     0.300000        54463         1.43
     146.000     0.400000        73144         1.67
     162.000     0.500000        91011         2.00
     164.000     0.550000        99436         2.22
     170.000     0.600000       107758         2.50
     193.000     0.650000       116188         2.86
     206.000     0.700000       124882         3.33
     211.000     0.750000       135905         4.00
     212.000     0.775000       150222         4.44
     212.000     0.800000       150222         5.00
     212.000     0.825000       150222         5.71
     213.000     0.850000       161036         6.67
     213.000     0.875000       161036         8.00
     213.000     0.887500       161036         8.89
     213.000     0.900000       161036        10.00
     214.000     0.912500       164527        11.43
     215.000     0.925000       166162        13.33
     216.000     0.937500       167410        16.00
     217.000     0.943750       168370        17.78
     219.000     0.950000       170214        20.00
     220.000     0.956250       171509        22.86
     221.000     0.962500       172607        26.67
     222.000     0.968750       173589        32.00
     222.000     0.971875       173589        35.56
     223.000     0.975000       174440        40.00
     224.000     0.978125       175049        45.71
     225.000     0.981250       175534        53.33
     226.000     0.984375       175966        64.00
     226.000     0.985938       175966        71.11
     227.000     0.987500       176340        80.00
     228.000     0.989062       176649        91.43
     229.000     0.990625       176875       106.67
     230.000     0.992188       177059       128.00
     231.000     0.992969       177249       142.22
     232.000     0.993750       177401       160.00
     233.000     0.994531       177542       182.86
     234.000     0.995313       177681       213.33
     235.000     0.996094       177778       256.00
     235.000     0.996484       177778       284.44
     236.000     0.996875       177869       320.00
     237.000     0.997266       177948       365.71
     238.000     0.997656       178010       426.67
     239.000     0.998047       178076       512.00
     240.000     0.998242       178123       568.89
     240.000     0.998437       178123       640.00
     241.000     0.998633       178159       731.43
     243.000     0.998828       178216       853.33
     244.000     0.999023       178230      1024.00
     245.000     0.999121       178255      1137.78
     245.000     0.999219       178255      1280.00
     246.000     0.999316       178275      1462.86
     248.000     0.999414       178304      1706.67
     249.000     0.999512       178312      2048.00
     250.000     0.999561       178322      2275.56
     251.000     0.999609       178328      2560.00
     255.000     0.999658       178336      2925.71
     258.000     0.999707       178342      3413.33
     274.000     0.999756       178352      4096.00
     280.000     0.999780       178355      4551.11
     302.000     0.999805       178360      5120.00
     319.000     0.999829       178364      5851.43
     361.000     0.999854       178368      6826.67
     476.000     0.999878       178373      8192.00
     497.000     0.999890       178375      9102.22
     571.000     0.999902       178377     10240.00
     598.000     0.999915       178379     11702.86
     669.000     0.999927       178381     13653.33
     887.000     0.999939       178384     16384.00
     918.000     0.999945       178385     18204.44
     923.000     0.999951       178386     20480.00
    1010.000     0.999957       178387     23405.71
    1320.000     0.999963       178388     27306.67
   17263.000     0.999969       178389     32768.00
   17375.000     0.999973       178390     36408.89
   17375.000     0.999976       178390     40960.00
   17391.000     0.999979       178391     46811.43
   17391.000     0.999982       178391     54613.33
   17423.000     0.999985       178392     65536.00
   17423.000     0.999986       178392     72817.78
   17423.000     0.999988       178392     81920.00
   17487.000     0.999989       178393     93622.86
   17487.000     0.999991       178393    109226.67
   17487.000     0.999992       178393    131072.00
   17487.000     0.999993       178393    145635.56
   17487.000     0.999994       178393    163840.00
   17503.000     0.999995       178394    187245.71
   17503.000     1.000000       178394          inf
#[Mean    =      159.087, StdDeviation   =      111.199]
#[Max     =    17503.000, Total count    =       178394]
#[Buckets =            5, SubBuckets     =         2048]
