       Value   Percentile   TotalCount 1/(1-Percentile)

      72.000     0.000000            1         1.00
     896.000     0.100000      1409217         1.11
    1879.000     0.200000      2814767         1.25
    2259.000     0.300000      4224834         1.43
    2535.000     0.400000      5632964         1.67
    2829.000     0.500000      7036428         2.00
    3013.000     0.550000      7744281         2.22
    3237.000     0.600000      8444503         2.50
    3559.000     0.650000      9147823         2.86
    4055.000     0.700000      9852574         3.33
    4627.000     0.750000     10555757         4.00
    4979.000     0.775000     10909547         4.44
    5479.000     0.800000     11259431         5.00
    7055.000     0.825000     11610321         5.71
    9383.000     0.850000     11962821         6.67
   11711.000     0.875000     12313830         8.00
   12687.000     0.887500     12489640         8.89
   13911.000     0.900000     12665681        10.00
   15295.000     0.912500     12841568        11.43
   16783.000     0.925000     13017913        13.33
   19599.000     0.937500     13193405        16.00
   21903.000     0.943750     13281864        17.78
   23423.000     0.950000     13369494        20.00
   24527.000     0.956250     13458481        22.86
   25519.000     0.962500     13545250        26.67
   26575.000     0.968750     13634123        32.00
   27103.000     0.971875     13677323        35.56
   27647.000     0.975000     13721385        40.00
   28207.000     0.978125     13765831        45.71
   28783.000     0.981250     13809565        53.33
   29407.000     0.984375     13853849        64.00
   29743.000     0.985938     13875785        71.11
   30095.000     0.987500     13897067        80.00
   30511.000     0.989062     13919482        91.43
   30975.000     0.990625     13940913       106.67
   31583.000     0.992188     13963317       128.00
   31935.000     0.992969     13973829       142.22
   32367.000     0.993750     13984933       160.00
   32927.000     0.994531     13995812       182.86
   33791.000     0.995313     14007158       213.33
   35103.000     0.996094     14017841       256.00
   36063.000     0.996484     14023351       284.44
   37407.000     0.996875     14028826       320.00
   39135.000     0.997266     14034383       365.71
   41151.000     0.997656     14039804       426.67
   43519.000     0.998047     14045312       512.00
   44767.000     0.998242     14048080       568.89
   45983.000     0.998437     14050796       640.00
   47167.000     0.998633     14053563       731.43
   48319.000     0.998828     14056339       853.33
   49311.000     0.999023     14059053      1024.00
   49759.000     0.999121     14060462      1137.78
   50143.000     0.999219     14061798      1280.00
   50559.000     0.999316     14063220      1462.86
   50943.000     0.999414     14064540      1706.67
   51391.000     0.999512     14065969      2048.00
   51615.000     0.999561     14066666      2275.56
   51839.000     0.999609     14067324      2560.00
   52095.000     0.999658     14068055      2925.71
   52351.000     0.999707     14068727      3413.33
   52639.000     0.999756     14069368      4096.00
   52799.000     0.999780     14069687      4551.11
   52991.000     0.999805     14070053      5120.00
   53183.000     0.999829     14070371      5851.43
   53439.000     0.999854     14070736      6826.67
   53759.000     0.999878     14071087      8192.00
   53919.000     0.999890     14071230      9102.22
   54143.000     0.999902     14071401     10240.00
   54431.000     0.999915     14071573     11702.86
   54847.000     0.999927     14071748     13653.33
   55487.000     0.999939     14071919     16384.00
   55999.000     0.999945     14071999     18204.44
   57023.000     0.999951     14072084     20480.00
   59487.000     0.999957     14072171     23405.71
   61567.000     0.999963     14072259     27306.67
   62751.000     0.999969     14072342     32768.00
   64671.000     0.999973     14072385     36408.89
   66495.000     0.999976     14072428     40960.00
   68799.000     0.999979     14072475     46811.43
   71935.000     0.999982     14072515     54613.33
   74431.000     0.999985     14072557     65536.00
   77631.000     0.999986     14072578     72817.78
   79999.000     0.999988     14072601     81920.00
   82111.000     0.999989     14072621     93622.86
   83647.000     0.999991     14072643    109226.67
   87167.000     0.999992     14072664    131072.00
   89983.000     0.999993     14072675    145635.56
   90687.000     0.999994     14072686    163840.00
   91775.000     0.999995     14072697    187245.71
   92543.000     0.999995     14072707    218453.33
   93311.000     0.999996     14072718    262144.00
   93759.000     0.999997     14072723    291271.11
   94527.000     0.999997     14072729    327680.00
   95103.000     0.999997     14072734    374491.43
   95615.000     0.999998     14072739    436906.67
   96319.000     0.999998     14072745    524288.00
   96383.000     0.999998     14072747    582542.22
   96575.000     0.999998     14072750    655360.00
   97023.000     0.999999     14072753    748982.86
   97599.000     0.999999     14072755    873813.33
   98047.000     0.999999     14072759   1048576.00
   98047.000     0.999999     14072759   1165084.44
   98495.000     0.999999     14072761   1310720.00
   99263.000     0.999999     14072763   1497965.71
   99263.000     0.999999     14072763   1747626.67
  100095.000     1.000000     14072765   2097152.00
  100095.000     1.000000     14072765   2330168.89
  100415.000     1.000000     14072766   2621440.00
  101311.000     1.000000     14072767   2995931.43
  101311.000     1.000000     14072767   3495253.33
  101503.000     1.000000     14072768   4194304.00
  101503.000     1.000000     14072768   4660337.78
  101695.000     1.000000     14072769   5242880.00
  101695.000     1.000000     14072769   5991862.86
  101695.000     1.000000     14072769   6990506.67
  103039.000     1.000000     14072770   8388608.00
  103039.000     1.000000     14072770   9320675.55
  103039.000     1.000000     14072770  10485760.00
  103039.000     1.000000     14072770  11983725.71
  103039.000     1.000000     14072770  13981013.34
  103295.000     1.000000     14072771  16777216.00
  103295.000     1.000000     14072771          inf
#[Mean    =     5309.535, StdDeviation   =     6830.544]
#[Max     =   103295.000, Total count    =     14072771]
#[Buckets =            7, SubBuckets     =         2048]
