       Value   Percentile   TotalCount 1/(1-Percentile)

      95.000     0.000000            8         1.00
     113.000     0.100000         7226         1.11
     119.000     0.200000        13571         1.25
     125.000     0.300000        21156         1.43
     130.000     0.400000        26706         1.67
     137.000     0.500000        33907         2.00
     143.000     0.550000        36682         2.22
     145.000     0.600000        40538         2.50
     146.000     0.650000        43642         2.86
     148.000     0.700000        47030         3.33
     152.000     0.750000        50337         4.00
     154.000     0.775000        52714         4.44
     155.000     0.800000        54414         5.00
     156.000     0.825000        56036         5.71
     157.000     0.850000        57180         6.67
     159.000     0.875000        58645         8.00
     161.000     0.887500        59515         8.89
     162.000     0.900000        59980        10.00
     164.000     0.912500        60861        11.43
     167.000     0.925000        62012        13.33
     168.000     0.937500        62628        16.00
     169.000     0.943750        63344        17.78
     169.000     0.950000        63344        20.00
     170.000     0.956250        64091        22.86
     171.000     0.962500        64581        26.67
     171.000     0.968750        64581        32.00
     172.000     0.971875        64870        35.56
     173.000     0.975000        65029        40.00
     175.000     0.978125        65279        45.71
     177.000     0.981250        65464        53.33
     179.000     0.984375        65595        64.00
     181.000     0.985938        65726        71.11
     183.000     0.987500        65821        80.00
     186.000     0.989062        65929        91.43
     191.000     0.990625        66016       106.67
     196.000     0.992188        66150       128.00
     197.000     0.992969        66235       142.22
     197.000     0.993750        66235       160.00
     198.000     0.994531        66345       182.86
     198.000     0.995313        66345       213.33
     199.000     0.996094        66439       256.00
     199.000     0.996484        66439       284.44
     199.000     0.996875        66439       320.00
     200.000     0.997266        66484       365.71
     200.000     0.997656        66484       426.67
     201.000     0.998047        66515       512.00
     202.000     0.998242        66526       568.89
     203.000     0.998437        66533       640.00
     207.000     0.998633        66544       731.43
     210.000     0.998828        66557       853.33
     212.000     0.999023        66570      1024.00
     215.000     0.999121        66578      1137.78
     219.000     0.999219        66583      1280.00
     222.000     0.999316        66591      1462.86
     223.000     0.999414        66601      1706.67
     224.000     0.999512        66607      2048.00
     224.000     0.999561        66607      2275.56
     225.000     0.999609        66610      2560.00
     227.000     0.999658        66613      2925.71
     231.000     0.999707        66616      3413.33
     248.000     0.999756        66619      4096.00
     252.000     0.999780        66621      4551.11
     302.000     0.999805        66622      5120.00
     305.000     0.999829        66624      5851.43
     316.000     0.999854        66626      6826.67
     322.000     0.999878        66627      8192.00
     329.000     0.999890        66628      9102.22
     341.000     0.999902        66629     10240.00
     365.000     0.999915        66630     11702.86
     405.000     0.999927        66631     13653.33
     405.000     0.999939        66631     16384.00
     428.000     0.999945        66632     18204.44
     428.000     0.999951        66632     20480.00
     545.000     0.999957        66633     23405.71
     545.000     0.999963        66633     27306.67
     545.000     0.999969        66633     32768.00
     615.000     0.999973        66634     36408.89
     615.000     0.999976        66634     40960.00
     615.000     0.999979        66634     46811.43
     615.000     0.999982        66634     54613.33
     615.000     0.999985        66634     65536.00
    1861.000     0.999986        66635     72817.78
    1861.000     1.000000        66635          inf
#[Mean    =      137.975, StdDeviation   =       20.768]
#[Max     =     1861.000, Total count    =        66635]
#[Buckets =            1, SubBuckets     =         2048]
