       Value   Percentile   TotalCount 1/(1-Percentile)

      78.000     0.000000            1         1.00
     579.000     0.100000       802231         1.11
    1138.000     0.200000      1603470         1.25
    1760.000     0.300000      2403846         1.43
    2599.000     0.400000      3205011         1.67
    3641.000     0.500000      4006714         2.00
    4179.000     0.550000      4406737         2.22
    4719.000     0.600000      4807332         2.50
    5263.000     0.650000      5208741         2.86
    5827.000     0.700000      5608724         3.33
    6447.000     0.750000      6009587         4.00
    6787.000     0.775000      6209835         4.44
    7155.000     0.800000      6409301         5.00
    7563.000     0.825000      6610382         5.71
    8015.000     0.850000      6809999         6.67
    8535.000     0.875000      7010658         8.00
    8831.000     0.887500      7111736         8.89
    9151.000     0.900000      7211646        10.00
    9503.000     0.912500      7310936        11.43
    9903.000     0.925000      7410865        13.33
   10367.000     0.937500      7511069        16.00
   10631.000     0.943750      7561146        17.78
   10919.000     0.950000      7610611        20.00
   11247.000     0.956250      7661205        22.86
   11615.000     0.962500      7710766        26.67
   12055.000     0.968750      7761518        32.00
   12303.000     0.971875      7785877        35.56
   12591.000     0.975000      7810917        40.00
   12919.000     0.978125      7836011        45.71
   13311.000     0.981250      7861198        53.33
   13775.000     0.984375      7885954        64.00
   14063.000     0.985938      7898671        71.11
   14391.000     0.987500      7911186        80.00
   14767.000     0.989062      7923645        91.43
   15215.000     0.990625      7936176       106.67
   15759.000     0.992188      7948543       128.00
   16087.000     0.992969      7954819       142.22
   16463.000     0.993750      7961096       160.00
   16911.000     0.994531      7967392       182.86
   17439.000     0.995313      7973602       213.33
   18127.000     0.996094      7979914       256.00
   18543.000     0.996484      7983002       284.44
   19039.000     0.996875      7986157       320.00
   19615.000     0.997266      7989264       365.71
   20303.000     0.997656      7992403       426.67
   21135.000     0.998047      7995489       512.00
   21631.000     0.998242      7997060       568.89
   22223.000     0.998437      7998636       640.00
   22895.000     0.998633      8000199       731.43
   23679.000     0.998828      8001761       853.33
   24623.000     0.999023      8003318      1024.00
   25199.000     0.999121      8004099      1137.78
   25855.000     0.999219      8004874      1280.00
   26639.000     0.999316      8005655      1462.86
   27567.000     0.999414      8006432      1706.67
   28847.000     0.999512      8007217      2048.00
   29567.000     0.999561      8007604      2275.56
   30351.000     0.999609      8007995      2560.00
   31247.000     0.999658      8008395      2925.71
   32127.000     0.999707      8008779      3413.33
   33215.000     0.999756      8009182      4096.00
   33727.000     0.999780      8009374      4551.11
   34271.000     0.999805      8009562      5120.00
   34879.000     0.999829      8009763      5851.43
   35551.000     0.999854      8009956      6826.67
   36447.000     0.999878      8010154      8192.00
   36895.000     0.999890      8010247      9102.22
   37439.000     0.999902      8010346     10240.00
   38111.000     0.999915      8010444     11702.86
   38687.000     0.999927      8010538     13653.33
   39455.000     0.999939      8010637     16384.00
   39775.000     0.999945      8010685     18204.44
   40191.000     0.999951      8010734     20480.00
   40735.000     0.999957      8010786     23405.71
   41279.000     0.999963      8010832     27306.67
   41951.000     0.999969      8010880     32768.00
   42303.000     0.999973      8010904     36408.89
   42655.000     0.999976      8010931     40960.00
   43135.000     0.999979      8010953     46811.43
   43551.000     0.999982      8010978     54613.33
   44063.000     0.999985      8011003     65536.00
   44319.000     0.999986      8011015     72817.78
   44543.000     0.999988      8011027     81920.00
   44959.000     0.999989      8011039     93622.86
   45247.000     0.999991      8011051    109226.67
   45983.000     0.999992      8011063    131072.00
   46367.000     0.999993      8011069    145635.56
   46591.000     0.999994      8011076    163840.00
   46847.000     0.999995      8011083    187245.71
   47263.000     0.999995      8011088    218453.33
   47871.000     0.999996      8011094    262144.00
   48031.000     0.999997      8011097    291271.11
   48799.000     0.999997      8011100    327680.00
   49279.000     0.999997      8011103    374491.43
   49951.000     0.999998      8011106    436906.67
   50463.000     0.999998      8011109    524288.00
   50495.000     0.999998      8011111    582542.22
   50879.000     0.999998      8011112    655360.00
   51039.000     0.999999      8011114    748982.86
   51391.000     0.999999      8011115    873813.33
   51839.000     0.999999      8011117   1048576.00
   52063.000     0.999999      8011118   1165084.44
   52063.000     0.999999      8011118   1310720.00
   52191.000     0.999999      8011119   1497965.71
   52319.000     0.999999      8011120   1747626.67
   52607.000     1.000000      8011121   2097152.00
   52607.000     1.000000      8011121   2330168.89
   52607.000     1.000000      8011121   2621440.00
   52735.000     1.000000      8011122   2995931.43
   52735.000     1.000000      8011122   3495253.33
   53599.000     1.000000      8011123   4194304.00
   53599.000     1.000000      8011123   4660337.78
   53599.000     1.000000      8011123   5242880.00
   53599.000     1.000000      8011123   5991862.86
   53599.000     1.000000      8011123   6990506.67
   53983.000     1.000000      8011124   8388608.00
   53983.000     1.000000      8011124          inf
#[Mean    =     4371.475, StdDeviation   =     3578.386]
#[Max     =    53983.000, Total count    =      8011124]
#[Buckets =            6, SubBuckets     =         2048]
