       Value   Percentile   TotalCount 1/(1-Percentile)

    2012.000     0.000000            1         1.00
   55839.000     0.100000        22153         1.11
   55903.000     0.200000        47262         1.25
   55935.000     0.300000        58203         1.43
   55999.000     0.400000        72614         1.67
   56127.000     0.500000        96018         2.00
   56159.000     0.550000       107259         2.22
   56159.000     0.600000       107259         2.50
   56191.000     0.650000       120078         2.86
   56223.000     0.700000       131940         3.33
   56255.000     0.750000       141065         4.00
   56255.000     0.775000       141065         4.44
   56287.000     0.800000       147899         5.00
   56287.000     0.825000       147899         5.71
   56319.000     0.850000       152123         6.67
   56383.000     0.875000       156538         8.00
   56447.000     0.887500       158218         8.89
   56671.000     0.900000       160020        10.00
   56799.000     0.912500       162983        11.43
   56831.000     0.925000       164991        13.33
   56863.000     0.937500       167300        16.00
   56895.000     0.943750       169406        17.78
   56895.000     0.950000       169406        20.00
   56927.000     0.956250       171118        22.86
   56927.000     0.962500       171118        26.67
   56959.000     0.968750       172258        32.00
   56991.000     0.971875       173006        35.56
   57023.000     0.975000       173430        40.00
   57087.000     0.978125       173888        45.71
   57727.000     0.981250       174351        53.33
   58079.000     0.984375       174964        64.00
   58143.000     0.985938       175207        71.11
   58207.000     0.987500       175458        80.00
   58271.000     0.989062       175740        91.43
   58335.000     0.990625       176113       106.67
   58399.000     0.992188       176360       128.00
   58431.000     0.992969       176477       142.22
   58463.000     0.993750       176602       160.00
   58527.000     0.994531       176785       182.86
   58591.000     0.995313       176901       213.33
   58655.000     0.996094       177082       256.00
   58655.000     0.996484       177082       284.44
   58719.000     0.996875       177144       320.00
   58815.000     0.997266       177203       365.71
   59007.000     0.997656       177270       426.67
   59071.000     0.998047       177331       512.00
   59167.000     0.998242       177370       568.89
   59263.000     0.998437       177403       640.00
   59359.000     0.998633       177443       731.43
   59487.000     0.998828       177468       853.33
   59967.000     0.999023       177503      1024.00
   60319.000     0.999121       177524      1137.78
   60895.000     0.999219       177539      1280.00
   61407.000     0.999316       177555      1462.86
   62527.000     0.999414       177572      1706.67
   62655.000     0.999512       177593      2048.00
   63071.000     0.999561       177603      2275.56
   63103.000     0.999609       177609      2560.00
   63359.000     0.999658       177617      2925.71
   63455.000     0.999707       177625      3413.33
   63871.000     0.999756       177634      4096.00
   63903.000     0.999780       177637      4551.11
   64415.000     0.999805       177649      5120.00
   64415.000     0.999829       177649      5851.43
   64447.000     0.999854       177650      6826.67
   64671.000     0.999878       177656      8192.00
   64703.000     0.999890       177658      9102.22
   64735.000     0.999902       177661     10240.00
   64735.000     0.999915       177661     11702.86
   64767.000     0.999927       177663     13653.33
   64799.000     0.999939       177666     16384.00
   65247.000     0.999945       177668     18204.44
   65247.000     0.999951       177668     20480.00
   65279.000     0.999957       177671     23405.71
   65279.000     0.999963       177671     27306.67
   65279.000     0.999969       177671     32768.00
   65311.000     0.999973       177672     36408.89
   65311.000     0.999976       177672     40960.00
   65375.000     0.999979       177673     46811.43
   65375.000     0.999982       177673     54613.33
   65407.000     0.999985       177676     65536.00
   65407.000     1.000000       177676          inf
#[Mean    =    56074.774, StdDeviation   =     1558.307]
#[Max     =    65407.000, Total count    =       177676]
#[Buckets =            6, SubBuckets     =         2048]
