       Value   Percentile   TotalCount 1/(1-Percentile)

    1779.000     0.000000            1         1.00
   55743.000     0.100000        20143         1.11
   55807.000     0.200000        41541         1.25
   55871.000     0.300000        61657         1.43
   55935.000     0.400000        75130         1.67
   56031.000     0.500000        94169         2.00
   56063.000     0.550000       103994         2.22
   56095.000     0.600000       114380         2.50
   56127.000     0.650000       125338         2.86
   56127.000     0.700000       125338         3.33
   56159.000     0.750000       134994         4.00
   56191.000     0.775000       142669         4.44
   56191.000     0.800000       142669         5.00
   56223.000     0.825000       148408         5.71
   56255.000     0.850000       152696         6.67
   56319.000     0.875000       157026         8.00
   56383.000     0.887500       158577         8.89
   56607.000     0.900000       160569        10.00
   56703.000     0.912500       163218        11.43
   56735.000     0.925000       164918        13.33
   56799.000     0.937500       168868        16.00
   56799.000     0.943750       168868        17.78
   56831.000     0.950000       170588        20.00
   56831.000     0.956250       170588        22.86
   56863.000     0.962500       171948        26.67
   56895.000     0.968750       172964        32.00
   56927.000     0.971875       173606        35.56
   56927.000     0.975000       173606        40.00
   56991.000     0.978125       174209        45.71
   57407.000     0.981250       174724        53.33
   57823.000     0.984375       175352        64.00
   57919.000     0.985938       175580        71.11
   57983.000     0.987500       175857        80.00
   58047.000     0.989062       176131        91.43
   58111.000     0.990625       176467       106.67
   58175.000     0.992188       176694       128.00
   58239.000     0.992969       176906       142.22
   58271.000     0.993750       176967       160.00
   58335.000     0.994531       177171       182.86
   58399.000     0.995313       177242       213.33
   58495.000     0.996094       177434       256.00
   58495.000     0.996484       177434       284.44
   58559.000     0.996875       177524       320.00
   58591.000     0.997266       177581       365.71
   58655.000     0.997656       177665       426.67
   58751.000     0.998047       177716       512.00
   58847.000     0.998242       177755       568.89
   58911.000     0.998437       177779       640.00
   59007.000     0.998633       177813       731.43
   59135.000     0.998828       177861       853.33
   59199.000     0.999023       177888      1024.00
   59231.000     0.999121       177900      1137.78
   59903.000     0.999219       177918      1280.00
   60447.000     0.999316       177935      1462.86
   60799.000     0.999414       177954      1706.67
   61311.000     0.999512       177973      2048.00
   61503.000     0.999561       177979      2275.56
   61823.000     0.999609       177988      2560.00
   62111.000     0.999658       178002      2925.71
   62559.000     0.999707       178005      3413.33
   62655.000     0.999756       178013      4096.00
   62687.000     0.999780       178017      4551.11
   63135.000     0.999805       178024      5120.00
   63167.000     0.999829       178027      5851.43
   63199.000     0.999854       178035      6826.67
   63199.000     0.999878       178035      8192.00
   63231.000     0.999890       178037      9102.22
   63871.000     0.999902       178045     10240.00
   63871.000     0.999915       178045     11702.86
   63871.000     0.999927       178045     13653.33
   63935.000     0.999939       178048     16384.00
   63935.000     0.999945       178048     18204.44
   63935.000     0.999951       178048     20480.00
   63967.000     0.999957       178052     23405.71
   63967.000     0.999963       178052     27306.67
   63967.000     0.999969       178052     32768.00
   63967.000     0.999973       178052     36408.89
   63967.000     0.999976       178052     40960.00
   63999.000     0.999979       178055     46811.43
   63999.000     0.999982       178055     54613.33
   63999.000     0.999985       178055     65536.00
   63999.000     0.999986       178055     72817.78
   63999.000     0.999988       178055     81920.00
   63999.000     0.999989       178055     93622.86
   63999.000     0.999991       178055    109226.67
   63999.000     0.999992       178055    131072.00
   63999.000     0.999993       178055    145635.56
   63999.000     0.999994       178055    163840.00
   64031.000     0.999995       178056    187245.71
   64031.000     1.000000       178056          inf
#[Mean    =    55986.441, StdDeviation   =     1591.630]
#[Max     =    64031.000, Total count    =       178056]
#[Buckets =            6, SubBuckets     =         2048]
