       Value   Percentile   TotalCount 1/(1-Percentile)

      85.000     0.000000            1         1.00
     110.000     0.100000        17000         1.11
     120.000     0.200000        32989         1.25
     144.000     0.300000        49542         1.43
     173.000     0.400000        66343         1.67
     186.000     0.500000        82258         2.00
     189.000     0.550000        90646         2.22
     197.000     0.600000        98586         2.50
     201.000     0.650000       109911         2.86
     202.000     0.700000       117315         3.33
     203.000     0.750000       128363         4.00
     203.000     0.775000       128363         4.44
     204.000     0.800000       137328         5.00
     204.000     0.825000       137328         5.71
     205.000     0.850000       141782         6.67
     206.000     0.875000       144038         8.00
     207.000     0.887500       145879         8.89
     209.000     0.900000       149382        10.00
     210.000     0.912500       151290        11.43
     211.000     0.925000       153021        13.33
     212.000     0.937500       154479        16.00
     213.000     0.943750       155658        17.78
     214.000     0.950000       156593        20.00
     215.000     0.956250       157346        22.86
     216.000     0.962500       158059        26.67
     218.000     0.968750       159462        32.00
     219.000     0.971875       160135        35.56
     219.000     0.975000       160135        40.00
     220.000     0.978125       160781        45.71
     221.000     0.981250       161285        53.33
     222.000     0.984375       161707        64.00
     223.000     0.985938       162049        71.11
     224.000     0.987500       162361        80.00
     225.000     0.989062       162592        91.43
     226.000     0.990625       162760       106.67
     227.000     0.992188       162940       128.00
     228.000     0.992969       163100       142.22
     229.000     0.993750       163228       160.00
     230.000     0.994531       163333       182.86
     232.000     0.995313       163518       213.33
     233.000     0.996094       163609       256.00
     234.000     0.996484       163677       284.44
     235.000     0.996875       163733       320.00
     236.000     0.997266       163784       365.71
     237.000     0.997656       163828       426.67
     239.000     0.998047       163891       512.00
     241.000     0.998242       163944       568.89
     242.000     0.998437       163968       640.00
     243.000     0.998633       163991       731.43
     246.000     0.998828       164026       853.33
     248.000     0.999023       164051      1024.00
     250.000     0.999121       164071      1137.78
     251.000     0.999219       164080      1280.00
     255.000     0.999316       164103      1462.86
     257.000     0.999414       164111      1706.67
     263.000     0.999512       164128      2048.00
     266.000     0.999561       164138      2275.56
     269.000     0.999609       164145      2560.00
     273.000     0.999658       164154      2925.71
     286.000     0.999707       164160      3413.33
     329.000     0.999756       164167      4096.00
     354.000     0.999780       164171      4551.11
     376.000     0.999805       164175      5120.00
     417.000     0.999829       164180      5851.43
     430.000     0.999854       164183      6826.67
     584.000     0.999878       164187      8192.00
     654.000     0.999890       164189      9102.22
    1839.000     0.999902       164191     10240.00
    5299.000     0.999915       164193     11702.86
    5435.000     0.999927       164195     13653.33
    5531.000     0.999939       164197     16384.00
    5823.000     0.999945       164198     18204.44
    5903.000     0.999951       164199     20480.00
    6067.000     0.999957       164200     23405.71
    6279.000     0.999963       164201     27306.67
    6827.000     0.999969       164202     32768.00
   17951.000     0.999973       164203     36408.89
   17951.000     0.999976       164203     40960.00
   18063.000     0.999979       164204     46811.43
   18063.000     0.999982       164204     54613.33
   21695.000     0.999985       164205     65536.00
   21695.000     0.999986       164205     72817.78
   21695.000     0.999988       164205     81920.00
   21743.000     0.999989       164206     93622.86
   21743.000     0.999991       164206    109226.67
   21743.000     0.999992       164206    131072.00
   21743.000     0.999993       164206    145635.56
   21743.000     0.999994       164206    163840.00
   23039.000     0.999995       164207    187245.71
   23039.000     1.000000       164207          inf
#[Mean    =      171.577, StdDeviation   =      127.951]
#[Max     =    23039.000, Total count    =       164207]
#[Buckets =            5, SubBuckets     =         2048]
