       Value   Percentile   TotalCount 1/(1-Percentile)

      68.000     0.000000            1         1.00
     335.000     0.100000       956775         1.11
     481.000     0.200000      1909993         1.25
     642.000     0.300000      2863572         1.43
     845.000     0.400000      3816923         1.67
    1136.000     0.500000      4767802         2.00
    1342.000     0.550000      5245665         2.22
    1621.000     0.600000      5721155         2.50
    2001.000     0.650000      6198419         2.86
    2479.000     0.700000      6674659         3.33
    3073.000     0.750000      7151585         4.00
    3443.000     0.775000      7389790         4.44
    3911.000     0.800000      7628185         5.00
    4575.000     0.825000      7867591         5.71
    5559.000     0.850000      8105402         6.67
    7095.000     0.875000      8343400         8.00
    8279.000     0.887500      8463163         8.89
    9767.000     0.900000      8582187        10.00
   11543.000     0.912500      8701232        11.43
   13719.000     0.925000      8820027        13.33
   16447.000     0.937500      8939575        16.00
   18063.000     0.943750      8999233        17.78
   19951.000     0.950000      9058510        20.00
   22271.000     0.956250      9118281        22.86
   25119.000     0.962500      9177583        26.67
   28975.000     0.968750      9237386        32.00
   31263.000     0.971875      9267012        35.56
   33823.000     0.975000      9296850        40.00
   36639.000     0.978125      9326768        45.71
   39743.000     0.981250      9356380        53.33
   43519.000     0.984375      9386283        64.00
   45791.000     0.985938      9401220        71.11
   48287.000     0.987500      9415960        80.00
   51263.000     0.989062      9430869        91.43
   54783.000     0.990625      9445792       106.67
   59071.000     0.992188      9460712       128.00
   61599.000     0.992969      9468105       142.22
   64767.000     0.993750      9475600       160.00
   68479.000     0.994531      9483091       182.86
   73151.000     0.995313      9490538       213.33
   79999.000     0.996094      9497916       256.00
   84095.000     0.996484      9501670       284.44
   89791.000     0.996875      9505385       320.00
   96959.000     0.997266      9509075       365.71
  112255.000     0.997656      9512796       426.67
  170751.000     0.998047      9516518       512.00
  195327.000     0.998242      9518402       568.89
  206335.000     0.998437      9520257       640.00
  250623.000     0.998633      9522110       731.43
  429311.000     0.998828      9523968       853.33
  719359.000     0.999023      9525831      1024.00
  807935.000     0.999121      9526764      1137.78
  911359.000     0.999219      9527697      1280.00
  986111.000     0.999316      9528626      1462.86
 1193983.000     0.999414      9529565      1706.67
 1320959.000     0.999512      9530490      2048.00
 1351679.000     0.999561      9530962      2275.56
 1395711.000     0.999609      9531417      2560.00
 1507327.000     0.999658      9531887      2925.71
 1601535.000     0.999707      9532354      3413.33
 1894399.000     0.999756      9532816      4096.00
 2031615.000     0.999780      9533047      4551.11
 2310143.000     0.999805      9533280      5120.00
 2656255.000     0.999829      9533513      5851.43
 2869247.000     0.999854      9533751      6826.67
 3037183.000     0.999878      9533986      8192.00
 3121151.000     0.999890      9534095      9102.22
 3260415.000     0.999902      9534211     10240.00
 3571711.000     0.999915      9534328     11702.86
 3809279.000     0.999927      9534444     13653.33
 3966975.000     0.999939      9534560     16384.00
 4120575.000     0.999945      9534619     18204.44
 4161535.000     0.999951      9534677     20480.00
 4325375.000     0.999957      9534737     23405.71
 4419583.000     0.999963      9534792     27306.67
 4481023.000     0.999969      9534851     32768.00
 4526079.000     0.999973      9534880     36408.89
 4571135.000     0.999976      9534909     40960.00
 4710399.000     0.999979      9534940     46811.43
 4812799.000     0.999982      9534969     54613.33
 4935679.000     0.999985      9534998     65536.00
 4993023.000     0.999986      9535011     72817.78
 5029887.000     0.999988      9535025     81920.00
 5132287.000     0.999989      9535040     93622.86
 5193727.000     0.999991      9535059    109226.67
 5414911.000     0.999992      9535070    131072.00
 5513215.000     0.999993      9535076    145635.56
 5664767.000     0.999994      9535083    163840.00
 5890047.000     0.999995      9535092    187245.71
 5910527.000     0.999995      9535098    218453.33
 5943295.000     0.999996      9535105    262144.00
 6021119.000     0.999997      9535109    291271.11
 6029311.000     0.999997      9535112    327680.00
 6033407.000     0.999997      9535118    374491.43
 6037503.000     0.999998      9535125    436906.67
 6037503.000     0.999998      9535125    524288.00
 6037503.000     0.999998      9535125    582542.22
 6041599.000     0.999998      9535135    655360.00
 6041599.000     0.999999      9535135    748982.86
 6041599.000     0.999999      9535135    873813.33
 6041599.000     0.999999      9535135   1048576.00
 6041599.000     0.999999      9535135   1165084.44
 6041599.000     0.999999      9535135   1310720.00
 6041599.000     0.999999      9535135   1497965.71
 6045695.000     0.999999      9535139   1747626.67
 6045695.000     1.000000      9535139   2097152.00
 6045695.000     1.000000      9535139   2330168.89
 6045695.000     1.000000      9535139   2621440.00
 6045695.000     1.000000      9535139   2995931.43
 6045695.000     1.000000      9535139   3495253.33
 6045695.000     1.000000      9535139   4194304.00
 6045695.000     1.000000      9535139   4660337.78
 6049791.000     1.000000      9535141   5242880.00
 6049791.000     1.000000      9535141          inf
#[Mean    =     6036.755, StdDeviation   =    63773.667]
#[Max     =  6049791.000, Total count    =      9535141]
#[Buckets =           13, SubBuckets     =         2048]
