       Value   Percentile   TotalCount 1/(1-Percentile)

      77.000     0.000000            1         1.00
     638.000     0.100000       485806         1.11
    1059.000     0.200000       971865         1.25
    1552.000     0.300000      1456681         1.43
    2175.000     0.400000      1942234         1.67
    3013.000     0.500000      2427929         2.00
    3565.000     0.550000      2670624         2.22
    4243.000     0.600000      2913927         2.50
    5075.000     0.650000      3156238         2.86
    6103.000     0.700000      3398989         3.33
    7375.000     0.750000      3641745         4.00
    8115.000     0.775000      3763159         4.44
    8943.000     0.800000      3885550         5.00
    9839.000     0.825000      4006193         5.71
   10847.000     0.850000      4127274         6.67
   11983.000     0.875000      4249032         8.00
   12615.000     0.887500      4309828         8.89
   13295.000     0.900000      4370475        10.00
   14055.000     0.912500      4430988        11.43
   14903.000     0.925000      4491747        13.33
   15855.000     0.937500      4552474        16.00
   16383.000     0.943750      4582696        17.78
   16959.000     0.950000      4613098        20.00
   17583.000     0.956250      4643197        22.86
   18303.000     0.962500      4674128        26.67
   19103.000     0.968750      4704153        32.00
   19551.000     0.971875      4719149        35.56
   20031.000     0.975000      4734268        40.00
   20575.000     0.978125      4749623        45.71
   21183.000     0.981250      4764724        53.33
   21887.000     0.984375      4779872        64.00
   22271.000     0.985938      4787365        71.11
   22703.000     0.987500      4795111        80.00
   23183.000     0.989062      4802533        91.43
   23727.000     0.990625      4810126       106.67
   24367.000     0.992188      4817779       128.00
   24735.000     0.992969      4821521       142.22
   25135.000     0.993750      4825232       160.00
   25599.000     0.994531      4829029       182.86
   26127.000     0.995313      4832898       213.33
   26735.000     0.996094      4836620       256.00
   27103.000     0.996484      4838534       284.44
   27503.000     0.996875      4840430       320.00
   27967.000     0.997266      4842333       365.71
   28479.000     0.997656      4844220       426.67
   29103.000     0.998047      4846105       512.00
   29455.000     0.998242      4847045       568.89
   29855.000     0.998437      4847991       640.00
   30351.000     0.998633      4848950       731.43
   30895.000     0.998828      4849899       853.33
   31567.000     0.999023      4850848      1024.00
   31983.000     0.999121      4851314      1137.78
   32479.000     0.999219      4851784      1280.00
   33055.000     0.999316      4852272      1462.86
   33759.000     0.999414      4852743      1706.67
   34495.000     0.999512      4853219      2048.00
   34879.000     0.999561      4853448      2275.56
   35327.000     0.999609      4853690      2560.00
   35967.000     0.999658      4853918      2925.71
   36799.000     0.999707      4854158      3413.33
   38047.000     0.999756      4854392      4096.00
   38975.000     0.999780      4854512      4551.11
   39679.000     0.999805      4854629      5120.00
   40671.000     0.999829      4854753      5851.43
   41599.000     0.999854      4854868      6826.67
   43263.000     0.999878      4854984      8192.00
   45247.000     0.999890      4855043      9102.22
   46367.000     0.999902      4855105     10240.00
   47295.000     0.999915      4855162     11702.86
   49439.000     0.999927      4855221     13653.33
   54015.000     0.999939      4855280     16384.00
   54399.000     0.999945      4855310     18204.44
   55327.000     0.999951      4855340     20480.00
   55871.000     0.999957      4855369     23405.71
   60831.000     0.999963      4855399     27306.67
   61951.000     0.999969      4855429     32768.00
   62687.000     0.999973      4855444     36408.89
   64351.000     0.999976      4855458     40960.00
   66943.000     0.999979      4855473     46811.43
   69311.000     0.999982      4855489     54613.33
   74751.000     0.999985      4855502     65536.00
   75071.000     0.999986      4855510     72817.78
   75775.000     0.999988      4855517     81920.00
   77183.000     0.999989      4855525     93622.86
   78719.000     0.999991      4855532    109226.67
   81407.000     0.999992      4855539    131072.00
   81599.000     0.999993      4855543    145635.56
   82239.000     0.999994      4855547    163840.00
   82943.000     0.999995      4855552    187245.71
   83007.000     0.999995      4855554    218453.33
   83583.000     0.999996      4855558    262144.00
   83839.000     0.999997      4855560    291271.11
   84479.000     0.999997      4855563    327680.00
   84543.000     0.999997      4855564    374491.43
   85375.000     0.999998      4855566    436906.67
   90815.000     0.999998      4855567    524288.00
   91263.000     0.999998      4855568    582542.22
   97983.000     0.999998      4855570    655360.00
   97983.000     0.999999      4855570    748982.86
   98175.000     0.999999      4855571    873813.33
   99071.000     0.999999      4855572   1048576.00
   99071.000     0.999999      4855572   1165084.44
   99263.000     0.999999      4855573   1310720.00
   99263.000     0.999999      4855573   1497965.71
   99327.000     0.999999      4855574   1747626.67
   99327.000     1.000000      4855574   2097152.00
   99327.000     1.000000      4855574   2330168.89
   99647.000     1.000000      4855575   2621440.00
   99647.000     1.000000      4855575   2995931.43
   99647.000     1.000000      4855575   3495253.33
   99647.000     1.000000      4855575   4194304.00
   99647.000     1.000000      4855575   4660337.78
  100287.000     1.000000      4855576   5242880.00
  100287.000     1.000000      4855576          inf
#[Mean    =     5206.177, StdDeviation   =     5485.973]
#[Max     =   100287.000, Total count    =      4855576]
#[Buckets =            7, SubBuckets     =         2048]
