       Value   Percentile   TotalCount 1/(1-Percentile)

     105.000     0.000000            1         1.00
     137.000     0.100000        13630         1.11
     177.000     0.200000        26955         1.25
     189.000     0.300000        41351         1.43
     198.000     0.400000        54598         1.67
     212.000     0.500000        67933         2.00
     221.000     0.550000        74274         2.22
     231.000     0.600000        80974         2.50
     242.000     0.650000        88227         2.86
     248.000     0.700000        94909         3.33
     250.000     0.750000       101129         4.00
     253.000     0.775000       104815         4.44
     256.000     0.800000       108158         5.00
     258.000     0.825000       114453         5.71
     259.000     0.850000       116966         6.67
     260.000     0.875000       118393         8.00
     262.000     0.887500       120100         8.89
     264.000     0.900000       121493        10.00
     266.000     0.912500       124030        11.43
     267.000     0.925000       126246        13.33
     268.000     0.937500       128212        16.00
     268.000     0.943750       128212        17.78
     268.000     0.950000       128212        20.00
     269.000     0.956250       129390        22.86
     270.000     0.962500       130176        26.67
     271.000     0.968750       130760        32.00
     272.000     0.971875       131218        35.56
     273.000     0.975000       131626        40.00
     274.000     0.978125       132022        45.71
     275.000     0.981250       132407        53.33
     276.000     0.984375       132738        64.00
     277.000     0.985938       132974        71.11
     278.000     0.987500       133156        80.00
     279.000     0.989062       133364        91.43
     280.000     0.990625       133528       106.67
     281.000     0.992188       133703       128.00
     282.000     0.992969       133850       142.22
     283.000     0.993750       133963       160.00
     284.000     0.994531       134063       182.86
     285.000     0.995313       134132       213.33
     286.000     0.996094       134190       256.00
     287.000     0.996484       134242       284.44
     288.000     0.996875       134291       320.00
     290.000     0.997266       134358       365.71
     292.000     0.997656       134408       426.67
     293.000     0.998047       134438       512.00
     295.000     0.998242       134471       568.89
     297.000     0.998437       134498       640.00
     299.000     0.998633       134524       731.43
     301.000     0.998828       134545       853.33
     304.000     0.999023       134574      1024.00
     305.000     0.999121       134583      1137.78
     308.000     0.999219       134596      1280.00
     312.000     0.999316       134609      1462.86
     317.000     0.999414       134622      1706.67
     323.000     0.999512       134637      2048.00
     326.000     0.999561       134641      2275.56
     335.000     0.999609       134648      2560.00
     342.000     0.999658       134654      2925.71
     352.000     0.999707       134661      3413.33
     377.000     0.999756       134668      4096.00
     380.000     0.999780       134671      4551.11
     432.000     0.999805       134674      5120.00
     500.000     0.999829       134677      5851.43
     662.000     0.999854       134681      6826.67
     975.000     0.999878       134684      8192.00
    2369.000     0.999890       134686      9102.22
    2429.000     0.999902       134687     10240.00
    2923.000     0.999915       134689     11702.86
    3023.000     0.999927       134691     13653.33
    3189.000     0.999939       134692     16384.00
    3413.000     0.999945       134693     18204.44
    3893.000     0.999951       134694     20480.00
   17711.000     0.999957       134695     23405.71
   17935.000     0.999963       134696     27306.67
   17935.000     0.999969       134696     32768.00
   18223.000     0.999973       134697     36408.89
   18223.000     0.999976       134697     40960.00
   21455.000     0.999979       134698     46811.43
   21455.000     0.999982       134698     54613.33
   21455.000     0.999985       134698     65536.00
   21759.000     0.999986       134699     72817.78
   21759.000     0.999988       134699     81920.00
   21759.000     0.999989       134699     93622.86
   21759.000     0.999991       134699    109226.67
   21759.000     0.999992       134699    131072.00
   23551.000     0.999993       134700    145635.56
   23551.000     1.000000       134700          inf
#[Mean    =      212.286, StdDeviation   =      142.855]
#[Max     =    23551.000, Total count    =       134700]
#[Buckets =            5, SubBuckets     =         2048]
