       Value   Percentile   TotalCount 1/(1-Percentile)

      51.000     0.000000           18         1.00
      67.000     0.100000       294769         1.11
      69.000     0.200000       496609         1.25
      72.000     0.300000       772328         1.43
      74.000     0.400000      1011823         1.67
      76.000     0.500000      1163197         2.00
      78.000     0.550000      1306210         2.22
      80.000     0.600000      1430493         2.50
      82.000     0.650000      1527300         2.86
      85.000     0.700000      1625340         3.33
      89.000     0.750000      1728845         4.00
      91.000     0.775000      1785535         4.44
      93.000     0.800000      1851273         5.00
      95.000     0.825000      1924901         5.71
      96.000     0.850000      1959869         6.67
      98.000     0.875000      2026353         8.00
      99.000     0.887500      2058224         8.89
     100.000     0.900000      2090240        10.00
     101.000     0.912500      2118900        11.43
     102.000     0.925000      2142386        13.33
     103.000     0.937500      2159943        16.00
     104.000     0.943750      2172738        17.78
     106.000     0.950000      2188650        20.00
     109.000     0.956250      2200382        22.86
     115.000     0.962500      2214258        26.67
     119.000     0.968750      2232502        32.00
     120.000     0.971875      2243222        35.56
     120.000     0.975000      2243222        40.00
     121.000     0.978125      2255952        45.71
     121.000     0.981250      2255952        53.33
     122.000     0.984375      2267837        64.00
     122.000     0.985938      2267837        71.11
     123.000     0.987500      2276575        80.00
     123.000     0.989062      2276575        91.43
     124.000     0.990625      2282538       106.67
     124.000     0.992188      2282538       128.00
     125.000     0.992969      2286452       142.22
     125.000     0.993750      2286452       160.00
     125.000     0.994531      2286452       182.86
     126.000     0.995313      2289222       213.33
     127.000     0.996094      2291347       256.00
     127.000     0.996484      2291347       284.44
     128.000     0.996875      2292861       320.00
     128.000     0.997266      2292861       365.71
     129.000     0.997656      2294028       426.67
     130.000     0.998047      2294882       512.00
     130.000     0.998242      2294882       568.89
     131.000     0.998437      2295687       640.00
     131.000     0.998633      2295687       731.43
     132.000     0.998828      2296307       853.33
     133.000     0.999023      2296804      1024.00
     133.000     0.999121      2296804      1137.78
     134.000     0.999219      2297194      1280.00
     135.000     0.999316      2297474      1462.86
     135.000     0.999414      2297474      1706.67
     137.000     0.999512      2297839      2048.00
     137.000     0.999561      2297839      2275.56
     138.000     0.999609      2297954      2560.00
     139.000     0.999658      2298077      2925.71
     140.000     0.999707      2298173      3413.33
     141.000     0.999756      2298272      4096.00
     142.000     0.999780      2298348      4551.11
     143.000     0.999805      2298416      5120.00
     143.000     0.999829      2298416      5851.43
     144.000     0.999854      2298471      6826.67
     146.000     0.999878      2298556      8192.00
     146.000     0.999890      2298556      9102.22
     147.000     0.999902      2298596     10240.00
     148.000     0.999915      2298622     11702.86
     149.000     0.999927      2298639     13653.33
     151.000     0.999939      2298675     16384.00
     152.000     0.999945      2298685     18204.44
     154.000     0.999951      2298697     20480.00
     156.000     0.999957      2298710     23405.71
     160.000     0.999963      2298726     27306.67
     166.000     0.999969      2298737     32768.00
     174.000     0.999973      2298744     36408.89
     183.000     0.999976      2298751     40960.00
     192.000     0.999979      2298758     46811.43
     210.000     0.999982      2298766     54613.33
     233.000     0.999985      2298772     65536.00
     251.000     0.999986      2298776     72817.78
     261.000     0.999988      2298779     81920.00
     275.000     0.999989      2298783     93622.86
     286.000     0.999991      2298786    109226.67
     339.000     0.999992      2298790    131072.00
     370.000     0.999993      2298792    145635.56
     394.000     0.999994      2298793    163840.00
     427.000     0.999995      2298795    187245.71
     439.000     0.999995      2298797    218453.33
     451.000     0.999996      2298799    262144.00
     470.000     0.999997      2298800    291271.11
     470.000     0.999997      2298800    327680.00
     493.000     0.999997      2298801    374491.43
     496.000     0.999998      2298802    436906.67
     498.000     0.999998      2298803    524288.00
     564.000     0.999998      2298804    582542.22
     564.000     0.999998      2298804    655360.00
     564.000     0.999999      2298804    748982.86
     579.000     0.999999      2298805    873813.33
     579.000     0.999999      2298805   1048576.00
     632.000     0.999999      2298806   1165084.44
     632.000     0.999999      2298806   1310720.00
     632.000     0.999999      2298806   1497965.71
     632.000     0.999999      2298806   1747626.67
     632.000     1.000000      2298806   2097152.00
     666.000     1.000000      2298807   2330168.89
     666.000     1.000000      2298807          inf
#[Mean    =       80.608, StdDeviation   =       14.117]
#[Max     =      666.000, Total count    =      2298807]
#[Buckets =            1, SubBuckets     =         2048]
