       Value   Percentile   TotalCount 1/(1-Percentile)

      72.000     0.000000            1         1.00
    1292.000     0.100000      1352404         1.11
    1710.000     0.200000      2705165         1.25
    1995.000     0.300000      4053360         1.43
    2297.000     0.400000      5410663         1.67
    2601.000     0.500000      6756916         2.00
    2769.000     0.550000      7432546         2.22
    2953.000     0.600000      8108504         2.50
    3161.000     0.650000      8784247         2.86
    3417.000     0.700000      9459621         3.33
    3799.000     0.750000     10133291         4.00
    4077.000     0.775000     10471143         4.44
    4447.000     0.800000     10808819         5.00
    4967.000     0.825000     11146818         5.71
    5871.000     0.850000     11484880         6.67
    7835.000     0.875000     11822373         8.00
    9383.000     0.887500     11990976         8.89
   11391.000     0.900000     12160055        10.00
   13911.000     0.912500     12328807        11.43
   16831.000     0.925000     12497860        13.33
   20095.000     0.937500     12667230        16.00
   21727.000     0.943750     12751146        17.78
   23487.000     0.950000     12835776        20.00
   25567.000     0.956250     12920066        22.86
   28287.000     0.962500     13004459        26.67
   31823.000     0.968750     13088666        32.00
   34079.000     0.971875     13130968        35.56
   36831.000     0.975000     13173289        40.00
   40127.000     0.978125     13215314        45.71
   43487.000     0.981250     13257733        53.33
   46783.000     0.984375     13299790        64.00
   48511.000     0.985938     13321159        71.11
   50495.000     0.987500     13342136        80.00
   52703.000     0.989062     13363147        91.43
   55519.000     0.990625     13384319       106.67
   59039.000     0.992188     13405413       128.00
   61151.000     0.992969     13415845       142.22
   63647.000     0.993750     13426397       160.00
   66815.000     0.994531     13437038       182.86
   70591.000     0.995313     13447508       213.33
   75775.000     0.996094     13458067       256.00
   78527.000     0.996484     13463369       284.44
   81919.000     0.996875     13468623       320.00
   85631.000     0.997266     13473929       365.71
   89471.000     0.997656     13479195       426.67
   94719.000     0.998047     13484480       512.00
   97791.000     0.998242     13487137       568.89
  100671.000     0.998437     13489766       640.00
  103551.000     0.998633     13492377       731.43
  106623.000     0.998828     13495003       853.33
  110783.000     0.999023     13497685      1024.00
  113279.000     0.999121     13498987      1137.78
  116479.000     0.999219     13500305      1280.00
  119039.000     0.999316     13501606      1462.86
  121471.000     0.999414     13502930      1706.67
  125055.000     0.999512     13504244      2048.00
  127359.000     0.999561     13504901      2275.56
  129791.000     0.999609     13505566      2560.00
  131839.000     0.999658     13506238      2925.71
  134655.000     0.999707     13506897      3413.33
  138239.000     0.999756     13507555      4096.00
  140799.000     0.999780     13507871      4551.11
  143615.000     0.999805     13508198      5120.00
  146047.000     0.999829     13508535      5851.43
  148095.000     0.999854     13508876      6826.67
  150271.000     0.999878     13509192      8192.00
  151551.000     0.999890     13509364      9102.22
  153983.000     0.999902     13509517     10240.00
  159103.000     0.999915     13509683     11702.86
  162303.000     0.999927     13509849     13653.33
  167679.000     0.999939     13510015     16384.00
  169343.000     0.999945     13510096     18204.44
  172159.000     0.999951     13510185     20480.00
  175743.000     0.999957     13510262     23405.71
  179199.000     0.999963     13510343     27306.67
  182143.000     0.999969     13510424     32768.00
  183167.000     0.999973     13510465     36408.89
  184959.000     0.999976     13510508     40960.00
  186367.000     0.999979     13510548     46811.43
  199551.000     0.999982     13510589     54613.33
  209535.000     0.999985     13510630     65536.00
  215295.000     0.999986     13510651     72817.78
  219007.000     0.999988     13510673     81920.00
  224127.000     0.999989     13510692     93622.86
  226303.000     0.999991     13510713    109226.67
  231295.000     0.999992     13510733    131072.00
  235903.000     0.999993     13510744    145635.56
  243455.000     0.999994     13510754    163840.00
  246655.000     0.999995     13510765    187245.71
  248575.000     0.999995     13510777    218453.33
  249727.000     0.999996     13510786    262144.00
  251519.000     0.999997     13510790    291271.11
  254079.000     0.999997     13510795    327680.00
  255359.000     0.999997     13510800    374491.43
  262911.000     0.999998     13510806    436906.67
  289535.000     0.999998     13510811    524288.00
  293375.000     0.999998     13510813    582542.22
  297471.000     0.999998     13510816    655360.00
  302079.000     0.999999     13510818    748982.86
  302847.000     0.999999     13510821    873813.33
  303359.000     0.999999     13510824   1048576.00
  306431.000     0.999999     13510825   1165084.44
  306943.000     0.999999     13510826   1310720.00
  307199.000     0.999999     13510827   1497965.71
  319743.000     0.999999     13510829   1747626.67
  323583.000     1.000000     13510830   2097152.00
  324095.000     1.000000     13510831   2330168.89
  324095.000     1.000000     13510831   2621440.00
  324607.000     1.000000     13510832   2995931.43
  328447.000     1.000000     13510833   3495253.33
  328447.000     1.000000     13510833   4194304.00
  328703.000     1.000000     13510834   4660337.78
  328703.000     1.000000     13510834   5242880.00
  328703.000     1.000000     13510834   5991862.86
  329215.000     1.000000     13510835   6990506.67
  329215.000     1.000000     13510835   8388608.00
  329215.000     1.000000     13510835   9320675.55
  329215.000     1.000000     13510835  10485760.00
  329215.000     1.000000     13510835  11983725.71
  329727.000     1.000000     13510836  13981013.34
  329727.000     1.000000     13510836          inf
#[Mean    =     5532.641, StdDeviation   =    10559.254]
#[Max     =   329727.000, Total count    =     13510836]
#[Buckets =            9, SubBuckets     =         2048]
