       Value   Percentile   TotalCount 1/(1-Percentile)

     211.000     0.000000            1         1.00
    1601.000     0.100000       348121         1.11
    4755.000     0.200000       696024         1.25
    8775.000     0.300000      1044251         1.43
   12679.000     0.400000      1392753         1.67
   16255.000     0.500000      1740722         2.00
   17999.000     0.550000      1915199         2.22
   19807.000     0.600000      2088808         2.50
   21855.000     0.650000      2263175         2.86
   24191.000     0.700000      2437063         3.33
   26687.000     0.750000      2610604         4.00
   28159.000     0.775000      2697651         4.44
   29807.000     0.800000      2784216         5.00
   31871.000     0.825000      2871466         5.71
   34303.000     0.850000      2958445         6.67
   37375.000     0.875000      3045492         8.00
   39199.000     0.887500      3088512         8.89
   41471.000     0.900000      3132151        10.00
   44319.000     0.912500      3175661        11.43
   47679.000     0.925000      3218971        13.33
   52095.000     0.937500      3262499        16.00
   55519.000     0.943750      3284238        17.78
   59999.000     0.950000      3306077        20.00
   65503.000     0.956250      3327814        22.86
   72127.000     0.962500      3349634        26.67
   80575.000     0.968750      3371225        32.00
   86015.000     0.971875      3382134        35.56
   91839.000     0.975000      3393001        40.00
   98111.000     0.978125      3403882        45.71
  105215.000     0.981250      3414742        53.33
  113023.000     0.984375      3425650        64.00
  118143.000     0.985938      3431064        71.11
  123711.000     0.987500      3436517        80.00
  129855.000     0.989062      3441924        91.43
  137471.000     0.990625      3447371       106.67
  146175.000     0.992188      3452855       128.00
  151039.000     0.992969      3455565       142.22
  156031.000     0.993750      3458277       160.00
  161663.000     0.994531      3460936       182.86
  168575.000     0.995313      3463667       213.33
  177791.000     0.996094      3466374       256.00
  182655.000     0.996484      3467746       284.44
  187135.000     0.996875      3469116       320.00
  192895.000     0.997266      3470461       365.71
  201215.000     0.997656      3471822       426.67
  210175.000     0.998047      3473173       512.00
  214911.000     0.998242      3473848       568.89
  219263.000     0.998437      3474534       640.00
  224511.000     0.998633      3475209       731.43
  231039.000     0.998828      3475882       853.33
  239999.000     0.999023      3476567      1024.00
  246783.000     0.999121      3476903      1137.78
  253439.000     0.999219      3477245      1280.00
  259455.000     0.999316      3477588      1462.86
  268287.000     0.999414      3477930      1706.67
  279551.000     0.999512      3478264      2048.00
  288511.000     0.999561      3478436      2275.56
  296191.000     0.999609      3478613      2560.00
  302847.000     0.999658      3478772      2925.71
  309759.000     0.999707      3478943      3413.33
  317439.000     0.999756      3479114      4096.00
  325887.000     0.999780      3479197      4551.11
  331519.000     0.999805      3479282      5120.00
  337151.000     0.999829      3479369      5851.43
  343295.000     0.999854      3479451      6826.67
  362495.000     0.999878      3479538      8192.00
  367615.000     0.999890      3479579      9102.22
  374783.000     0.999902      3479622     10240.00
  377855.000     0.999915      3479663     11702.86
  381439.000     0.999927      3479708     13653.33
  387839.000     0.999939      3479748     16384.00
  391423.000     0.999945      3479769     18204.44
  393983.000     0.999951      3479791     20480.00
  416255.000     0.999957      3479812     23405.71
  433407.000     0.999963      3479833     27306.67
  454143.000     0.999969      3479855     32768.00
  474111.000     0.999973      3479865     36408.89
  481279.000     0.999976      3479876     40960.00
  488959.000     0.999979      3479886     46811.43
  517887.000     0.999982      3479897     54613.33
  553983.000     0.999985      3479907     65536.00
  555519.000     0.999986      3479913     72817.78
  558079.000     0.999988      3479919     81920.00
  559615.000     0.999989      3479923     93622.86
  598527.000     0.999991      3479930    109226.67
  599551.000     0.999992      3479934    131072.00
  600575.000     0.999993      3479939    145635.56
  600575.000     0.999994      3479939    163840.00
  603647.000     0.999995      3479942    187245.71
  605183.000     0.999995      3479945    218453.33
  606207.000     0.999996      3479947    262144.00
  612351.000     0.999997      3479950    291271.11
  612351.000     0.999997      3479950    327680.00
  612863.000     0.999997      3479952    374491.43
  613887.000     0.999998      3479953    436906.67
  615423.000     0.999998      3479954    524288.00
  620031.000     0.999998      3479955    582542.22
  620031.000     0.999998      3479955    655360.00
  622591.000     0.999999      3479956    748982.86
  623103.000     0.999999      3479957    873813.33
  623103.000     0.999999      3479957   1048576.00
  624127.000     0.999999      3479960   1165084.44
  624127.000     1.000000      3479960          inf
#[Mean    =    21446.573, StdDeviation   =    25387.511]
#[Max     =   624127.000, Total count    =      3479960]
#[Buckets =           10, SubBuckets     =         2048]
