       Value   Percentile   TotalCount 1/(1-Percentile)

     969.000     0.000000            1         1.00
    9343.000     0.100000       106303         1.11
    9479.000     0.200000       207180         1.25
    9559.000     0.300000       312339         1.43
    9623.000     0.400000       424604         1.67
    9671.000     0.500000       518720         2.00
    9703.000     0.550000       579153         2.22
    9727.000     0.600000       623113         2.50
    9759.000     0.650000       682388         2.86
    9791.000     0.700000       733410         3.33
    9823.000     0.750000       783460         4.00
    9839.000     0.775000       805398         4.44
    9863.000     0.800000       833494         5.00
    9887.000     0.825000       857906         5.71
    9911.000     0.850000       879722         6.67
    9943.000     0.875000       905726         8.00
    9967.000     0.887500       923284         8.89
    9983.000     0.900000       933253        10.00
   10007.000     0.912500       946538        11.43
   10031.000     0.925000       957215        13.33
   10063.000     0.937500       970940        16.00
   10079.000     0.943750       977154        17.78
   10103.000     0.950000       984290        20.00
   10127.000     0.956250       990416        22.86
   10159.000     0.962500       996996        26.67
   10191.000     0.968750      1003331        32.00
   10207.000     0.971875      1005841        35.56
   10231.000     0.975000      1008954        40.00
   10263.000     0.978125      1012308        45.71
   10311.000     0.981250      1015834        53.33
   10367.000     0.984375      1018681        64.00
   10463.000     0.985938      1020223        71.11
   11407.000     0.987500      1021798        80.00
   12119.000     0.989062      1023454        91.43
   12455.000     0.990625      1025107       106.67
   12583.000     0.992188      1026683       128.00
   12663.000     0.992969      1027558       142.22
   12703.000     0.993750      1028355       160.00
   12751.000     0.994531      1029122       182.86
   12807.000     0.995313      1029963       213.33
   12863.000     0.996094      1030752       256.00
   12879.000     0.996484      1031127       284.44
   12927.000     0.996875      1031556       320.00
   12943.000     0.997266      1031906       365.71
   12983.000     0.997656      1032313       426.67
   13023.000     0.998047      1032716       512.00
   13039.000     0.998242      1033037       568.89
   13047.000     0.998437      1033242       640.00
   13063.000     0.998633      1033357       731.43
   13095.000     0.998828      1033597       853.33
   13127.000     0.999023      1033735      1024.00
   13167.000     0.999121      1033857      1137.78
   13183.000     0.999219      1033929      1280.00
   13199.000     0.999316      1034075      1462.86
   13223.000     0.999414      1034153      1706.67
   13239.000     0.999512      1034261      2048.00
   13247.000     0.999561      1034280      2275.56
   13327.000     0.999609      1034331      2560.00
   13407.000     0.999658      1034407      2925.71
   13415.000     0.999707      1034515      3413.33
   13415.000     0.999756      1034515      4096.00
   13415.000     0.999780      1034515      4551.11
   13423.000     0.999805      1034612      5120.00
   13423.000     0.999829      1034612      5851.43
   13423.000     0.999854      1034612      6826.67
   13423.000     0.999878      1034612      8192.00
   13431.000     0.999890      1034661      9102.22
   13431.000     0.999902      1034661     10240.00
   13431.000     0.999915      1034661     11702.86
   13431.000     0.999927      1034661     13653.33
   13767.000     0.999939      1034672     16384.00
   13783.000     0.999945      1034676     18204.44
   13791.000     0.999951      1034682     20480.00
   13887.000     0.999957      1034687     23405.71
   13895.000     0.999963      1034696     27306.67
   13975.000     0.999969      1034704     32768.00
   13975.000     0.999973      1034704     36408.89
   14023.000     0.999976      1034706     40960.00
   14031.000     0.999979      1034717     46811.43
   14031.000     0.999982      1034717     54613.33
   14031.000     0.999985      1034717     65536.00
   14031.000     0.999986      1034717     72817.78
   14119.000     0.999988      1034718     81920.00
   14127.000     0.999989      1034719     93622.86
   14135.000     0.999991      1034730    109226.67
   14135.000     1.000000      1034730          inf
#[Mean    =     9661.421, StdDeviation   =      531.419]
#[Max     =    14135.000, Total count    =      1034730]
#[Buckets =            4, SubBuckets     =         2048]
