       Value   Percentile   TotalCount 1/(1-Percentile)

      44.000     0.000000            1         1.00
      56.000     0.100000        45674         1.11
      59.000     0.200000       110224         1.25
      60.000     0.300000       149284         1.43
      62.000     0.400000       187112         1.67
      64.000     0.500000       238120         2.00
      64.000     0.550000       238120         2.22
      65.000     0.600000       285136         2.50
      65.000     0.650000       285136         2.86
      66.000     0.700000       308128         3.33
      68.000     0.750000       330548         4.00
      69.000     0.775000       342038         4.44
      70.000     0.800000       353675         5.00
      71.000     0.825000       364907         5.71
      72.000     0.850000       375329         6.67
      73.000     0.875000       383975         8.00
      73.000     0.887500       383975         8.89
      74.000     0.900000       391174        10.00
      75.000     0.912500       397276        11.43
      76.000     0.925000       401723        13.33
      77.000     0.937500       405020        16.00
      78.000     0.943750       407926        17.78
      79.000     0.950000       410758        20.00
      80.000     0.956250       413741        22.86
      80.000     0.962500       413741        26.67
      81.000     0.968750       416476        32.00
      82.000     0.971875       419204        35.56
      82.000     0.975000       419204        40.00
      83.000     0.978125       421804        45.71
      83.000     0.981250       421804        53.33
      84.000     0.984375       423854        64.00
      84.000     0.985938       423854        71.11
      85.000     0.987500       425273        80.00
      85.000     0.989062       425273        91.43
      86.000     0.990625       426131       106.67
      87.000     0.992188       426760       128.00
      87.000     0.992969       426760       142.22
      88.000     0.993750       427259       160.00
      89.000     0.994531       427668       182.86
      90.000     0.995313       428002       213.33
      91.000     0.996094       428294       256.00
      91.000     0.996484       428294       284.44
      92.000     0.996875       428535       320.00
      92.000     0.997266       428535       365.71
      93.000     0.997656       428740       426.67
      94.000     0.998047       428905       512.00
      95.000     0.998242       429030       568.89
      96.000     0.998437       429142       640.00
      96.000     0.998633       429142       731.43
      97.000     0.998828       429224       853.33
      99.000     0.999023       429354      1024.00
      99.000     0.999121       429354      1137.78
     100.000     0.999219       429397      1280.00
     101.000     0.999316       429452      1462.86
     102.000     0.999414       429494      1706.67
     103.000     0.999512       429525      2048.00
     103.000     0.999561       429525      2275.56
     104.000     0.999609       429549      2560.00
     105.000     0.999658       429576      2925.71
     106.000     0.999707       429589      3413.33
     108.000     0.999756       429614      4096.00
     108.000     0.999780       429614      4551.11
     109.000     0.999805       429629      5120.00
     110.000     0.999829       429639      5851.43
     111.000     0.999854       429645      6826.67
     112.000     0.999878       429659      8192.00
     112.000     0.999890       429659      9102.22
     114.000     0.999902       429669     10240.00
     115.000     0.999915       429674     11702.86
     116.000     0.999927       429676     13653.33
     118.000     0.999939       429680     16384.00
     119.000     0.999945       429683     18204.44
     121.000     0.999951       429689     20480.00
     121.000     0.999957       429689     23405.71
     123.000     0.999963       429692     27306.67
     125.000     0.999969       429693     32768.00
     128.000     0.999973       429695     36408.89
     134.000     0.999976       429696     40960.00
     138.000     0.999979       429697     46811.43
     364.000     0.999982       429699     54613.33
     370.000     0.999985       429700     65536.00
     378.000     0.999986       429701     72817.78
     378.000     0.999988       429701     81920.00
     392.000     0.999989       429702     93622.86
     416.000     0.999991       429703    109226.67
     416.000     0.999992       429703    131072.00
     431.000     0.999993       429704    145635.56
     431.000     0.999994       429704    163840.00
     431.000     0.999995       429704    187245.71
     467.000     0.999995       429705    218453.33
     467.000     0.999996       429705    262144.00
     467.000     0.999997       429705    291271.11
     467.000     0.999997       429705    327680.00
     467.000     0.999997       429705    374491.43
     569.000     0.999998       429706    436906.67
     569.000     1.000000       429706          inf
#[Mean    =       64.354, StdDeviation   =        7.453]
#[Max     =      569.000, Total count    =       429706]
#[Buckets =            1, SubBuckets     =         2048]
