       Value   Percentile   TotalCount 1/(1-Percentile)

      62.000     0.000000            2         1.00
      84.000     0.100000       158294         1.11
      96.000     0.200000       310371         1.25
     106.000     0.300000       473347         1.43
     112.000     0.400000       608264         1.67
     119.000     0.500000       784698         2.00
     121.000     0.550000       845133         2.22
     124.000     0.600000       933960         2.50
     126.000     0.650000       985790         2.86
     130.000     0.700000      1068001         3.33
     135.000     0.750000      1144853         4.00
     138.000     0.775000      1181721         4.44
     141.000     0.800000      1212739         5.00
     145.000     0.825000      1248623         5.71
     150.000     0.850000      1289534         6.67
     155.000     0.875000      1328685         8.00
     157.000     0.887500      1343572         8.89
     160.000     0.900000      1363750        10.00
     163.000     0.912500      1381274        11.43
     167.000     0.925000      1401510        13.33
     171.000     0.937500      1418605        16.00
     174.000     0.943750      1429654        17.78
     177.000     0.950000      1439259        20.00
     180.000     0.956250      1447894        22.86
     183.000     0.962500      1455637        26.67
     187.000     0.968750      1465268        32.00
     190.000     0.971875      1471348        35.56
     192.000     0.975000      1474709        40.00
     196.000     0.978125      1479908        45.71
     200.000     0.981250      1484287        53.33
     206.000     0.984375      1489296        64.00
     209.000     0.985938      1491345        71.11
     213.000     0.987500      1493903        80.00
     217.000     0.989062      1496268        91.43
     221.000     0.990625      1498257       106.67
     227.000     0.992188      1500764       128.00
     230.000     0.992969      1501926       142.22
     233.000     0.993750      1502924       160.00
     237.000     0.994531      1504141       182.86
     241.000     0.995313      1505287       213.33
     246.000     0.996094      1506556       256.00
     248.000     0.996484      1507031       284.44
     251.000     0.996875      1507730       320.00
     254.000     0.997266      1508331       365.71
     257.000     0.997656      1508855       426.67
     260.000     0.998047      1509350       512.00
     263.000     0.998242      1509784       568.89
     265.000     0.998437      1510066       640.00
     267.000     0.998633      1510307       731.43
     270.000     0.998828      1510615       853.33
     273.000     0.999023      1510884      1024.00
     275.000     0.999121      1511033      1137.78
     277.000     0.999219      1511166      1280.00
     279.000     0.999316      1511282      1462.86
     282.000     0.999414      1511439      1706.67
     285.000     0.999512      1511573      2048.00
     287.000     0.999561      1511644      2275.56
     290.000     0.999609      1511728      2560.00
     293.000     0.999658      1511785      2925.71
     298.000     0.999707      1511864      3413.33
     303.000     0.999756      1511933      4096.00
     307.000     0.999780      1511973      4551.11
     313.000     0.999805      1512008      5120.00
     322.000     0.999829      1512043      5851.43
     341.000     0.999854      1512078      6826.67
     391.000     0.999878      1512114      8192.00
     411.000     0.999890      1512132      9102.22
     423.000     0.999902      1512151     10240.00
     430.000     0.999915      1512169     11702.86
     436.000     0.999927      1512188     13653.33
     448.000     0.999939      1512206     16384.00
     457.000     0.999945      1512216     18204.44
     460.000     0.999951      1512226     20480.00
     468.000     0.999957      1512236     23405.71
     503.000     0.999963      1512243     27306.67
     533.000     0.999969      1512252     32768.00
     540.000     0.999973      1512257     36408.89
     581.000     0.999976      1512262     40960.00
     635.000     0.999979      1512266     46811.43
     778.000     0.999982      1512271     54613.33
     992.000     0.999985      1512275     65536.00
    1109.000     0.999986      1512278     72817.78
    1246.000     0.999988      1512280     81920.00
    1344.000     0.999989      1512282     93622.86
    1641.000     0.999991      1512285    109226.67
    1648.000     0.999992      1512287    131072.00
    1699.000     0.999993      1512288    145635.56
    1712.000     0.999994      1512289    163840.00
    1713.000     0.999995      1512290    187245.71
    1796.000     0.999995      1512292    218453.33
    1802.000     0.999996      1512293    262144.00
    1802.000     0.999997      1512293    291271.11
    1919.000     0.999997      1512294    327680.00
    1919.000     0.999997      1512294    374491.43
    1945.000     0.999998      1512295    436906.67
    2017.000     0.999998      1512296    524288.00
    2017.000     0.999998      1512296    582542.22
    2017.000     0.999998      1512296    655360.00
    2017.000     0.999999      1512296    748982.86
    2049.000     0.999999      1512297    873813.33
    2049.000     0.999999      1512297   1048576.00
    2049.000     0.999999      1512297   1165084.44
    2049.000     0.999999      1512297   1310720.00
    2049.000     0.999999      1512297   1497965.71
    2055.000     0.999999      1512298   1747626.67
    2055.000     1.000000      1512298          inf
#[Mean    =      121.042, StdDeviation   =       31.218]
#[Max     =     2055.000, Total count    =      1512298]
#[Buckets =            2, SubBuckets     =         2048]
