       Value   Percentile   TotalCount 1/(1-Percentile)

      83.000     0.000000            1         1.00
     114.000     0.100000       145863         1.11
     120.000     0.200000       288027         1.25
     125.000     0.300000       427294         1.43
     129.000     0.400000       544400         1.67
     134.000     0.500000       678607         2.00
     137.000     0.550000       750353         2.22
     140.000     0.600000       816277         2.50
     143.000     0.650000       877021         2.86
     146.000     0.700000       932343         3.33
     150.000     0.750000       997520         4.00
     153.000     0.775000      1039567         4.44
     155.000     0.800000      1064820         5.00
     158.000     0.825000      1098754         5.71
     162.000     0.850000      1136199         6.67
     166.000     0.875000      1165839         8.00
     169.000     0.887500      1183759         8.89
     172.000     0.900000      1198260        10.00
     176.000     0.912500      1214049        11.43
     181.000     0.925000      1229725        13.33
     188.000     0.937500      1246270        16.00
     192.000     0.943750      1254136        17.78
     197.000     0.950000      1262748        20.00
     202.000     0.956250      1270264        22.86
     209.000     0.962500      1279082        26.67
     217.000     0.968750      1287390        32.00
     221.000     0.971875      1290971        35.56
     227.000     0.975000      1295831        40.00
     232.000     0.978125      1299427        45.71
     239.000     0.981250      1303852        53.33
     247.000     0.984375      1307922        64.00
     251.000     0.985938      1309730        71.11
     256.000     0.987500      1311715        80.00
     262.000     0.989062      1314043        91.43
     267.000     0.990625      1315864       106.67
     274.000     0.992188      1318171       128.00
     277.000     0.992969      1319114       142.22
     281.000     0.993750      1320248       160.00
     284.000     0.994531      1321035       182.86
     289.000     0.995313      1322226       213.33
     294.000     0.996094      1323274       256.00
     296.000     0.996484      1323644       284.44
     299.000     0.996875      1324198       320.00
     303.000     0.997266      1324804       365.71
     306.000     0.997656      1325224       426.67
     311.000     0.998047      1325781       512.00
     313.000     0.998242      1325980       568.89
     316.000     0.998437      1326248       640.00
     320.000     0.998633      1326543       731.43
     324.000     0.998828      1326785       853.33
     328.000     0.999023      1327004      1024.00
     331.000     0.999121      1327134      1137.78
     334.000     0.999219      1327279      1280.00
     337.000     0.999316      1327392      1462.86
     341.000     0.999414      1327535      1706.67
     346.000     0.999512      1327666      2048.00
     349.000     0.999561      1327730      2275.56
     353.000     0.999609      1327797      2560.00
     357.000     0.999658      1327846      2925.71
     362.000     0.999707      1327911      3413.33
     368.000     0.999756      1327979      4096.00
     374.000     0.999780      1328012      4551.11
     381.000     0.999805      1328041      5120.00
     390.000     0.999829      1328074      5851.43
     412.000     0.999854      1328106      6826.67
     980.000     0.999878      1328137      8192.00
    1308.000     0.999890      1328154      9102.22
    2381.000     0.999902      1328170     10240.00
   10999.000     0.999915      1328186     11702.86
   12719.000     0.999927      1328202     13653.33
   17887.000     0.999939      1328218     16384.00
   19711.000     0.999945      1328227     18204.44
   29151.000     0.999951      1328235     20480.00
   31119.000     0.999957      1328243     23405.71
   32703.000     0.999963      1328251     27306.67
   35007.000     0.999969      1328259     32768.00
   36895.000     0.999973      1328264     36408.89
   37055.000     0.999976      1328267     40960.00
   37215.000     0.999979      1328272     46811.43
   37311.000     0.999982      1328275     54613.33
   38079.000     0.999985      1328279     65536.00
   39135.000     0.999986      1328281     72817.78
   39295.000     0.999988      1328283     81920.00
   39807.000     0.999989      1328285     93622.86
   40383.000     0.999991      1328288    109226.67
   41087.000     0.999992      1328289    131072.00
   41567.000     0.999993      1328290    145635.56
   42143.000     0.999994      1328291    163840.00
   42847.000     0.999995      1328292    187245.71
   43263.000     0.999995      1328293    218453.33
   43647.000     0.999996      1328294    262144.00
   49375.000     0.999997      1328295    291271.11
   49375.000     0.999997      1328295    327680.00
   49919.000     0.999997      1328296    374491.43
   49919.000     0.999998      1328296    436906.67
   50943.000     0.999998      1328297    524288.00
   50943.000     0.999998      1328297    582542.22
   50943.000     0.999998      1328297    655360.00
   51455.000     0.999999      1328298    748982.86
   51455.000     0.999999      1328298    873813.33
   51455.000     0.999999      1328298   1048576.00
   51455.000     0.999999      1328298   1165084.44
   51455.000     0.999999      1328298   1310720.00
   52575.000     0.999999      1328299   1497965.71
   52575.000     1.000000      1328299          inf
#[Mean    =      143.241, StdDeviation   =      282.077]
#[Max     =    52575.000, Total count    =      1328299]
#[Buckets =            6, SubBuckets     =         2048]
