       Value   Percentile   TotalCount 1/(1-Percentile)

      46.000     0.000000           13         1.00
      56.000     0.100000        44733         1.11
      61.000     0.200000       125551         1.25
      62.000     0.300000       201779         1.43
      62.000     0.400000       201779         1.67
      63.000     0.500000       257503         2.00
      63.000     0.550000       257503         2.22
      63.000     0.600000       257503         2.50
      64.000     0.650000       290944         2.86
      65.000     0.700000       310827         3.33
      66.000     0.750000       320461         4.00
      70.000     0.775000       333582         4.44
      72.000     0.800000       343286         5.00
      73.000     0.825000       354155         5.71
      74.000     0.850000       363489         6.67
      76.000     0.875000       378005         8.00
      77.000     0.887500       385589         8.89
      77.000     0.900000       385589        10.00
      78.000     0.912500       392404        11.43
      79.000     0.925000       398325        13.33
      80.000     0.937500       403314        16.00
      80.000     0.943750       403314        17.78
      81.000     0.950000       407531        20.00
      82.000     0.956250       411588        22.86
      82.000     0.962500       411588        26.67
      83.000     0.968750       415161        32.00
      84.000     0.971875       417968        35.56
      84.000     0.975000       417968        40.00
      84.000     0.978125       417968        45.71
      85.000     0.981250       419784        53.33
      86.000     0.984375       421020        64.00
      87.000     0.985938       421931        71.11
      87.000     0.987500       421931        80.00
      88.000     0.989062       422790        91.43
      89.000     0.990625       423599       106.67
      90.000     0.992188       424346       128.00
      90.000     0.992969       424346       142.22
      91.000     0.993750       424912       160.00
      92.000     0.994531       425345       182.86
      92.000     0.995313       425345       213.33
      93.000     0.996094       425676       256.00
      94.000     0.996484       425956       284.44
      94.000     0.996875       425956       320.00
      95.000     0.997266       426168       365.71
      96.000     0.997656       426357       426.67
      97.000     0.998047       426499       512.00
      98.000     0.998242       426632       568.89
      98.000     0.998437       426632       640.00
      99.000     0.998633       426728       731.43
     100.000     0.998828       426801       853.33
     101.000     0.999023       426877      1024.00
     102.000     0.999121       426922      1137.78
     103.000     0.999219       426972      1280.00
     104.000     0.999316       427014      1462.86
     105.000     0.999414       427049      1706.67
     106.000     0.999512       427071      2048.00
     107.000     0.999561       427102      2275.56
     107.000     0.999609       427102      2560.00
     108.000     0.999658       427130      2925.71
     109.000     0.999707       427150      3413.33
     110.000     0.999756       427166      4096.00
     111.000     0.999780       427178      4551.11
     112.000     0.999805       427196      5120.00
     112.000     0.999829       427196      5851.43
     113.000     0.999854       427208      6826.67
     114.000     0.999878       427223      8192.00
     114.000     0.999890       427223      9102.22
     115.000     0.999902       427233     10240.00
     115.000     0.999915       427233     11702.86
     116.000     0.999927       427237     13653.33
     117.000     0.999939       427240     16384.00
     118.000     0.999945       427242     18204.44
     120.000     0.999951       427246     20480.00
     121.000     0.999957       427250     23405.71
     121.000     0.999963       427250     27306.67
     122.000     0.999969       427252     32768.00
     123.000     0.999973       427254     36408.89
     126.000     0.999976       427255     40960.00
     127.000     0.999979       427256     46811.43
     128.000     0.999982       427258     54613.33
     129.000     0.999985       427259     65536.00
     132.000     0.999986       427261     72817.78
     132.000     0.999988       427261     81920.00
     132.000     0.999989       427261     93622.86
     135.000     0.999991       427263    109226.67
     135.000     0.999992       427263    131072.00
     135.000     0.999993       427263    145635.56
     135.000     0.999994       427263    163840.00
     135.000     0.999995       427263    187245.71
     176.000     0.999995       427264    218453.33
     176.000     0.999996       427264    262144.00
     176.000     0.999997       427264    291271.11
     176.000     0.999997       427264    327680.00
     176.000     0.999997       427264    374491.43
     334.000     0.999998       427265    436906.67
     334.000     1.000000       427265          inf
#[Mean    =       64.900, StdDeviation   =        8.118]
#[Max     =      334.000, Total count    =       427265]
#[Buckets =            1, SubBuckets     =         2048]
