       Value   Percentile   TotalCount 1/(1-Percentile)

      58.000     0.000000            1         1.00
     743.000     0.100000       790370         1.11
    1153.000     0.200000      1580451         1.25
    1581.000     0.300000      2369917         1.43
    2061.000     0.400000      3158849         1.67
    2619.000     0.500000      3948959         2.00
    2935.000     0.550000      4344429         2.22
    3281.000     0.600000      4738056         2.50
    3667.000     0.650000      5132636         2.86
    4107.000     0.700000      5528148         3.33
    4615.000     0.750000      5922638         4.00
    4899.000     0.775000      6118643         4.44
    5215.000     0.800000      6316881         5.00
    5567.000     0.825000      6514651         5.71
    5963.000     0.850000      6711873         6.67
    6419.000     0.875000      6908504         8.00
    6675.000     0.887500      7006621         8.89
    6963.000     0.900000      7106419        10.00
    7279.000     0.912500      7204093        11.43
    7639.000     0.925000      7303143        13.33
    8059.000     0.937500      7402121        16.00
    8295.000     0.943750      7451163        17.78
    8559.000     0.950000      7500647        20.00
    8855.000     0.956250      7550235        22.86
    9183.000     0.962500      7598900        26.67
    9583.000     0.968750      7648770        32.00
    9807.000     0.971875      7673012        35.56
   10055.000     0.975000      7697700        40.00
   10335.000     0.978125      7722108        45.71
   10663.000     0.981250      7747001        53.33
   11047.000     0.984375      7771561        64.00
   11271.000     0.985938      7783811        71.11
   11527.000     0.987500      7796354        80.00
   11807.000     0.989062      7808396        91.43
   12135.000     0.990625      7820795       106.67
   12535.000     0.992188      7833172       128.00
   12759.000     0.992969      7839196       142.22
   13023.000     0.993750      7845505       160.00
   13311.000     0.994531      7851592       182.86
   13647.000     0.995313      7857690       213.33
   14063.000     0.996094      7863957       256.00
   14303.000     0.996484      7866940       284.44
   14583.000     0.996875      7870098       320.00
   14911.000     0.997266      7873140       365.71
   15319.000     0.997656      7876238       426.67
   15799.000     0.998047      7879291       512.00
   16103.000     0.998242      7880829       568.89
   16463.000     0.998437      7882412       640.00
   16927.000     0.998633      7883920       731.43
   17567.000     0.998828      7885464       853.33
   18527.000     0.999023      7887006      1024.00
   19055.000     0.999121      7887766      1137.78
   19807.000     0.999219      7888550      1280.00
   20751.000     0.999316      7889307      1462.86
   22079.000     0.999414      7890072      1706.67
   23919.000     0.999512      7890841      2048.00
   25023.000     0.999561      7891226      2275.56
   26463.000     0.999609      7891611      2560.00
   27919.000     0.999658      7891998      2925.71
   29167.000     0.999707      7892387      3413.33
   30863.000     0.999756      7892771      4096.00
   31823.000     0.999780      7892961      4551.11
   32655.000     0.999805      7893153      5120.00
   33599.000     0.999829      7893345      5851.43
   34687.000     0.999854      7893543      6826.67
   35615.000     0.999878      7893737      8192.00
   36127.000     0.999890      7893836      9102.22
   36607.000     0.999902      7893928     10240.00
   37215.000     0.999915      7894024     11702.86
   37887.000     0.999927      7894122     13653.33
   38335.000     0.999939      7894216     16384.00
   38591.000     0.999945      7894261     18204.44
   38975.000     0.999951      7894309     20480.00
   39423.000     0.999957      7894363     23405.71
   39807.000     0.999963      7894406     27306.67
   40223.000     0.999969      7894462     32768.00
   40319.000     0.999973      7894478     36408.89
   40511.000     0.999976      7894504     40960.00
   40767.000     0.999979      7894528     46811.43
   41055.000     0.999982      7894550     54613.33
   41567.000     0.999985      7894577     65536.00
   41695.000     0.999986      7894586     72817.78
   41951.000     0.999988      7894599     81920.00
   42143.000     0.999989      7894612     93622.86
   42271.000     0.999991      7894624    109226.67
   42431.000     0.999992      7894634    131072.00
   42687.000     0.999993      7894640    145635.56
   43071.000     0.999994      7894646    163840.00
   43359.000     0.999995      7894652    187245.71
   43839.000     0.999995      7894660    218453.33
   43871.000     0.999996      7894664    262144.00
   43967.000     0.999997      7894667    291271.11
   44191.000     0.999997      7894670    327680.00
   44319.000     0.999997      7894673    374491.43
   46079.000     0.999998      7894676    436906.67
   46783.000     0.999998      7894679    524288.00
   46815.000     0.999998      7894681    582542.22
   46879.000     0.999998      7894682    655360.00
   46911.000     0.999999      7894684    748982.86
   46943.000     0.999999      7894685    873813.33
   47039.000     0.999999      7894688   1048576.00
   47039.000     0.999999      7894688   1165084.44
   47039.000     0.999999      7894688   1310720.00
   47071.000     0.999999      7894689   1497965.71
   47103.000     0.999999      7894691   1747626.67
   47103.000     1.000000      7894691   2097152.00
   47103.000     1.000000      7894691   2330168.89
   47103.000     1.000000      7894691   2621440.00
   47231.000     1.000000      7894692   2995931.43
   47231.000     1.000000      7894692   3495253.33
   47583.000     1.000000      7894693   4194304.00
   47583.000     1.000000      7894693   4660337.78
   47583.000     1.000000      7894693   5242880.00
   47583.000     1.000000      7894693   5991862.86
   47583.000     1.000000      7894693   6990506.67
   49599.000     1.000000      7894694   8388608.00
   49599.000     1.000000      7894694          inf
#[Mean    =     3347.520, StdDeviation   =     2697.027]
#[Max     =    49599.000, Total count    =      7894694]
#[Buckets =            6, SubBuckets     =         2048]
