       Value   Percentile   TotalCount 1/(1-Percentile)

      48.000     0.000000            4         1.00
      63.000     0.100000        57926         1.11
      64.000     0.200000        87361         1.25
      64.000     0.300000        87361         1.43
      83.000     0.400000       126232         1.67
     104.000     0.500000       149532         2.00
     105.000     0.550000       174592         2.22
     106.000     0.600000       187279         2.50
     107.000     0.650000       192045         2.86
     116.000     0.700000       205201         3.33
     128.000     0.750000       218737         4.00
     130.000     0.775000       239469         4.44
     130.000     0.800000       239469         5.00
     131.000     0.825000       260705         5.71
     131.000     0.850000       260705         6.67
     131.000     0.875000       260705         8.00
     131.000     0.887500       260705         8.89
     132.000     0.900000       269280        10.00
     132.000     0.912500       269280        11.43
     132.000     0.925000       269280        13.33
     133.000     0.937500       273214        16.00
     134.000     0.943750       275648        17.78
     135.000     0.950000       277662        20.00
     136.000     0.956250       279401        22.86
     137.000     0.962500       281037        26.67
     138.000     0.968750       282661        32.00
     139.000     0.971875       283906        35.56
     139.000     0.975000       283906        40.00
     140.000     0.978125       284825        45.71
     142.000     0.981250       286236        53.33
     143.000     0.984375       286873        64.00
     144.000     0.985938       287356        71.11
     145.000     0.987500       287720        80.00
     146.000     0.989062       288036        91.43
     148.000     0.990625       288505       106.67
     151.000     0.992188       288881       128.00
     153.000     0.992969       289060       142.22
     156.000     0.993750       289256       160.00
     161.000     0.994531       289496       182.86
     169.000     0.995313       289794       213.33
     172.000     0.996094       289952       256.00
     174.000     0.996484       290157       284.44
     175.000     0.996875       290303       320.00
     175.000     0.997266       290303       365.71
     176.000     0.997656       290414       426.67
     178.000     0.998047       290533       512.00
     180.000     0.998242       290571       568.89
     182.000     0.998437       290624       640.00
     186.000     0.998633       290681       731.43
     193.000     0.998828       290735       853.33
     205.000     0.999023       290793      1024.00
     208.000     0.999121       290831      1137.78
     210.000     0.999219       290850      1280.00
     214.000     0.999316       290886      1462.86
     222.000     0.999414       290908      1706.67
     229.000     0.999512       290935      2048.00
     230.000     0.999561       290957      2275.56
     231.000     0.999609       290977      2560.00
     231.000     0.999658       290977      2925.71
     233.000     0.999707       290990      3413.33
     238.000     0.999756       291008      4096.00
     239.000     0.999780       291014      4551.11
     241.000     0.999805       291020      5120.00
     245.000     0.999829       291027      5851.43
     249.000     0.999854       291033      6826.67
     255.000     0.999878       291041      8192.00
     258.000     0.999890       291044      9102.22
     260.000     0.999902       291047     10240.00
     263.000     0.999915       291051     11702.86
     267.000     0.999927       291056     13653.33
     273.000     0.999939       291058     16384.00
     278.000     0.999945       291060     18204.44
     281.000     0.999951       291061     20480.00
     284.000     0.999957       291063     23405.71
     290.000     0.999963       291065     27306.67
     301.000     0.999969       291067     32768.00
     311.000     0.999973       291068     36408.89
     311.000     0.999976       291068     40960.00
     313.000     0.999979       291069     46811.43
     317.000     0.999982       291070     54613.33
     377.000     0.999985       291071     65536.00
     578.000     0.999986       291072     72817.78
     578.000     0.999988       291072     81920.00
     578.000     0.999989       291072     93622.86
     638.000     0.999991       291073    109226.67
     638.000     0.999992       291073    131072.00
     761.000     0.999993       291074    145635.56
     761.000     0.999994       291074    163840.00
     761.000     0.999995       291074    187245.71
     761.000     0.999995       291074    218453.33
     761.000     0.999996       291074    262144.00
    1021.000     0.999997       291075    291271.11
    1021.000     1.000000       291075          inf
#[Mean    =       96.355, StdDeviation   =       28.741]
#[Max     =     1021.000, Total count    =       291075]
#[Buckets =            1, SubBuckets     =         2048]
