       Value   Percentile   TotalCount 1/(1-Percentile)

      40.000     0.000000            1         1.00
     835.000     0.100000      1320230         1.11
    1144.000     0.200000      2641298         1.25
    1449.000     0.300000      3960677         1.43
    1852.000     0.400000      5277456         1.67
    2377.000     0.500000      6597630         2.00
    2813.000     0.550000      7255965         2.22
    3681.000     0.600000      7915873         2.50
    5207.000     0.650000      8575239         2.86
    7427.000     0.700000      9234157         3.33
   10047.000     0.750000      9895653         4.00
   11063.000     0.775000     10225244         4.44
   11911.000     0.800000     10553355         5.00
   12695.000     0.825000     10885119         5.71
   13447.000     0.850000     11214654         6.67
   14215.000     0.875000     11544096         8.00
   14615.000     0.887500     11707768         8.89
   15039.000     0.900000     11873355        10.00
   15487.000     0.912500     12039105        11.43
   15975.000     0.925000     12202432        13.33
   16527.000     0.937500     12367155        16.00
   16831.000     0.943750     12449608        17.78
   17167.000     0.950000     12534171        20.00
   17535.000     0.956250     12617101        22.86
   17951.000     0.962500     12697961        26.67
   18447.000     0.968750     12779373        32.00
   18751.000     0.971875     12822007        35.56
   19087.000     0.975000     12862678        40.00
   19487.000     0.978125     12904322        45.71
   19951.000     0.981250     12944699        53.33
   20495.000     0.984375     12985825        64.00
   20799.000     0.985938     13006587        71.11
   21135.000     0.987500     13027195        80.00
   21487.000     0.989062     13047646        91.43
   21871.000     0.990625     13068269       106.67
   22303.000     0.992188     13088659       128.00
   22543.000     0.992969     13099081       142.22
   22799.000     0.993750     13109431       160.00
   23071.000     0.994531     13119641       182.86
   23375.000     0.995313     13129741       213.33
   23743.000     0.996094     13140205       256.00
   23951.000     0.996484     13145290       284.44
   24191.000     0.996875     13150381       320.00
   24463.000     0.997266     13155380       365.71
   24799.000     0.997656     13160755       426.67
   25199.000     0.998047     13165745       512.00
   25455.000     0.998242     13168320       568.89
   25759.000     0.998437     13170860       640.00
   26143.000     0.998633     13173430       731.43
   26671.000     0.998828     13176009       853.33
   27343.000     0.999023     13178594      1024.00
   27791.000     0.999121     13179889      1137.78
   28319.000     0.999219     13181148      1280.00
   28911.000     0.999316     13182438      1462.86
   29631.000     0.999414     13183745      1706.67
   30399.000     0.999512     13185014      2048.00
   30863.000     0.999561     13185674      2275.56
   31359.000     0.999609     13186306      2560.00
   31903.000     0.999658     13186947      2925.71
   32575.000     0.999707     13187593      3413.33
   33343.000     0.999756     13188237      4096.00
   33791.000     0.999780     13188566      4551.11
   34239.000     0.999805     13188877      5120.00
   34815.000     0.999829     13189212      5851.43
   35455.000     0.999854     13189515      6826.67
   36127.000     0.999878     13189840      8192.00
   36543.000     0.999890     13190006      9102.22
   37023.000     0.999902     13190162     10240.00
   37471.000     0.999915     13190328     11702.86
   38015.000     0.999927     13190487     13653.33
   38591.000     0.999939     13190643     16384.00
   38879.000     0.999945     13190730     18204.44
   39263.000     0.999951     13190806     20480.00
   39711.000     0.999957     13190884     23405.71
   40255.000     0.999963     13190965     27306.67
   40863.000     0.999969     13191048     32768.00
   41215.000     0.999973     13191086     36408.89
   41567.000     0.999976     13191126     40960.00
   42015.000     0.999979     13191168     46811.43
   42431.000     0.999982     13191206     54613.33
   42847.000     0.999985     13191246     65536.00
   43007.000     0.999986     13191268     72817.78
   43295.000     0.999988     13191289     81920.00
   43775.000     0.999989     13191308     93622.86
   44031.000     0.999991     13191327    109226.67
   44511.000     0.999992     13191347    131072.00
   44703.000     0.999993     13191358    145635.56
   44863.000     0.999994     13191370    163840.00
   44927.000     0.999995     13191378    187245.71
   45215.000     0.999995     13191387    218453.33
   45407.000     0.999996     13191397    262144.00
   45535.000     0.999997     13191402    291271.11
   45887.000     0.999997     13191407    327680.00
   46047.000     0.999997     13191412    374491.43
   46207.000     0.999998     13191418    436906.67
   46463.000     0.999998     13191422    524288.00
   46591.000     0.999998     13191426    582542.22
   46623.000     0.999998     13191428    655360.00
   46943.000     0.999999     13191430    748982.86
   47039.000     0.999999     13191432    873813.33
   47359.000     0.999999     13191435   1048576.00
   47807.000     0.999999     13191438   1165084.44
   47807.000     0.999999     13191438   1310720.00
   47839.000     0.999999     13191439   1497965.71
   47935.000     0.999999     13191440   1747626.67
   47999.000     1.000000     13191441   2097152.00
   48063.000     1.000000     13191442   2330168.89
   48063.000     1.000000     13191442   2621440.00
   48735.000     1.000000     13191443   2995931.43
   48959.000     1.000000     13191444   3495253.33
   48959.000     1.000000     13191444   4194304.00
   49023.000     1.000000     13191445   4660337.78
   49023.000     1.000000     13191445   5242880.00
   49023.000     1.000000     13191445   5991862.86
   49311.000     1.000000     13191447   6990506.67
   49311.000     1.000000     13191447          inf
#[Mean    =     5616.032, StdDeviation   =     5869.499]
#[Max     =    49311.000, Total count    =     13191447]
#[Buckets =            6, SubBuckets     =         2048]
