       Value   Percentile   TotalCount 1/(1-Percentile)

      73.000     0.000000            1         1.00
    1009.000     0.100000       900942         1.11
    1700.000     0.200000      1800541         1.25
    2401.000     0.300000      2700733         1.43
    3361.000     0.400000      3600750         1.67
    5211.000     0.500000      4500134         2.00
    7179.000     0.550000      4950202         2.22
    9607.000     0.600000      5400047         2.50
   13127.000     0.650000      5849584         2.86
   19151.000     0.700000      6300287         3.33
   28271.000     0.750000      6749604         4.00
   34527.000     0.775000      6974520         4.44
   42591.000     0.800000      7199820         5.00
   52735.000     0.825000      7424570         5.71
   65375.000     0.850000      7649444         6.67
   82815.000     0.875000      7874708         8.00
   94143.000     0.887500      7987360         8.89
  106047.000     0.900000      8099383        10.00
  118335.000     0.912500      8212254        11.43
  132223.000     0.925000      8324599        13.33
  149503.000     0.937500      8437453        16.00
  159103.000     0.943750      8493546        17.78
  170239.000     0.950000      8549684        20.00
  184063.000     0.956250      8605995        22.86
  202111.000     0.962500      8662109        26.67
  222591.000     0.968750      8718150        32.00
  233983.000     0.971875      8746222        35.56
  245887.000     0.975000      8774540        40.00
  258431.000     0.978125      8802503        45.71
  272639.000     0.981250      8830821        53.33
  288255.000     0.984375      8858796        64.00
  296447.000     0.985938      8872792        71.11
  305151.000     0.987500      8886816        80.00
  314879.000     0.989062      8901243        91.43
  323839.000     0.990625      8915324       106.67
  333055.000     0.992188      8929077       128.00
  338687.000     0.992969      8936162       142.22
  345087.000     0.993750      8943187       160.00
  352255.000     0.994531      8950347       182.86
  359423.000     0.995313      8957156       213.33
  367871.000     0.996094      8964293       256.00
  372735.000     0.996484      8967713       284.44
  378623.000     0.996875      8971273       320.00
  386047.000     0.997266      8974765       365.71
  396287.000     0.997656      8978272       426.67
  409855.000     0.998047      8981761       512.00
  419071.000     0.998242      8983534       568.89
  429055.000     0.998437      8985266       640.00
  437759.000     0.998633      8987055       731.43
  445951.000     0.998828      8988826       853.33
  454143.000     0.999023      8990580      1024.00
  458495.000     0.999121      8991458      1137.78
  463359.000     0.999219      8992305      1280.00
  468991.000     0.999316      8993160      1462.86
  475903.000     0.999414      8994042      1706.67
  483583.000     0.999512      8994912      2048.00
  487679.000     0.999561      8995368      2275.56
  492031.000     0.999609      8995807      2560.00
  497151.000     0.999658      8996242      2925.71
  502527.000     0.999707      8996687      3413.33
  508927.000     0.999756      8997119      4096.00
  512767.000     0.999780      8997330      4551.11
  517375.000     0.999805      8997557      5120.00
  521471.000     0.999829      8997772      5851.43
  526847.000     0.999854      8997999      6826.67
  532479.000     0.999878      8998213      8192.00
  536063.000     0.999890      8998329      9102.22
  539135.000     0.999902      8998439     10240.00
  542719.000     0.999915      8998545     11702.86
  546815.000     0.999927      8998656     13653.33
  550911.000     0.999939      8998773     16384.00
  552447.000     0.999945      8998816     18204.44
  554495.000     0.999951      8998872     20480.00
  556543.000     0.999957      8998927     23405.71
  559103.000     0.999963      8998987     27306.67
  561151.000     0.999969      8999032     32768.00
  562687.000     0.999973      8999066     36408.89
  564223.000     0.999976      8999092     40960.00
  565759.000     0.999979      8999117     46811.43
  567295.000     0.999982      8999142     54613.33
  569855.000     0.999985      8999170     65536.00
  571391.000     0.999986      8999184     72817.78
  573439.000     0.999988      8999198     81920.00
  575487.000     0.999989      8999214     93622.86
  577023.000     0.999991      8999224    109226.67
  579583.000     0.999992      8999238    131072.00
  580607.000     0.999993      8999246    145635.56
  582143.000     0.999994      8999255    163840.00
  583679.000     0.999995      8999260    187245.71
  585215.000     0.999995      8999266    218453.33
  586239.000     0.999996      8999274    262144.00
  586751.000     0.999997      8999276    291271.11
  587263.000     0.999997      8999279    327680.00
  587775.000     0.999997      8999283    374491.43
  589311.000     0.999998      8999289    436906.67
  589311.000     0.999998      8999289    524288.00
  590335.000     0.999998      8999291    582542.22
  591871.000     0.999998      8999293    655360.00
  592383.000     0.999999      8999294    748982.86
  593919.000     0.999999      8999296    873813.33
  595967.000     0.999999      8999298   1048576.00
  596479.000     0.999999      8999299   1165084.44
  598015.000     0.999999      8999300   1310720.00
  598015.000     0.999999      8999300   1497965.71
  598527.000     0.999999      8999301   1747626.67
  600063.000     1.000000      8999302   2097152.00
  602111.000     1.000000      8999303   2330168.89
  602111.000     1.000000      8999303   2621440.00
  602111.000     1.000000      8999303   2995931.43
  603647.000     1.000000      8999304   3495253.33
  603647.000     1.000000      8999304   4194304.00
  604159.000     1.000000      8999305   4660337.78
  604159.000     1.000000      8999305   5242880.00
  604159.000     1.000000      8999305   5991862.86
  604159.000     1.000000      8999305   6990506.67
  604159.000     1.000000      8999305   8388608.00
  605183.000     1.000000      8999306   9320675.55
  605183.000     1.000000      8999306          inf
#[Mean    =    32679.729, StdDeviation   =    64192.078]
#[Max     =   605183.000, Total count    =      8999306]
#[Buckets =           10, SubBuckets     =         2048]
