       Value   Percentile   TotalCount 1/(1-Percentile)

      67.000     0.000000            2         1.00
     471.000     0.100000       896712         1.11
     753.000     0.200000      1789225         1.25
    1176.000     0.300000      2682153         1.43
    1907.000     0.400000      3574700         1.67
    3211.000     0.500000      4468298         2.00
    4235.000     0.550000      4915046         2.22
    5687.000     0.600000      5362567         2.50
    7771.000     0.650000      5808514         2.86
   10615.000     0.700000      6255460         3.33
   14143.000     0.750000      6702072         4.00
   16047.000     0.775000      6926176         4.44
   18047.000     0.800000      7149053         5.00
   20303.000     0.825000      7372584         5.71
   23071.000     0.850000      7596358         6.67
   27327.000     0.875000      7819193         8.00
   30895.000     0.887500      7931012         8.89
   35871.000     0.900000      8042746        10.00
   42335.000     0.912500      8154303        11.43
   49759.000     0.925000      8265968        13.33
   58911.000     0.937500      8377751        16.00
   65599.000     0.943750      8433420        17.78
   75583.000     0.950000      8489438        20.00
   87679.000     0.956250      8545403        22.86
  100479.000     0.962500      8601131        26.67
  114815.000     0.968750      8656856        32.00
  123647.000     0.971875      8684783        35.56
  133887.000     0.975000      8712934        40.00
  145663.000     0.978125      8740697        45.71
  160127.000     0.981250      8768627        53.33
  183295.000     0.984375      8796492        64.00
  200319.000     0.985938      8810453        71.11
  217471.000     0.987500      8824385        80.00
  231807.000     0.989062      8838338        91.43
  244863.000     0.990625      8852396       106.67
  256767.000     0.992188      8866354       128.00
  262655.000     0.992969      8873386       142.22
  268543.000     0.993750      8880415       160.00
  274687.000     0.994531      8887307       182.86
  281599.000     0.995313      8894361       213.33
  289023.000     0.996094      8901168       256.00
  293375.000     0.996484      8904758       284.44
  298239.000     0.996875      8908186       320.00
  303871.000     0.997266      8911740       365.71
  309759.000     0.997656      8915169       426.67
  317439.000     0.998047      8918619       512.00
  322303.000     0.998242      8920409       568.89
  327935.000     0.998437      8922165       640.00
  335103.000     0.998633      8923892       731.43
  348159.000     0.998828      8925617       853.33
  364031.000     0.999023      8927364      1024.00
  375295.000     0.999121      8928232      1137.78
  390655.000     0.999219      8929101      1280.00
  404991.000     0.999316      8929971      1462.86
  422655.000     0.999414      8930844      1706.67
  439039.000     0.999512      8931720      2048.00
  450047.000     0.999561      8932146      2275.56
  459263.000     0.999609      8932584      2560.00
  470271.000     0.999658      8933020      2925.71
  482047.000     0.999707      8933457      3413.33
  494847.000     0.999756      8933892      4096.00
  503295.000     0.999780      8934114      4551.11
  509695.000     0.999805      8934329      5120.00
  515071.000     0.999829      8934549      5851.43
  521215.000     0.999854      8934766      6826.67
  527359.000     0.999878      8934994      8192.00
  531455.000     0.999890      8935108      9102.22
  535039.000     0.999902      8935210     10240.00
  538111.000     0.999915      8935316     11702.86
  540671.000     0.999927      8935430     13653.33
  543743.000     0.999939      8935528     16384.00
  546303.000     0.999945      8935587     18204.44
  549375.000     0.999951      8935646     20480.00
  551935.000     0.999957      8935699     23405.71
  555007.000     0.999963      8935746     27306.67
  558079.000     0.999969      8935806     32768.00
  559615.000     0.999973      8935830     36408.89
  562175.000     0.999976      8935856     40960.00
  565247.000     0.999979      8935884     46811.43
  568831.000     0.999982      8935909     54613.33
  575999.000     0.999985      8935937     65536.00
  580095.000     0.999986      8935951     72817.78
  584191.000     0.999988      8935964     81920.00
  587263.000     0.999989      8935977     93622.86
  588799.000     0.999991      8935996    109226.67
  590847.000     0.999992      8936004    131072.00
  592383.000     0.999993      8936013    145635.56
  593919.000     0.999994      8936018    163840.00
  595455.000     0.999995      8936025    187245.71
  597503.000     0.999995      8936033    218453.33
  598527.000     0.999996      8936038    262144.00
  599551.000     0.999997      8936045    291271.11
  599551.000     0.999997      8936045    327680.00
  600575.000     0.999997      8936051    374491.43
  601087.000     0.999998      8936053    436906.67
  602111.000     0.999998      8936055    524288.00
  603135.000     0.999998      8936057    582542.22
  603647.000     0.999998      8936060    655360.00
  604159.000     0.999999      8936061    748982.86
  604671.000     0.999999      8936062    873813.33
  605183.000     0.999999      8936065   1048576.00
  605183.000     0.999999      8936065   1165084.44
  606207.000     0.999999      8936066   1310720.00
  608255.000     0.999999      8936067   1497965.71
  608255.000     0.999999      8936067   1747626.67
  608767.000     1.000000      8936068   2097152.00
  609279.000     1.000000      8936071   2330168.89
  609279.000     1.000000      8936071   2621440.00
  609279.000     1.000000      8936071   2995931.43
  609279.000     1.000000      8936071   3495253.33
  609279.000     1.000000      8936071   4194304.00
  609279.000     1.000000      8936071   4660337.78
  609279.000     1.000000      8936071   5242880.00
  609279.000     1.000000      8936071   5991862.86
  609279.000     1.000000      8936071   6990506.67
  609279.000     1.000000      8936071   8388608.00
  613375.000     1.000000      8936072   9320675.55
  613375.000     1.000000      8936072          inf
#[Mean    =    16360.996, StdDeviation   =    40226.189]
#[Max     =   613375.000, Total count    =      8936072]
#[Buckets =           10, SubBuckets     =         2048]
