       Value   Percentile   TotalCount 1/(1-Percentile)

     112.000     0.000000            1         1.00
     736.000     0.100000       850950         1.11
     942.000     0.200000      1699551         1.25
    1138.000     0.300000      2545255         1.43
    1359.000     0.400000      3393007         1.67
    1632.000     0.500000      4241292         2.00
    1800.000     0.550000      4666162         2.22
    1996.000     0.600000      5089406         2.50
    2237.000     0.650000      5515572         2.86
    2539.000     0.700000      5937294         3.33
    2951.000     0.750000      6362481         4.00
    3223.000     0.775000      6574107         4.44
    3563.000     0.800000      6785283         5.00
    4011.000     0.825000      6997567         5.71
    4619.000     0.850000      7209913         6.67
    5503.000     0.875000      7421191         8.00
    6115.000     0.887500      7527270         8.89
    6907.000     0.900000      7633315        10.00
    7967.000     0.912500      7739469        11.43
    9455.000     0.925000      7845164        13.33
   11623.000     0.937500      7951261        16.00
   13071.000     0.943750      8004411        17.78
   14807.000     0.950000      8057251        20.00
   16975.000     0.956250      8110429        22.86
   19679.000     0.962500      8163342        26.67
   23071.000     0.968750      8216260        32.00
   25167.000     0.971875      8242734        35.56
   27599.000     0.975000      8269221        40.00
   30671.000     0.978125      8295741        45.71
   34687.000     0.981250      8322279        53.33
   40095.000     0.984375      8348756        64.00
   43519.000     0.985938      8361961        71.11
   47519.000     0.987500      8375228        80.00
   52287.000     0.989062      8388447        91.43
   58143.000     0.990625      8401751       106.67
   66623.000     0.992188      8414972       128.00
   72383.000     0.992969      8421651       142.22
   80127.000     0.993750      8428237       160.00
   90751.000     0.994531      8434837       182.86
  102783.000     0.995313      8441464       213.33
  119167.000     0.996094      8448081       256.00
  129023.000     0.996484      8451396       284.44
  143871.000     0.996875      8454713       320.00
  158463.000     0.997266      8458045       365.71
  172799.000     0.997656      8461328       426.67
  187647.000     0.998047      8464641       512.00
  198143.000     0.998242      8466299       568.89
  207999.000     0.998437      8467960       640.00
  218111.000     0.998633      8469615       731.43
  229759.000     0.998828      8471269       853.33
  243967.000     0.999023      8472924      1024.00
  251391.000     0.999121      8473755      1137.78
  260095.000     0.999219      8474582      1280.00
  269823.000     0.999316      8475413      1462.86
  302591.000     0.999414      8476249      1706.67
  330751.000     0.999512      8477068      2048.00
  344063.000     0.999561      8477480      2275.56
  354303.000     0.999609      8477899      2560.00
  366079.000     0.999658      8478307      2925.71
  425727.000     0.999707      8478721      3413.33
  468735.000     0.999756      8479144      4096.00
  506879.000     0.999780      8479342      4551.11
  521983.000     0.999805      8479550      5120.00
  577023.000     0.999829      8479756      5851.43
  605183.000     0.999854      8479963      6826.67
  664063.000     0.999878      8480170      8192.00
  696319.000     0.999890      8480275      9102.22
  888831.000     0.999902      8480378     10240.00
 1071103.000     0.999915      8480488     11702.86
 1189887.000     0.999927      8480586     13653.33
 1439743.000     0.999939      8480688     16384.00
 1606655.000     0.999945      8480742     18204.44
 1686527.000     0.999951      8480796     20480.00
 1694719.000     0.999957      8480843     23405.71
 1709055.000     0.999963      8480900     27306.67
 1832959.000     0.999969      8480955     32768.00
 1882111.000     0.999973      8480973     36408.89
 2021375.000     0.999976      8480998     40960.00
 2213887.000     0.999979      8481027     46811.43
 2215935.000     0.999982      8481062     54613.33
 2217983.000     0.999985      8481080     65536.00
 2228223.000     0.999986      8481093     72817.78
 2230271.000     0.999988      8481139     81920.00
 2230271.000     0.999989      8481139     93622.86
 2230271.000     0.999991      8481139    109226.67
 2232319.000     0.999992      8481148    131072.00
 2232319.000     0.999993      8481148    145635.56
 2242559.000     0.999994      8481170    163840.00
 2242559.000     0.999995      8481170    187245.71
 2242559.000     0.999995      8481170    218453.33
 2244607.000     0.999996      8481177    262144.00
 2244607.000     0.999997      8481177    291271.11
 2250751.000     0.999997      8481182    327680.00
 2252799.000     0.999997      8481185    374491.43
 2277375.000     0.999998      8481187    436906.67
 2347007.000     0.999998      8481189    524288.00
 2349055.000     0.999998      8481194    582542.22
 2349055.000     0.999998      8481194    655360.00
 2349055.000     0.999999      8481194    748982.86
 2443263.000     0.999999      8481203    873813.33
 2443263.000     0.999999      8481203   1048576.00
 2443263.000     0.999999      8481203   1165084.44
 2443263.000     0.999999      8481203   1310720.00
 2443263.000     0.999999      8481203   1497965.71
 2443263.000     0.999999      8481203   1747626.67
 2443263.000     1.000000      8481203   2097152.00
 2443263.000     1.000000      8481203   2330168.89
 2443263.000     1.000000      8481203   2621440.00
 2443263.000     1.000000      8481203   2995931.43
 2443263.000     1.000000      8481203   3495253.33
 2443263.000     1.000000      8481203   4194304.00
 2564095.000     1.000000      8481205   4660337.78
 2564095.000     1.000000      8481205          inf
#[Mean    =     4724.397, StdDeviation   =    23439.250]
#[Max     =  2564095.000, Total count    =      8481205]
#[Buckets =           12, SubBuckets     =         2048]
