       Value   Percentile   TotalCount 1/(1-Percentile)

      54.000     0.000000            1         1.00
     233.000     0.100000       604907         1.11
     326.000     0.200000      1206843         1.25
     432.000     0.300000      1805528         1.43
     572.000     0.400000      2406210         1.67
     785.000     0.500000      3006985         2.00
     950.000     0.550000      3308081         2.22
    1196.000     0.600000      3607434         2.50
    1628.000     0.650000      3908398         2.86
    2613.000     0.700000      4208790         3.33
    5151.000     0.750000      4509435         4.00
    7223.000     0.775000      4659792         4.44
    9343.000     0.800000      4810056         5.00
   11527.000     0.825000      4960564         5.71
   13727.000     0.850000      5110973         6.67
   16343.000     0.875000      5260984         8.00
   17791.000     0.887500      5336247         8.89
   19199.000     0.900000      5411495        10.00
   20575.000     0.912500      5486259        11.43
   22079.000     0.925000      5561553        13.33
   23999.000     0.937500      5636766        16.00
   25215.000     0.943750      5674396        17.78
   26687.000     0.950000      5711929        20.00
   28511.000     0.956250      5749445        22.86
   31135.000     0.962500      5786996        26.67
   38111.000     0.968750      5824495        32.00
  141183.000     0.971875      5843266        35.56
  190975.000     0.975000      5862076        40.00
  206975.000     0.978125      5880855        45.71
  214399.000     0.981250      5899905        53.33
  221311.000     0.984375      5918434        64.00
  224767.000     0.985938      5928160        71.11
  227967.000     0.987500      5937381        80.00
  231551.000     0.989062      5946893        91.43
  235263.000     0.990625      5956106       106.67
  240255.000     0.992188      5965449       128.00
  243967.000     0.992969      5970211       142.22
  248319.000     0.993750      5974825       160.00
  255103.000     0.994531      5979529       182.86
  264447.000     0.995313      5984250       213.33
  274943.000     0.996094      5988947       256.00
  280063.000     0.996484      5991268       284.44
  284927.000     0.996875      5993685       320.00
  289023.000     0.997266      5996005       365.71
  293375.000     0.997656      5998343       426.67
  298495.000     0.998047      6000623       512.00
  301055.000     0.998242      6001773       568.89
  303871.000     0.998437      6002984       640.00
  306431.000     0.998633      6004190       731.43
  309503.000     0.998828      6005382       853.33
  313343.000     0.999023      6006477      1024.00
  316159.000     0.999121      6007066      1137.78
  318975.000     0.999219      6007671      1280.00
  322303.000     0.999316      6008263      1462.86
  326143.000     0.999414      6008837      1706.67
  331519.000     0.999512      6009409      2048.00
  334847.000     0.999561      6009700      2275.56
  339711.000     0.999609      6009996      2560.00
  345855.000     0.999658      6010294      2925.71
  351999.000     0.999707      6010581      3413.33
  357631.000     0.999756      6010875      4096.00
  360703.000     0.999780      6011027      4551.11
  363519.000     0.999805      6011168      5120.00
  365823.000     0.999829      6011313      5851.43
  369151.000     0.999854      6011464      6826.67
  372479.000     0.999878      6011611      8192.00
  373759.000     0.999890      6011682      9102.22
  375295.000     0.999902      6011754     10240.00
  377343.000     0.999915      6011832     11702.86
  378623.000     0.999927      6011899     13653.33
  381439.000     0.999939      6011981     16384.00
  382207.000     0.999945      6012014     18204.44
  383231.000     0.999951      6012049     20480.00
  384511.000     0.999957      6012085     23405.71
  386815.000     0.999963      6012119     27306.67
  389375.000     0.999969      6012155     32768.00
  390655.000     0.999973      6012173     36408.89
  392703.000     0.999976      6012200     40960.00
  393471.000     0.999979      6012215     46811.43
  396031.000     0.999982      6012232     54613.33
  400895.000     0.999985      6012247     65536.00
  402943.000     0.999986      6012257     72817.78
  405503.000     0.999988      6012265     81920.00
  406527.000     0.999989      6012274     93622.86
  408319.000     0.999991      6012283    109226.67
  411903.000     0.999992      6012293    131072.00
  412671.000     0.999993      6012297    145635.56
  413951.000     0.999994      6012303    163840.00
  414463.000     0.999995      6012306    187245.71
  416255.000     0.999995      6012311    218453.33
  417279.000     0.999996      6012317    262144.00
  418047.000     0.999997      6012318    291271.11
  419583.000     0.999997      6012320    327680.00
  420863.000     0.999997      6012323    374491.43
  421119.000     0.999998      6012325    436906.67
  424191.000     0.999998      6012327    524288.00
  424447.000     0.999998      6012328    582542.22
  425471.000     0.999998      6012329    655360.00
  427263.000     0.999999      6012330    748982.86
  431359.000     0.999999      6012332    873813.33
  431615.000     0.999999      6012333   1048576.00
  431615.000     0.999999      6012333   1165084.44
  432639.000     0.999999      6012334   1310720.00
  432639.000     0.999999      6012334   1497965.71
  433919.000     0.999999      6012335   1747626.67
  434943.000     1.000000      6012336   2097152.00
  434943.000     1.000000      6012336   2330168.89
  434943.000     1.000000      6012336   2621440.00
  434943.000     1.000000      6012336   2995931.43
  438783.000     1.000000      6012337   3495253.33
  438783.000     1.000000      6012337   4194304.00
  438783.000     1.000000      6012337   4660337.78
  438783.000     1.000000      6012337   5242880.00
  438783.000     1.000000      6012337   5991862.86
  446463.000     1.000000      6012338   6990506.67
  446463.000     1.000000      6012338          inf
#[Mean    =    10765.786, StdDeviation   =    38731.967]
#[Max     =   446463.000, Total count    =      6012338]
#[Buckets =            9, SubBuckets     =         2048]
