       Value   Percentile   TotalCount 1/(1-Percentile)

      53.000     0.000000            1         1.00
     278.000     0.100000       767547         1.11
     425.000     0.200000      1532029         1.25
     615.000     0.300000      2296445         1.43
     888.000     0.400000      3061071         1.67
    1318.000     0.500000      3825189         2.00
    1658.000     0.550000      4207622         2.22
    2181.000     0.600000      4590527         2.50
    3025.000     0.650000      4972430         2.86
    4387.000     0.700000      5355494         3.33
    6383.000     0.750000      5737868         4.00
    7547.000     0.775000      5928748         4.44
    8831.000     0.800000      6120565         5.00
   10335.000     0.825000      6311425         5.71
   12263.000     0.850000      6502896         6.67
   14695.000     0.875000      6693507         8.00
   15991.000     0.887500      6789238         8.89
   17327.000     0.900000      6885251        10.00
   18735.000     0.912500      6980830        11.43
   20351.000     0.925000      7076712        13.33
   22463.000     0.937500      7171568        16.00
   23871.000     0.943750      7219444        17.78
   25631.000     0.950000      7267328        20.00
   27775.000     0.956250      7315296        22.86
   30575.000     0.962500      7362882        26.67
   36063.000     0.968750      7410745        32.00
   46303.000     0.971875      7434546        35.56
   83071.000     0.975000      7458468        40.00
   99519.000     0.978125      7482439        45.71
  110847.000     0.981250      7506324        53.33
  123199.000     0.984375      7530164        64.00
  131007.000     0.985938      7542169        71.11
  142079.000     0.987500      7554081        80.00
  158591.000     0.989062      7566018        91.43
  178431.000     0.990625      7577988       106.67
  194431.000     0.992188      7589946       128.00
  200959.000     0.992969      7595940       142.22
  207743.000     0.993750      7601857       160.00
  214399.000     0.994531      7607908       182.86
  220287.000     0.995313      7613864       213.33
  228223.000     0.996094      7619816       256.00
  232447.000     0.996484      7622821       284.44
  237183.000     0.996875      7625834       320.00
  242175.000     0.997266      7628802       365.71
  248447.000     0.997656      7631772       426.67
  256639.000     0.998047      7634776       512.00
  261119.000     0.998242      7636229       568.89
  266239.000     0.998437      7637781       640.00
  271871.000     0.998633      7639265       731.43
  277759.000     0.998828      7640759       853.33
  284159.000     0.999023      7642212      1024.00
  287743.000     0.999121      7642952      1137.78
  291583.000     0.999219      7643726      1280.00
  295679.000     0.999316      7644492      1462.86
  300799.000     0.999414      7645204      1706.67
  306431.000     0.999512      7645950      2048.00
  309247.000     0.999561      7646315      2275.56
  312575.000     0.999609      7646688      2560.00
  315903.000     0.999658      7647062      2925.71
  319999.000     0.999707      7647428      3413.33
  324863.000     0.999756      7647801      4096.00
  327423.000     0.999780      7647993      4551.11
  330751.000     0.999805      7648192      5120.00
  333567.000     0.999829      7648368      5851.43
  336895.000     0.999854      7648548      6826.67
  342271.000     0.999878      7648739      8192.00
  345087.000     0.999890      7648828      9102.22
  348159.000     0.999902      7648923     10240.00
  351743.000     0.999915      7649014     11702.86
  356607.000     0.999927      7649107     13653.33
  361215.000     0.999939      7649201     16384.00
  363519.000     0.999945      7649253     18204.44
  365055.000     0.999951      7649298     20480.00
  366335.000     0.999957      7649341     23405.71
  368383.000     0.999963      7649387     27306.67
  372479.000     0.999969      7649434     32768.00
  374271.000     0.999973      7649459     36408.89
  375807.000     0.999976      7649482     40960.00
  377599.000     0.999979      7649504     46811.43
  379647.000     0.999982      7649528     54613.33
  384767.000     0.999985      7649551     65536.00
  387327.000     0.999986      7649562     72817.78
  389887.000     0.999988      7649575     81920.00
  391423.000     0.999989      7649587     93622.86
  393471.000     0.999991      7649598    109226.67
  396031.000     0.999992      7649609    131072.00
  399103.000     0.999993      7649616    145635.56
  400383.000     0.999994      7649621    163840.00
  407807.000     0.999995      7649627    187245.71
  418815.000     0.999995      7649633    218453.33
  421887.000     0.999996      7649638    262144.00
  423167.000     0.999997      7649642    291271.11
  426239.000     0.999997      7649644    327680.00
  427007.000     0.999997      7649647    374491.43
  433407.000     0.999998      7649650    436906.67
  435967.000     0.999998      7649653    524288.00
  436735.000     0.999998      7649654    582542.22
  438783.000     0.999998      7649656    655360.00
  440575.000     0.999999      7649657    748982.86
  441855.000     0.999999      7649659    873813.33
  442623.000     0.999999      7649660   1048576.00
  443135.000     0.999999      7649661   1165084.44
  443903.000     0.999999      7649662   1310720.00
  443903.000     0.999999      7649662   1497965.71
  444415.000     0.999999      7649663   1747626.67
  444927.000     1.000000      7649664   2097152.00
  444927.000     1.000000      7649664   2330168.89
  445695.000     1.000000      7649665   2621440.00
  445695.000     1.000000      7649665   2995931.43
  445695.000     1.000000      7649665   3495253.33
  446463.000     1.000000      7649666   4194304.00
  446463.000     1.000000      7649666   4660337.78
  446463.000     1.000000      7649666   5242880.00
  446463.000     1.000000      7649666   5991862.86
  446463.000     1.000000      7649666   6990506.67
  446719.000     1.000000      7649667   8388608.00
  446719.000     1.000000      7649667          inf
#[Mean    =     8622.133, StdDeviation   =    27383.147]
#[Max     =   446719.000, Total count    =      7649667]
#[Buckets =            9, SubBuckets     =         2048]
