       Value   Percentile   TotalCount 1/(1-Percentile)

      43.000     0.000000            1         1.00
      59.000     0.100000       275846         1.11
      63.000     0.200000       531499         1.25
      66.000     0.300000       732419         1.43
      70.000     0.400000       995073         1.67
      74.000     0.500000      1226699         2.00
      76.000     0.550000      1327470         2.22
      78.000     0.600000      1419153         2.50
      81.000     0.650000      1542165         2.86
      85.000     0.700000      1686481         3.33
      88.000     0.750000      1784048         4.00
      90.000     0.775000      1844170         4.44
      92.000     0.800000      1898762         5.00
      95.000     0.825000      1971075         5.71
      97.000     0.850000      2012522         6.67
     101.000     0.875000      2080995         8.00
     103.000     0.887500      2108351         8.89
     105.000     0.900000      2132128        10.00
     108.000     0.912500      2162522        11.43
     111.000     0.925000      2187968        13.33
     116.000     0.937500      2222255        16.00
     118.000     0.943750      2233745        17.78
     121.000     0.950000      2249112        20.00
     124.000     0.956250      2262383        22.86
     128.000     0.962500      2277030        26.67
     133.000     0.968750      2291914        32.00
     136.000     0.971875      2299625        35.56
     139.000     0.975000      2306763        40.00
     142.000     0.978125      2313362        45.71
     146.000     0.981250      2321375        53.33
     150.000     0.984375      2328586        64.00
     152.000     0.985938      2331926        71.11
     154.000     0.987500      2335058        80.00
     157.000     0.989062      2339449        91.43
     160.000     0.990625      2343485       106.67
     163.000     0.992188      2347111       128.00
     164.000     0.992969      2348219       142.22
     166.000     0.993750      2350303       160.00
     168.000     0.994531      2352207       182.86
     170.000     0.995313      2353823       213.33
     172.000     0.996094      2355281       256.00
     174.000     0.996484      2356603       284.44
     175.000     0.996875      2357234       320.00
     177.000     0.997266      2358335       365.71
     179.000     0.997656      2359242       426.67
     181.000     0.998047      2360057       512.00
     182.000     0.998242      2360430       568.89
     184.000     0.998437      2361097       640.00
     185.000     0.998633      2361360       731.43
     187.000     0.998828      2361877       853.33
     189.000     0.999023      2362326      1024.00
     190.000     0.999121      2362536      1137.78
     191.000     0.999219      2362699      1280.00
     193.000     0.999316      2363020      1462.86
     194.000     0.999414      2363123      1706.67
     196.000     0.999512      2363397      2048.00
     197.000     0.999561      2363490      2275.56
     198.000     0.999609      2363575      2560.00
     200.000     0.999658      2363739      2925.71
     201.000     0.999707      2363816      3413.33
     203.000     0.999756      2363931      4096.00
     204.000     0.999780      2363975      4551.11
     205.000     0.999805      2364034      5120.00
     207.000     0.999829      2364108      5851.43
     209.000     0.999854      2364170      6826.67
     211.000     0.999878      2364227      8192.00
     212.000     0.999890      2364249      9102.22
     213.000     0.999902      2364271     10240.00
     214.000     0.999915      2364292     11702.86
     216.000     0.999927      2364316     13653.33
     219.000     0.999939      2364344     16384.00
     221.000     0.999945      2364370     18204.44
     223.000     0.999951      2364379     20480.00
     225.000     0.999957      2364390     23405.71
     229.000     0.999963      2364404     27306.67
     233.000     0.999969      2364416     32768.00
     236.000     0.999973      2364426     36408.89
     240.000     0.999976      2364433     40960.00
     242.000     0.999979      2364441     46811.43
     248.000     0.999982      2364445     54613.33
     256.000     0.999985      2364452     65536.00
     261.000     0.999986      2364456     72817.78
     272.000     0.999988      2364461     81920.00
     276.000     0.999989      2364463     93622.86
     297.000     0.999991      2364467    109226.67
     560.000     0.999992      2364470    131072.00
     590.000     0.999993      2364472    145635.56
     611.000     0.999994      2364474    163840.00
     658.000     0.999995      2364476    187245.71
     699.000     0.999995      2364478    218453.33
     722.000     0.999996      2364479    262144.00
     734.000     0.999997      2364480    291271.11
     735.000     0.999997      2364481    327680.00
     740.000     0.999997      2364483    374491.43
     740.000     0.999998      2364483    436906.67
     756.000     0.999998      2364484    524288.00
     756.000     0.999998      2364484    582542.22
     760.000     0.999998      2364485    655360.00
     760.000     0.999999      2364485    748982.86
     761.000     0.999999      2364486    873813.33
     761.000     0.999999      2364486   1048576.00
     761.000     0.999999      2364486   1165084.44
     787.000     0.999999      2364487   1310720.00
     787.000     0.999999      2364487   1497965.71
     787.000     0.999999      2364487   1747626.67
     787.000     1.000000      2364487   2097152.00
     787.000     1.000000      2364487   2330168.89
    1186.000     1.000000      2364488   2621440.00
    1186.000     1.000000      2364488          inf
#[Mean    =       79.156, StdDeviation   =       21.350]
#[Max     =     1186.000, Total count    =      2364488]
#[Buckets =            1, SubBuckets     =         2048]
