       Value   Percentile   TotalCount 1/(1-Percentile)

      61.000     0.000000            1         1.00
     542.000     0.100000       757958         1.11
     860.000     0.200000      1517331         1.25
    1220.000     0.300000      2273805         1.43
    1688.000     0.400000      3031184         1.67
    2381.000     0.500000      3789827         2.00
    2867.000     0.550000      4167515         2.22
    3495.000     0.600000      4546570         2.50
    4315.000     0.650000      4925931         2.86
    5335.000     0.700000      5304572         3.33
    6455.000     0.750000      5683422         4.00
    7035.000     0.775000      5872940         4.44
    7631.000     0.800000      6061491         5.00
    8263.000     0.825000      6252697         5.71
    8919.000     0.850000      6440270         6.67
    9647.000     0.875000      6631316         8.00
   10031.000     0.887500      6725588         8.89
   10439.000     0.900000      6819348        10.00
   10887.000     0.912500      6915025        11.43
   11375.000     0.925000      7009315        13.33
   11919.000     0.937500      7104114        16.00
   12215.000     0.943750      7150733        17.78
   12543.000     0.950000      7198224        20.00
   12911.000     0.956250      7246091        22.86
   13319.000     0.962500      7293155        26.67
   13783.000     0.968750      7339824        32.00
   14055.000     0.971875      7363863        35.56
   14359.000     0.975000      7387591        40.00
   14695.000     0.978125      7411370        45.71
   15079.000     0.981250      7434939        53.33
   15527.000     0.984375      7458298        64.00
   15791.000     0.985938      7470086        71.11
   16087.000     0.987500      7482055        80.00
   16415.000     0.989062      7493749        91.43
   16815.000     0.990625      7505957       106.67
   17279.000     0.992188      7517524       128.00
   17567.000     0.992969      7523541       142.22
   17903.000     0.993750      7529421       160.00
   18287.000     0.994531      7535244       182.86
   18767.000     0.995313      7541185       213.33
   19359.000     0.996094      7547003       256.00
   19759.000     0.996484      7550052       284.44
   20207.000     0.996875      7552971       320.00
   20847.000     0.997266      7555891       365.71
   21823.000     0.997656      7558868       426.67
   23871.000     0.998047      7561798       512.00
   25887.000     0.998242      7563276       568.89
   30639.000     0.998437      7564754       640.00
   39231.000     0.998633      7566236       731.43
   53343.000     0.998828      7567715       853.33
   64159.000     0.999023      7569194      1024.00
   73791.000     0.999121      7569942      1137.78
   83839.000     0.999219      7570673      1280.00
   95103.000     0.999316      7571413      1462.86
  106239.000     0.999414      7572154      1706.67
  116927.000     0.999512      7572899      2048.00
  121919.000     0.999561      7573263      2275.56
  128127.000     0.999609      7573633      2560.00
  135295.000     0.999658      7574004      2925.71
  142335.000     0.999707      7574374      3413.33
  148991.000     0.999756      7574748      4096.00
  152575.000     0.999780      7574930      4551.11
  157183.000     0.999805      7575116      5120.00
  160767.000     0.999829      7575299      5851.43
  165631.000     0.999854      7575482      6826.67
  169855.000     0.999878      7575669      8192.00
  172287.000     0.999890      7575761      9102.22
  174079.000     0.999902      7575853     10240.00
  175615.000     0.999915      7575951     11702.86
  176895.000     0.999927      7576043     13653.33
  178431.000     0.999939      7576129     16384.00
  179327.000     0.999945      7576181     18204.44
  180351.000     0.999951      7576223     20480.00
  181375.000     0.999957      7576268     23405.71
  182911.000     0.999963      7576315     27306.67
  184703.000     0.999969      7576361     32768.00
  185983.000     0.999973      7576383     36408.89
  187391.000     0.999976      7576407     40960.00
  188799.000     0.999979      7576433     46811.43
  189567.000     0.999982      7576453     54613.33
  191103.000     0.999985      7576476     65536.00
  192127.000     0.999986      7576488     72817.78
  193919.000     0.999988      7576499     81920.00
  196863.000     0.999989      7576512     93622.86
  199807.000     0.999991      7576522    109226.67
  201471.000     0.999992      7576534    131072.00
  202239.000     0.999993      7576539    145635.56
  203263.000     0.999994      7576546    163840.00
  203775.000     0.999995      7576551    187245.71
  205055.000     0.999995      7576557    218453.33
  206847.000     0.999996      7576563    262144.00
  207231.000     0.999997      7576565    291271.11
  207999.000     0.999997      7576568    327680.00
  208255.000     0.999997      7576571    374491.43
  210047.000     0.999998      7576574    436906.67
  214015.000     0.999998      7576577    524288.00
  216703.000     0.999998      7576578    582542.22
  225919.000     0.999998      7576580    655360.00
  226815.000     0.999999      7576581    748982.86
  232447.000     0.999999      7576583    873813.33
  234623.000     0.999999      7576584   1048576.00
  235775.000     0.999999      7576585   1165084.44
  236671.000     0.999999      7576586   1310720.00
  236671.000     0.999999      7576586   1497965.71
  237055.000     0.999999      7576587   1747626.67
  237951.000     1.000000      7576588   2097152.00
  237951.000     1.000000      7576588   2330168.89
  239231.000     1.000000      7576589   2621440.00
  239231.000     1.000000      7576589   2995931.43
  239231.000     1.000000      7576589   3495253.33
  240767.000     1.000000      7576590   4194304.00
  240767.000     1.000000      7576590   4660337.78
  240767.000     1.000000      7576590   5242880.00
  240767.000     1.000000      7576590   5991862.86
  240767.000     1.000000      7576590   6990506.67
  240895.000     1.000000      7576591   8388608.00
  240895.000     1.000000      7576591          inf
#[Mean    =     4258.561, StdDeviation   =     5661.443]
#[Max     =   240895.000, Total count    =      7576591]
#[Buckets =            8, SubBuckets     =         2048]
