       Value   Percentile   TotalCount 1/(1-Percentile)

      62.000     0.000000            2         1.00
     483.000     0.100000       584835         1.11
     742.000     0.200000      1168960         1.25
    1032.000     0.300000      1754758         1.43
    1404.000     0.400000      2338724         1.67
    1953.000     0.500000      2921946         2.00
    2363.000     0.550000      3214805         2.22
    2937.000     0.600000      3506364         2.50
    3763.000     0.650000      3798903         2.86
    4871.000     0.700000      4091125         3.33
    6171.000     0.750000      4382944         4.00
    6883.000     0.775000      4529697         4.44
    7623.000     0.800000      4675519         5.00
    8391.000     0.825000      4821143         5.71
    9207.000     0.850000      4967466         6.67
   10079.000     0.875000      5114210         8.00
   10543.000     0.887500      5187263         8.89
   11031.000     0.900000      5260078        10.00
   11551.000     0.912500      5332533        11.43
   12119.000     0.925000      5405697        13.33
   12759.000     0.937500      5479142        16.00
   13111.000     0.943750      5515693        17.78
   13487.000     0.950000      5551940        20.00
   13903.000     0.956250      5588563        22.86
   14359.000     0.962500      5624661        26.67
   14895.000     0.968750      5661443        32.00
   15191.000     0.971875      5679653        35.56
   15519.000     0.975000      5697824        40.00
   15887.000     0.978125      5716244        45.71
   16311.000     0.981250      5734500        53.33
   16799.000     0.984375      5752702        64.00
   17087.000     0.985938      5761973        71.11
   17391.000     0.987500      5770914        80.00
   17743.000     0.989062      5780058        91.43
   18159.000     0.990625      5789145       106.67
   18655.000     0.992188      5798409       128.00
   18927.000     0.992969      5802816       142.22
   19247.000     0.993750      5807347       160.00
   19615.000     0.994531      5811907       182.86
   20031.000     0.995313      5816441       213.33
   20575.000     0.996094      5821032       256.00
   20911.000     0.996484      5823308       284.44
   21311.000     0.996875      5825614       320.00
   21775.000     0.997266      5827881       365.71
   22367.000     0.997656      5830108       426.67
   23263.000     0.998047      5832420       512.00
   23871.000     0.998242      5833533       568.89
   24815.000     0.998437      5834667       640.00
   26591.000     0.998633      5835808       731.43
   31679.000     0.998828      5836950       853.33
   36735.000     0.999023      5838097      1024.00
   40639.000     0.999121      5838661      1137.78
   44447.000     0.999219      5839232      1280.00
   48351.000     0.999316      5839808      1462.86
   50911.000     0.999414      5840375      1706.67
   53471.000     0.999512      5840944      2048.00
   54655.000     0.999561      5841234      2275.56
   55807.000     0.999609      5841520      2560.00
   57151.000     0.999658      5841809      2925.71
   58719.000     0.999707      5842089      3413.33
   60959.000     0.999756      5842371      4096.00
   62079.000     0.999780      5842516      4551.11
   63487.000     0.999805      5842657      5120.00
   64703.000     0.999829      5842799      5851.43
   66175.000     0.999854      5842942      6826.67
   67583.000     0.999878      5843091      8192.00
   68159.000     0.999890      5843156      9102.22
   68863.000     0.999902      5843228     10240.00
   69503.000     0.999915      5843300     11702.86
   70207.000     0.999927      5843380     13653.33
   70975.000     0.999939      5843442     16384.00
   71743.000     0.999945      5843478     18204.44
   72959.000     0.999951      5843512     20480.00
   74303.000     0.999957      5843548     23405.71
   75647.000     0.999963      5843585     27306.67
   77759.000     0.999969      5843619     32768.00
   78655.000     0.999973      5843638     36408.89
   80319.000     0.999976      5843655     40960.00
   82303.000     0.999979      5843673     46811.43
   83327.000     0.999982      5843690     54613.33
   84799.000     0.999985      5843708     65536.00
   85311.000     0.999986      5843717     72817.78
   85951.000     0.999988      5843726     81920.00
   86591.000     0.999989      5843737     93622.86
   87743.000     0.999991      5843744    109226.67
   88319.000     0.999992      5843753    131072.00
   88447.000     0.999993      5843757    145635.56
   89087.000     0.999994      5843762    163840.00
   89471.000     0.999995      5843766    187245.71
   90239.000     0.999995      5843771    218453.33
   90943.000     0.999996      5843776    262144.00
   91007.000     0.999997      5843777    291271.11
   91583.000     0.999997      5843780    327680.00
   91967.000     0.999997      5843782    374491.43
   92415.000     0.999998      5843784    436906.67
   93055.000     0.999998      5843786    524288.00
   93247.000     0.999998      5843787    582542.22
   94015.000     0.999998      5843789    655360.00
   94143.000     0.999999      5843790    748982.86
   94591.000     0.999999      5843791    873813.33
   94719.000     0.999999      5843792   1048576.00
   94719.000     0.999999      5843792   1165084.44
   95359.000     0.999999      5843793   1310720.00
   97215.000     0.999999      5843794   1497965.71
   97215.000     0.999999      5843794   1747626.67
   97663.000     1.000000      5843795   2097152.00
   97663.000     1.000000      5843795   2330168.89
   97663.000     1.000000      5843795   2621440.00
   98815.000     1.000000      5843796   2995931.43
   98815.000     1.000000      5843796   3495253.33
   98815.000     1.000000      5843796   4194304.00
   98815.000     1.000000      5843796   4660337.78
   98815.000     1.000000      5843796   5242880.00
  100863.000     1.000000      5843797   5991862.86
  100863.000     1.000000      5843797          inf
#[Mean    =     4088.657, StdDeviation   =     4698.117]
#[Max     =   100863.000, Total count    =      5843797]
#[Buckets =            7, SubBuckets     =         2048]
