       Value   Percentile   TotalCount 1/(1-Percentile)

      57.000     0.000000            1         1.00
     618.000     0.100000       765803         1.11
    1005.000     0.200000      1528508         1.25
    1458.000     0.300000      2292714         1.43
    2037.000     0.400000      3057158         1.67
    2819.000     0.500000      3821039         2.00
    3311.000     0.550000      4203863         2.22
    3883.000     0.600000      4585439         2.50
    4547.000     0.650000      4968542         2.86
    5307.000     0.700000      5349770         3.33
    6163.000     0.750000      5731845         4.00
    6631.000     0.775000      5923550         4.44
    7127.000     0.800000      6114010         5.00
    7667.000     0.825000      6304531         5.71
    8255.000     0.850000      6495761         6.67
    8903.000     0.875000      6686477         8.00
    9263.000     0.887500      6783379         8.89
    9639.000     0.900000      6877943        10.00
   10055.000     0.912500      6973616        11.43
   10519.000     0.925000      7069535        13.33
   11031.000     0.937500      7163788        16.00
   11319.000     0.943750      7211737        17.78
   11639.000     0.950000      7260222        20.00
   11983.000     0.956250      7307453        22.86
   12375.000     0.962500      7355248        26.67
   12823.000     0.968750      7403021        32.00
   13079.000     0.971875      7427049        35.56
   13359.000     0.975000      7450770        40.00
   13663.000     0.978125      7474366        45.71
   14015.000     0.981250      7498202        53.33
   14423.000     0.984375      7522243        64.00
   14655.000     0.985938      7534169        71.11
   14903.000     0.987500      7545930        80.00
   15191.000     0.989062      7557981        91.43
   15511.000     0.990625      7569779       106.67
   15895.000     0.992188      7581845       128.00
   16111.000     0.992969      7587719       142.22
   16351.000     0.993750      7593728       160.00
   16623.000     0.994531      7599560       182.86
   16959.000     0.995313      7605632       213.33
   17327.000     0.996094      7611511       256.00
   17551.000     0.996484      7614591       284.44
   17791.000     0.996875      7617506       320.00
   18079.000     0.997266      7620578       365.71
   18383.000     0.997656      7623498       426.67
   18751.000     0.998047      7626507       512.00
   18943.000     0.998242      7627948       568.89
   19183.000     0.998437      7629486       640.00
   19439.000     0.998633      7630899       731.43
   19775.000     0.998828      7632439       853.33
   20159.000     0.999023      7633881      1024.00
   20399.000     0.999121      7634668      1137.78
   20623.000     0.999219      7635394      1280.00
   20895.000     0.999316      7636116      1462.86
   21231.000     0.999414      7636881      1706.67
   21663.000     0.999512      7637628      2048.00
   21887.000     0.999561      7637989      2275.56
   22143.000     0.999609      7638360      2560.00
   22463.000     0.999658      7638726      2925.71
   22879.000     0.999707      7639100      3413.33
   23455.000     0.999756      7639475      4096.00
   23791.000     0.999780      7639662      4551.11
   24207.000     0.999805      7639844      5120.00
   24863.000     0.999829      7640028      5851.43
   25743.000     0.999854      7640214      6826.67
   27935.000     0.999878      7640401      8192.00
   30175.000     0.999890      7640494      9102.22
   34047.000     0.999902      7640587     10240.00
   39103.000     0.999915      7640681     11702.86
   46047.000     0.999927      7640775     13653.33
   49599.000     0.999939      7640867     16384.00
   50431.000     0.999945      7640916     18204.44
   51359.000     0.999951      7640961     20480.00
   52031.000     0.999957      7641008     23405.71
   52415.000     0.999963      7641054     27306.67
   52799.000     0.999969      7641101     32768.00
   53023.000     0.999973      7641126     36408.89
   53215.000     0.999976      7641148     40960.00
   53407.000     0.999979      7641172     46811.43
   53791.000     0.999982      7641194     54613.33
   54079.000     0.999985      7641217     65536.00
   54303.000     0.999986      7641231     72817.78
   54559.000     0.999988      7641240     81920.00
   54879.000     0.999989      7641252     93622.86
   55391.000     0.999991      7641265    109226.67
   56543.000     0.999992      7641275    131072.00
   57311.000     0.999993      7641281    145635.56
   57823.000     0.999994      7641287    163840.00
   58335.000     0.999995      7641293    187245.71
   58911.000     0.999995      7641300    218453.33
   59199.000     0.999996      7641304    262144.00
   59871.000     0.999997      7641307    291271.11
   60415.000     0.999997      7641310    327680.00
   61119.000     0.999997      7641313    374491.43
   61567.000     0.999998      7641316    436906.67
   61695.000     0.999998      7641319    524288.00
   61919.000     0.999998      7641321    582542.22
   61983.000     0.999998      7641322    655360.00
   62015.000     0.999999      7641323    748982.86
   62271.000     0.999999      7641325    873813.33
   62399.000     0.999999      7641326   1048576.00
   62463.000     0.999999      7641327   1165084.44
   62975.000     0.999999      7641329   1310720.00
   62975.000     0.999999      7641329   1497965.71
   62975.000     0.999999      7641329   1747626.67
   63423.000     1.000000      7641330   2097152.00
   63423.000     1.000000      7641330   2330168.89
   63487.000     1.000000      7641331   2621440.00
   63487.000     1.000000      7641331   2995931.43
   63487.000     1.000000      7641331   3495253.33
   63999.000     1.000000      7641332   4194304.00
   63999.000     1.000000      7641332   4660337.78
   63999.000     1.000000      7641332   5242880.00
   63999.000     1.000000      7641332   5991862.86
   63999.000     1.000000      7641332   6990506.67
   64031.000     1.000000      7641333   8388608.00
   64031.000     1.000000      7641333          inf
#[Mean    =     4122.679, StdDeviation   =     3724.699]
#[Max     =    64031.000, Total count    =      7641333]
#[Buckets =            6, SubBuckets     =         2048]
