       Value   Percentile   TotalCount 1/(1-Percentile)

      51.000     0.000000            2         1.00
      67.000     0.100000       481858         1.11
      72.000     0.200000       945625         1.25
      76.000     0.300000      1374076         1.43
      80.000     0.400000      1942140         1.67
      83.000     0.500000      2275102         2.00
      86.000     0.550000      2588489         2.22
      88.000     0.600000      2784513         2.50
      90.000     0.650000      2960951         2.86
      93.000     0.700000      3209819         3.33
      97.000     0.750000      3452282         4.00
      99.000     0.775000      3558520         4.44
     101.000     0.800000      3652169         5.00
     104.000     0.825000      3777176         5.71
     106.000     0.850000      3858476         6.67
     109.000     0.875000      3978022         8.00
     111.000     0.887500      4047647         8.89
     112.000     0.900000      4078314        10.00
     115.000     0.912500      4152777        11.43
     117.000     0.925000      4191901        13.33
     121.000     0.937500      4254140        16.00
     123.000     0.943750      4279366        17.78
     126.000     0.950000      4313894        20.00
     128.000     0.956250      4335248        22.86
     131.000     0.962500      4375890        26.67
     132.000     0.968750      4393635        32.00
     133.000     0.971875      4408447        35.56
     134.000     0.975000      4419387        40.00
     136.000     0.978125      4436627        45.71
     138.000     0.981250      4450378        53.33
     140.000     0.984375      4460796        64.00
     142.000     0.985938      4468990        71.11
     144.000     0.987500      4476797        80.00
     145.000     0.989062      4480692        91.43
     147.000     0.990625      4488329       106.67
     149.000     0.992188      4494586       128.00
     151.000     0.992969      4499659       142.22
     152.000     0.993750      4502165       160.00
     154.000     0.994531      4506836       182.86
     155.000     0.995313      4508758       213.33
     157.000     0.996094      4512178       256.00
     159.000     0.996484      4515132       284.44
     160.000     0.996875      4516282       320.00
     162.000     0.997266      4518168       365.71
     164.000     0.997656      4519742       426.67
     166.000     0.998047      4521033       512.00
     168.000     0.998242      4522250       568.89
     169.000     0.998437      4522811       640.00
     171.000     0.998633      4523901       731.43
     173.000     0.998828      4524644       853.33
     178.000     0.999023      4525566      1024.00
     181.000     0.999121      4525957      1137.78
     184.000     0.999219      4526324      1280.00
     191.000     0.999316      4526836      1462.86
     197.000     0.999414      4527329      1706.67
     199.000     0.999512      4527681      2048.00
     201.000     0.999561      4527906      2275.56
     204.000     0.999609      4528105      2560.00
     208.000     0.999658      4528332      2925.71
     212.000     0.999707      4528547      3413.33
     217.000     0.999756      4528789      4096.00
     219.000     0.999780      4528910      4551.11
     220.000     0.999805      4528980      5120.00
     223.000     0.999829      4529110      5851.43
     226.000     0.999854      4529201      6826.67
     230.000     0.999878      4529316      8192.00
     232.000     0.999890      4529381      9102.22
     234.000     0.999902      4529441     10240.00
     236.000     0.999915      4529493     11702.86
     238.000     0.999927      4529533     13653.33
     242.000     0.999939      4529590     16384.00
     244.000     0.999945      4529619     18204.44
     249.000     0.999951      4529647     20480.00
     253.000     0.999957      4529667     23405.71
     268.000     0.999963      4529695     27306.67
     528.000     0.999969      4529722     32768.00
     750.000     0.999973      4529736     36408.89
     901.000     0.999976      4529750     40960.00
    1216.000     0.999979      4529764     46811.43
    2719.000     0.999982      4529778     54613.33
    4055.000     0.999985      4529791     65536.00
    4079.000     0.999986      4529799     72817.78
    4171.000     0.999988      4529805     81920.00
    4191.000     0.999989      4529812     93622.86
    4215.000     0.999991      4529819    109226.67
    4275.000     0.999992      4529826    131072.00
    4279.000     0.999993      4529829    145635.56
    4287.000     0.999994      4529833    163840.00
    4291.000     0.999995      4529837    187245.71
    4295.000     0.999995      4529841    218453.33
    4303.000     0.999996      4529844    262144.00
    4311.000     0.999997      4529846    291271.11
    4315.000     0.999997      4529853    327680.00
    4315.000     0.999997      4529853    374491.43
    4315.000     0.999998      4529853    436906.67
    4315.000     0.999998      4529853    524288.00
    4315.000     0.999998      4529853    582542.22
    4323.000     0.999998      4529854    655360.00
    4323.000     0.999999      4529854    748982.86
    4331.000     0.999999      4529855    873813.33
    4339.000     0.999999      4529857   1048576.00
    4339.000     0.999999      4529857   1165084.44
    4339.000     0.999999      4529857   1310720.00
    4339.000     0.999999      4529857   1497965.71
    4355.000     0.999999      4529858   1747626.67
    4355.000     1.000000      4529858   2097152.00
    4363.000     1.000000      4529859   2330168.89
    4363.000     1.000000      4529859   2621440.00
    4363.000     1.000000      4529859   2995931.43
    4363.000     1.000000      4529859   3495253.33
    4363.000     1.000000      4529859   4194304.00
    4371.000     1.000000      4529860   4660337.78
    4371.000     1.000000      4529860          inf
#[Mean    =       87.481, StdDeviation   =       26.071]
#[Max     =     4371.000, Total count    =      4529860]
#[Buckets =            3, SubBuckets     =         2048]
