       Value   Percentile   TotalCount 1/(1-Percentile)

    5175.000     0.000000            1         1.00
   10503.000     0.100000       111394         1.11
   10519.000     0.200000       203075         1.25
   10535.000     0.300000       325033         1.43
   10543.000     0.400000       394063         1.67
   10559.000     0.500000       532426         2.00
   10559.000     0.550000       532426         2.22
   10567.000     0.600000       598117         2.50
   10575.000     0.650000       660151         2.86
   10583.000     0.700000       715988         3.33
   10583.000     0.750000       715988         4.00
   10591.000     0.775000       764223         4.44
   10591.000     0.800000       764223         5.00
   10599.000     0.825000       805859         5.71
   10599.000     0.850000       805859         6.67
   10607.000     0.875000       839618         8.00
   10615.000     0.887500       867335         8.89
   10615.000     0.900000       867335        10.00
   10615.000     0.912500       867335        11.43
   10623.000     0.925000       888835        13.33
   10623.000     0.937500       888835        16.00
   10631.000     0.943750       905258        17.78
   10631.000     0.950000       905258        20.00
   10631.000     0.956250       905258        22.86
   10639.000     0.962500       917442        26.67
   10639.000     0.968750       917442        32.00
   10647.000     0.971875       926094        35.56
   10647.000     0.975000       926094        40.00
   10647.000     0.978125       926094        45.71
   10655.000     0.981250       932499        53.33
   10655.000     0.984375       932499        64.00
   10663.000     0.985938       936919        71.11
   10663.000     0.987500       936919        80.00
   10663.000     0.989062       936919        91.43
   10671.000     0.990625       939786       106.67
   10671.000     0.992188       939786       128.00
   10671.000     0.992969       939786       142.22
   10679.000     0.993750       941918       160.00
   10679.000     0.994531       941918       182.86
   10679.000     0.995313       941918       213.33
   10687.000     0.996094       943234       256.00
   10687.000     0.996484       943234       284.44
   10695.000     0.996875       944052       320.00
   10695.000     0.997266       944052       365.71
   10695.000     0.997656       944052       426.67
   10703.000     0.998047       944590       512.00
   10703.000     0.998242       944590       568.89
   10711.000     0.998437       944912       640.00
   10719.000     0.998633       945105       731.43
   10727.000     0.998828       945206       853.33
   10743.000     0.999023       945361      1024.00
   10759.000     0.999121       945418      1137.78
   10791.000     0.999219       945521      1280.00
   10815.000     0.999316       945586      1462.86
   10983.000     0.999414       945679      1706.67
   11231.000     0.999512       945773      2048.00
   11559.000     0.999561       945821      2275.56
   11911.000     0.999609       945866      2560.00
   12223.000     0.999658       945911      2925.71
   12543.000     0.999707       945958      3413.33
   12895.000     0.999756       946001      4096.00
   13063.000     0.999780       946025      4551.11
   13239.000     0.999805       946048      5120.00
   13447.000     0.999829       946071      5851.43
   13623.000     0.999854       946093      6826.67
   13743.000     0.999878       946116      8192.00
   13895.000     0.999890       946133      9102.22
   13975.000     0.999902       946139     10240.00
   14071.000     0.999915       946155     11702.86
   14135.000     0.999927       946167     13653.33
   14247.000     0.999939       946178     16384.00
   14287.000     0.999945       946180     18204.44
   14343.000     0.999951       946189     20480.00
   14391.000     0.999957       946195     23405.71
   14439.000     0.999963       946200     27306.67
   14495.000     0.999969       946204     32768.00
   14503.000     0.999973       946210     36408.89
   14503.000     0.999976       946210     40960.00
   14551.000     0.999979       946222     46811.43
   14551.000     0.999982       946222     54613.33
   14551.000     0.999985       946222     65536.00
   14551.000     0.999986       946222     72817.78
   14551.000     0.999988       946222     81920.00
   14551.000     0.999989       946222     93622.86
   14591.000     0.999991       946223    109226.67
   14599.000     0.999992       946229    131072.00
   14599.000     0.999993       946229    145635.56
   14599.000     0.999994       946229    163840.00
   14599.000     0.999995       946229    187245.71
   14599.000     0.999995       946229    218453.33
   14599.000     0.999996       946229    262144.00
   14599.000     0.999997       946229    291271.11
   14599.000     0.999997       946229    327680.00
   14599.000     0.999997       946229    374491.43
   14599.000     0.999998       946229    436906.67
   14663.000     0.999998       946231    524288.00
   14663.000     1.000000       946231          inf
#[Mean    =    10554.873, StdDeviation   =       87.049]
#[Max     =    14663.000, Total count    =       946231]
#[Buckets =            4, SubBuckets     =         2048]
