       Value   Percentile   TotalCount 1/(1-Percentile)

     220.000     0.000000            1         1.00
    4463.000     0.100000      1079633         1.11
    4907.000     0.200000      2150451         1.25
    5303.000     0.300000      3223549         1.43
    5659.000     0.400000      4286858         1.67
    6131.000     0.500000      5364642         2.00
    6431.000     0.550000      5898641         2.22
    6815.000     0.600000      6430297         2.50
    7179.000     0.650000      6968823         2.86
    7619.000     0.700000      7505021         3.33
    8479.000     0.750000      8039352         4.00
    8959.000     0.775000      8306836         4.44
    9351.000     0.800000      8574776         5.00
    9687.000     0.825000      8845013         5.71
    9999.000     0.850000      9113057         6.67
   10295.000     0.875000      9385034         8.00
   10447.000     0.887500      9516457         8.89
   10623.000     0.900000      9650392        10.00
   10807.000     0.912500      9779431        11.43
   10999.000     0.925000      9914647        13.33
   11223.000     0.937500     10051237        16.00
   11335.000     0.943750     10115042        17.78
   11471.000     0.950000     10184715        20.00
   11607.000     0.956250     10248458        22.86
   11759.000     0.962500     10316130        26.67
   11919.000     0.968750     10384267        32.00
   12007.000     0.971875     10417678        35.56
   12103.000     0.975000     10451330        40.00
   12199.000     0.978125     10485307        45.71
   12303.000     0.981250     10516181        53.33
   12447.000     0.984375     10551174        64.00
   12527.000     0.985938     10567640        71.11
   12615.000     0.987500     10583010        80.00
   12735.000     0.989062     10600402        91.43
   12903.000     0.990625     10616818       106.67
   13111.000     0.992188     10633798       128.00
   13239.000     0.992969     10641898       142.22
   13447.000     0.993750     10649968       160.00
   13751.000     0.994531     10658405       182.86
   14487.000     0.995313     10666699       213.33
   16927.000     0.996094     10675088       256.00
   19343.000     0.996484     10679292       284.44
   21439.000     0.996875     10683444       320.00
   25311.000     0.997266     10687643       365.71
   27231.000     0.997656     10691843       426.67
   29695.000     0.998047     10696010       512.00
   30431.000     0.998242     10698095       568.89
   31455.000     0.998437     10700241       640.00
   32863.000     0.998633     10702286       731.43
   35103.000     0.998828     10704414       853.33
   37663.000     0.999023     10706474      1024.00
   38527.000     0.999121     10707542      1137.78
   39519.000     0.999219     10708576      1280.00
   40415.000     0.999316     10709641      1462.86
   41951.000     0.999414     10710655      1706.67
   43359.000     0.999512     10711778      2048.00
   43775.000     0.999561     10712237      2275.56
   44415.000     0.999609     10712772      2560.00
   45375.000     0.999658     10713301      2925.71
   45919.000     0.999707     10713795      3413.33
   46463.000     0.999756     10714326      4096.00
   46783.000     0.999780     10714593      4551.11
   47295.000     0.999805     10714849      5120.00
   47743.000     0.999829     10715126      5851.43
   48159.000     0.999854     10715424      6826.67
   48895.000     0.999878     10715636      8192.00
   49375.000     0.999890     10715757      9102.22
   49951.000     0.999902     10715913     10240.00
   50591.000     0.999915     10716041     11702.86
   50751.000     0.999927     10716153     13653.33
   50975.000     0.999939     10716288     16384.00
   52031.000     0.999945     10716363     18204.44
   52191.000     0.999951     10716425     20480.00
   52351.000     0.999957     10716493     23405.71
   52511.000     0.999963     10716543     27306.67
   53407.000     0.999969     10716644     32768.00
   53407.000     0.999973     10716644     36408.89
   53471.000     0.999976     10716685     40960.00
   53503.000     0.999979     10716711     46811.43
   53535.000     0.999982     10716755     54613.33
   53567.000     0.999985     10716783     65536.00
   54335.000     0.999986     10716792     72817.78
   54367.000     0.999988     10716807     81920.00
   54527.000     0.999989     10716819     93622.86
   54591.000     0.999991     10716838    109226.67
   54751.000     0.999992     10716863    131072.00
   54751.000     0.999993     10716863    145635.56
   54783.000     0.999994     10716873    163840.00
   55103.000     0.999995     10716883    187245.71
   55135.000     0.999995     10716896    218453.33
   55135.000     0.999996     10716896    262144.00
   55167.000     0.999997     10716902    291271.11
   55167.000     0.999997     10716902    327680.00
   55711.000     0.999997     10716921    374491.43
   55711.000     0.999998     10716921    436906.67
   55711.000     0.999998     10716921    524288.00
   55711.000     0.999998     10716921    582542.22
   55711.000     0.999998     10716921    655360.00
   55711.000     0.999999     10716921    748982.86
   55711.000     0.999999     10716921    873813.33
   55743.000     0.999999     10716933   1048576.00
   55743.000     1.000000     10716933          inf
#[Mean    =     6969.336, StdDeviation   =     2815.669]
#[Max     =    55743.000, Total count    =     10716933]
#[Buckets =            6, SubBuckets     =         2048]
