       Value   Percentile   TotalCount 1/(1-Percentile)

     103.000     0.000000            1         1.00
    4367.000     0.100000       138427         1.11
    9175.000     0.200000       277045         1.25
   15391.000     0.300000       415241         1.43
   28591.000     0.400000       553681         1.67
   46527.000     0.500000       692085         2.00
   60191.000     0.550000       761276         2.22
   79487.000     0.600000       830440         2.50
  109951.000     0.650000       899698         2.86
  151935.000     0.700000       968996         3.33
  211839.000     0.750000      1038024         4.00
  250367.000     0.775000      1072685         4.44
  297983.000     0.800000      1107367         5.00
  355583.000     0.825000      1141847         5.71
  422655.000     0.850000      1176511         6.67
  503039.000     0.875000      1211120         8.00
  548863.000     0.887500      1228450         8.89
  602623.000     0.900000      1245744        10.00
  669183.000     0.912500      1262933        11.43
  754687.000     0.925000      1280218        13.33
  859647.000     0.937500      1297518        16.00
  915455.000     0.943750      1306226        17.78
  968703.000     0.950000      1314848        20.00
 1032191.000     0.956250      1323471        22.86
 1108991.000     0.962500      1332148        26.67
 1213439.000     0.968750      1340833        32.00
 1275903.000     0.971875      1345131        35.56
 1342463.000     0.975000      1349479        40.00
 1409023.000     0.978125      1353746        45.71
 1513471.000     0.981250      1358084        53.33
 1620991.000     0.984375      1362405        64.00
 1672191.000     0.985938      1364561        71.11
 1731583.000     0.987500      1366734        80.00
 1787903.000     0.989062      1368880        91.43
 1864703.000     0.990625      1371047       106.67
 1954815.000     0.992188      1373216       128.00
 2002943.000     0.992969      1374283       142.22
 2058239.000     0.993750      1375379       160.00
 2109439.000     0.994531      1376455       182.86
 2172927.000     0.995313      1377548       213.33
 2236415.000     0.996094      1378621       256.00
 2269183.000     0.996484      1379163       284.44
 2303999.000     0.996875      1379698       320.00
 2349055.000     0.997266      1380246       365.71
 2385919.000     0.997656      1380772       426.67
 2424831.000     0.998047      1381326       512.00
 2445311.000     0.998242      1381588       568.89
 2469887.000     0.998437      1381856       640.00
 2502655.000     0.998633      1382119       731.43
 2541567.000     0.998828      1382390       853.33
 2572287.000     0.999023      1382662      1024.00
 2586623.000     0.999121      1382815      1137.78
 2600959.000     0.999219      1382933      1280.00
 2617343.000     0.999316      1383072      1462.86
 2633727.000     0.999414      1383216      1706.67
 2652159.000     0.999512      1383341      2048.00
 2662399.000     0.999561      1383403      2275.56
 2674687.000     0.999609      1383477      2560.00
 2686975.000     0.999658      1383538      2925.71
 2701311.000     0.999707      1383607      3413.33
 2717695.000     0.999756      1383680      4096.00
 2723839.000     0.999780      1383713      4551.11
 2729983.000     0.999805      1383742      5120.00
 2738175.000     0.999829      1383785      5851.43
 2746367.000     0.999854      1383815      6826.67
 2754559.000     0.999878      1383846      8192.00
 2760703.000     0.999890      1383863      9102.22
 2766847.000     0.999902      1383879     10240.00
 2775039.000     0.999915      1383899     11702.86
 2785279.000     0.999927      1383913     13653.33
 2791423.000     0.999939      1383926     16384.00
 2797567.000     0.999945      1383935     18204.44
 2803711.000     0.999951      1383943     20480.00
 2813951.000     0.999957      1383954     23405.71
 2822143.000     0.999963      1383962     27306.67
 2828287.000     0.999969      1383969     32768.00
 2832383.000     0.999973      1383972     36408.89
 2838527.000     0.999976      1383977     40960.00
 2844671.000     0.999979      1383981     46811.43
 2850815.000     0.999982      1383985     54613.33
 2856959.000     0.999985      1383989     65536.00
 2859007.000     0.999986      1383991     72817.78
 2867199.000     0.999988      1383995     81920.00
 2869247.000     0.999989      1383996     93622.86
 2873343.000     0.999991      1383998    109226.67
 2881535.000     0.999992      1384000    131072.00
 2883583.000     0.999993      1384001    145635.56
 2889727.000     0.999994      1384003    163840.00
 2889727.000     0.999995      1384003    187245.71
 2895871.000     0.999995      1384004    218453.33
 2902015.000     0.999996      1384005    262144.00
 2904063.000     0.999997      1384007    291271.11
 2904063.000     0.999997      1384007    327680.00
 2904063.000     0.999997      1384007    374491.43
 2904063.000     0.999998      1384007    436906.67
 2908159.000     0.999998      1384009    524288.00
 2908159.000     0.999998      1384009    582542.22
 2908159.000     0.999998      1384009    655360.00
 2908159.000     0.999999      1384009    748982.86
 2908159.000     0.999999      1384009    873813.33
 2908159.000     0.999999      1384009   1048576.00
 2908159.000     0.999999      1384009   1165084.44
 2908159.000     0.999999      1384009   1310720.00
 2918399.000     0.999999      1384010   1497965.71
 2918399.000     1.000000      1384010          inf
#[Mean    =   201655.192, StdDeviation   =   364231.482]
#[Max     =  2918399.000, Total count    =      1384010]
#[Buckets =           12, SubBuckets     =         2048]
